Title,Price,Beds,Baths,Garage,Size_sqm,Location,Details_URL
4 Bedroom Apartment,2490000.0,4.0,35.0,2.0,,,
3 Bedroom House,1475000.0,3.0,1.0,2.0,659.0,,
4 Bedroom Townhouse,8995000.0,4.0,5.0,3.0,15959.0,,
5 Bedroom Townhouse,1080000.0,5.0,3.0,2.0,7347.0,"46 46taylorstreet,ramsgate, KwaZulu-Natal",
4 Bedroom House,3899000.0,4.0,3.0,5.0,1012.0,,
2 Bedroom Apartment,2850000.0,2.0,15.0,1.0,,84ab Compensation Beach Road,
3 Bedroom House,1150000.0,3.0,1.0,7.0,799.0,,
2 Bedroom Apartment,810000.0,2.0,1.0,2.0,,,
5 Bedroom House,8750000.0,5.0,6.0,2.0,,5 Kudu Road,
3 Bedroom Apartment,1850000.0,3.0,25.0,3.0,,,
1 Bedroom Apartment,2500000.0,1.0,1.0,1.0,,"725 Ss Pearlsky, 3b Lagoon Drive",
5 Bedroom House,12950000.0,5.0,45.0,4.0,1600.0,233 Hillside Road,
5 Bedroom House,1200000.0,5.0,4.0,5.0,452.0,,
2 Bedroom Apartment,750000.0,2.0,1.0,1.0,,,
3 Bedroom House,1150000.0,3.0,1.0,7.0,799.0,,
2 Bedroom Apartment,3800000.0,2.0,2.0,3.0,,8 Glendining Court,
3 Bedroom Townhouse,850000.0,3.0,25.0,3.0,1800.0,,
1 Bedroom Apartment,1340000.0,1.0,1.0,1.0,,,
4 Bedroom House,1190000.0,4.0,2.0,3.0,900.0,,
4 Bedroom House,1695000.0,4.0,35.0,6.0,1074.0,,
4 Bedroom House,5350000.0,4.0,3.0,5.0,1033.0,,
3 Bedroom Apartment,3800000.0,3.0,2.0,4.0,,55 Marine Drive,
2 Bedroom Apartment,720000.0,2.0,15.0,1.0,68.0,"202 Umdoni Heights, 2 Adams Street",
0.5 Bedroom Apartment,486000.0,5.0,1.0,1.0,,,
5 Bedroom House,5850000.0,5.0,3.0,2.0,1373.0,,
4 Bedroom Apartment,2450000.0,4.0,3.0,4.0,,"105 Juanita, 27 Duke Rd",
3 Bedroom Townhouse,2190000.0,3.0,2.0,2.0,261.0,1 Devon Place,
3 Bedroom Townhouse,2595000.0,3.0,25.0,2.0,3054.0,,
3 Bedroom House,5000000.0,3.0,35.0,3.0,928.0,91 Inanda Road,
2 Bedroom Townhouse,1175000.0,2.0,15.0,2.0,,"Cherry Lane, 129 Loon Road",
3 Bedroom House,4650000.0,3.0,3.0,4.0,286.0,,
3 Bedroom Apartment,3350000.0,3.0,2.0,2.0,,,
3 Bedroom Apartment,1740000.0,3.0,2.0,1.0,,,
1 Bedroom Apartment,750000.0,1.0,1.0,1.0,,405 Simbithi Drive,
6 Bedroom House,26000000.0,6.0,6.0,2.0,1376.0,8 Eastmoor Crescent,
1.5 Bedroom Apartment,750000.0,15.0,15.0,1.0,,"2 Montjoy, 7 Belmore Place",
2 Bedroom Apartment,1050000.0,2.0,1.0,3.0,,"35 Ss Fernwood Estate, 19 Fernleigh Road",
3 Bedroom Townhouse,950000.0,3.0,2.0,2.0,16614.0,8 Lynton Park 9 Aiken Place,
3 Bedroom Apartment,1295000.0,3.0,2.0,2.0,,450 Queen Elizabeth Avenue,
3 Bedroom Apartment,2800000.0,3.0,2.0,1.0,,,
4 Bedroom House,3350000.0,4.0,4.0,8.0,4834.0,6 Cypress Place,
1 Bedroom Apartment,750000.0,1.0,1.0,1.0,,405 Simbithi Drive,
2 Bedroom Apartment,2550000.0,2.0,2.0,1.0,,,
2 Bedroom Apartment,,2.0,1.0,,,Chelsea Court 67 Margaret Mncadi Avenue,
3 Bedroom House,935000.0,3.0,2.0,,,,
3 Bedroom Apartment,5500000.0,3.0,2.0,3.0,,,
3 Bedroom Townhouse,3900000.0,3.0,3.0,4.0,,,
2 Bedroom Apartment,970000.0,2.0,1.0,1.0,58.0,,
6 Bedroom House,3795000.0,6.0,4.0,6.0,1039.0,,
1 Bedroom Apartment,650000.0,1.0,1.0,1.0,,,
5 Bedroom House,1980000.0,5.0,3.0,7.0,1442.0,,
2 Bedroom Townhouse,695000.0,2.0,2.0,1.0,7122.0,4 Will O Sue 658 Marlin Drive,
2 Bedroom Apartment,685000.0,2.0,2.0,1.0,,"6 Ss Mer Bleue, 2 Dean Drive",
Apartment,290000.0,,,,,,
1.5 Bedroom Apartment,600000.0,15.0,1.0,1.0,,"19 Charles Strachan Road, 13 King Cetshwayo Highway",
24 Bedroom House,25000000.0,24.0,24.0,13.0,1200.0,,
24 Bedroom House,25000000.0,24.0,24.0,13.0,1200.0,,
2 Bedroom House,1870000.0,2.0,2.0,1.0,350.0,"Serenity Hills, 2 Stillwater Way",
4 Bedroom Townhouse,1349000.0,4.0,25.0,2.0,13358.0,,
3 Bedroom House,2050000.0,3.0,2.0,2.0,700.0,,
4 Bedroom House,1495000.0,4.0,25.0,5.0,1050.0,,
2 Bedroom Townhouse,2095000.0,2.0,2.0,2.0,9320.0,14d Beryldene Road,
3 Bedroom Apartment,4100000.0,3.0,2.0,2.0,,,
2 Bedroom Apartment,3300000.0,2.0,2.0,2.0,,,
2 Bedroom Apartment,575000.0,2.0,1.0,1.0,,,
5 Bedroom House,2995000.0,5.0,5.0,8.0,3700.0,,
3 Bedroom Townhouse,1995000.0,3.0,2.0,2.0,,,
1 Bedroom Apartment,1450000.0,1.0,1.0,1.0,,,
4 Bedroom Apartment,7500000.0,4.0,45.0,4.0,,,
6 Bedroom House,15995000.0,6.0,7.0,36.0,3803.0,,
3 Bedroom House,1250000.0,3.0,,,974.0,,
3 Bedroom House,1885000.0,3.0,2.0,2.0,1040.0,,
3 Bedroom Apartment,2150000.0,3.0,2.0,2.0,,,
2 Bedroom House,690000.0,2.0,1.0,2.0,,,
4 Bedroom Apartment,5350000.0,4.0,45.0,2.0,,,
2 Bedroom Apartment,715000.0,2.0,1.0,2.0,72.0,,
4 Bedroom Townhouse,1315000.0,4.0,2.0,1.0,148.0,,
3 Bedroom Townhouse,1399000.0,3.0,2.0,3.0,,,
5 Bedroom House,2995000.0,5.0,5.0,8.0,3700.0,,
3 Bedroom Apartment,2690000.0,3.0,2.0,1.0,,,
4 Bedroom House,975000.0,4.0,2.0,4.0,385.0,,
2 Bedroom Apartment,1980000.0,2.0,1.0,1.0,,,
3 Bedroom Apartment,3800000.0,3.0,2.0,2.0,,,
2 Bedroom Apartment,630000.0,2.0,1.0,,,,
1 Bedroom Apartment,450000.0,1.0,1.0,,,,
2 Bedroom Townhouse,1245000.0,2.0,2.0,1.0,,,
2 Bedroom Apartment,710000.0,2.0,1.0,,,,
4 Bedroom House,990000.0,4.0,2.0,1.0,,,
2 Bedroom Apartment,925000.0,2.0,1.0,,,,
3 Bedroom House,550000.0,3.0,1.0,1.0,545.0,,
4 Bedroom House,375000.0,4.0,1.0,1.0,450.0,,
Apartment,140000.0,,1.0,,,,
2 Bedroom House,995000.0,2.0,2.0,,,,
House,280000.0,,,,,,
2 Bedroom Apartment,1399000.0,2.0,15.0,1.0,,,
4 Bedroom Apartment,1050000.0,4.0,1.0,2.0,,,
3 Bedroom Townhouse,3200000.0,3.0,2.0,3.0,,,
2 Bedroom House,595000.0,2.0,1.0,,,,
4 Bedroom House,990000.0,4.0,2.0,1.0,,,
2 Bedroom House,220000.0,2.0,,,,,
1 Bedroom Apartment,1550000.0,1.0,1.0,1.0,6438.0,,
3 Bedroom Apartment,7995000.0,3.0,3.0,2.0,,,
3 Bedroom Apartment,625000.0,3.0,1.0,1.0,,,
3 Bedroom House,890000.0,3.0,3.0,,,,
3 Bedroom House,700000.0,3.0,1.0,,375.0,,
5 Bedroom House,19500000.0,5.0,4.0,3.0,1827.0,36 Horsewood Drive,
3 Bedroom Apartment,3150000.0,3.0,2.0,2.0,,,
3 Bedroom Apartment,1850000.0,3.0,2.0,1.0,,,
2 Bedroom Apartment,795000.0,2.0,2.0,1.0,,"104 Seabrook Flats, 8 Panorama Parade",
3 Bedroom Townhouse,1535000.0,3.0,2.0,3.0,1620000.0,Faerie Glen 1 Canterbury Rd,
3 Bedroom House,1050000.0,3.0,2.0,3.0,1012.0,,
4 Bedroom House,6925000.0,4.0,4.0,22.0,,,
3 Bedroom Townhouse,4950000.0,3.0,35.0,3.0,,21 Sibaya Drive,
1 Bedroom Apartment,485000.0,1.0,1.0,,,,
2 Bedroom Apartment,3000000.0,2.0,2.0,2.0,,"103 Ss Zimbali Hotel AND Resort, 5 Corkwood Drive, Unit 103 Zimbali Suites",
3 Bedroom Apartment,5899999.0,3.0,3.0,4.0,,"18 One On Seaton, 1 Seaton Boulevard",
3 Bedroom House,3700000.0,3.0,2.0,6.0,1784.0,,
2 Bedroom Apartment,699000.0,2.0,1.0,1.0,,,
5 Bedroom Apartment,8500000.0,5.0,35.0,4.0,,1 First Avenue,
3 Bedroom Apartment,3000000.0,3.0,2.0,2.0,,"70 The Shades, 23 Weaver Crescent",
4 Bedroom House,3850000.0,4.0,4.0,4.0,1647.0,,
2 Bedroom Apartment,1200000.0,2.0,2.0,1.0,,"Pasadena Court, 21 Marine Parade,south Beach",
1 Bedroom Apartment,1250000.0,1.0,1.0,1.0,,,
4 Bedroom House,2999000.0,4.0,35.0,8.0,2399.0,,
3 Bedroom Apartment,1850000.0,3.0,2.0,1.0,,,
3 Bedroom Apartment,2280000.0,3.0,2.0,2.0,,,
2 Bedroom Apartment,425000.0,2.0,1.0,1.0,,,
5 Bedroom House,2790000.0,5.0,4.0,,,,
2 Bedroom House,750000.0,2.0,2.0,2.0,,23 Jaccaranda,
3 Bedroom House,620000.0,3.0,2.0,2.0,500.0,,
1 Bedroom Apartment,700000.0,1.0,1.0,,,,
House,900000.0,,,,,,
0.5 Bedroom Apartment,330000.0,5.0,1.0,,,,
2 Bedroom Townhouse,850000.0,2.0,2.0,1.0,,,
House,3100000.0,,,,627.0,,
1 Bedroom Apartment,645000.0,1.0,1.0,,,,
3 Bedroom Apartment,1050000.0,3.0,25.0,1.0,,,
3 Bedroom House,630000.0,3.0,1.0,2.0,632.0,,
3 Bedroom House,620000.0,3.0,2.0,2.0,500.0,,
2 Bedroom Apartment,690000.0,2.0,1.0,1.0,,,
12 Bedroom Apartment,1300000.0,12.0,12.0,,437.0,,
6 Bedroom House,1150000.0,6.0,4.0,,667.0,,
1.5 Bedroom Apartment,775000.0,15.0,15.0,,,,
5 Bedroom House,2850000.0,5.0,5.0,3.0,,,
4 Bedroom House,490000.0,4.0,1.0,,,,
2 Bedroom House,2800000.0,2.0,2.0,,,,
4 Bedroom House,690000.0,4.0,2.0,,565.0,,
2 Bedroom Townhouse,400000.0,2.0,1.0,1.0,260538.0,,
2 Bedroom Apartment,730000.0,2.0,1.0,1.0,,,
3 Bedroom House,3650000.0,3.0,3.0,5.0,,,
2 Bedroom Townhouse,1199000.0,2.0,1.0,1.0,,,
2 Bedroom Apartment,1595000.0,2.0,1.0,1.0,,,
3 Bedroom Apartment,2074000.0,3.0,2.0,2.0,,,
2 Bedroom Apartment,1595000.0,2.0,1.0,1.0,,,
3 Bedroom Townhouse,700000.0,3.0,1.0,,240.0,,
3 Bedroom Apartment,6250000.0,3.0,3.0,4.0,,,
2 Bedroom Townhouse,3749000.0,2.0,2.0,3.0,,,
3 Bedroom Townhouse,1700000.0,3.0,2.0,2.0,156.0,,
3 Bedroom Apartment,1090000.0,3.0,3.0,1.0,,,
5 Bedroom House,8950000.0,5.0,5.0,5.0,640.0,,
1 Bedroom Apartment,970000.0,1.0,1.0,1.0,,,
2 Bedroom Apartment,890000.0,2.0,2.0,1.0,,,
2 Bedroom Townhouse,859000.0,2.0,1.0,2.0,,,
4 Bedroom House,2950000.0,4.0,3.0,2.0,1367.0,,
3 Bedroom Townhouse,2550000.0,3.0,2.0,4.0,18976.0,,
2 Bedroom Apartment,1080000.0,2.0,1.0,1.0,,,
3 Bedroom Apartment,1795000.0,3.0,2.0,2.0,,,
3 Bedroom Townhouse,1550000.0,3.0,2.0,2.0,7771.0,,
3 Bedroom Apartment,3850000.0,3.0,2.0,2.0,,,
2 Bedroom Townhouse,830000.0,2.0,1.0,1.0,,,
3 Bedroom House,790000.0,3.0,1.0,2.0,240.0,,
3 Bedroom House,2500000.0,3.0,2.0,,1012.0,,
2 Bedroom Apartment,1195000.0,2.0,1.0,1.0,,800 Lee Barnes Boulevard Dolphin Coast Ballito,
4 Bedroom House,1395000.0,4.0,2.0,,2726.0,10 East Avenue,
1 Bedroom Apartment,300000.0,1.0,1.0,,,,
4 Bedroom House,2800000.0,4.0,35.0,2.0,1468.0,,
2 Bedroom Apartment,599000.0,2.0,2.0,2.0,,9 Canterbury Drive,
1.5 Bedroom Apartment,775000.0,15.0,1.0,,,"806 Mangrove Beach Centre, 91 Somtseu Road",
1.5 Bedroom Apartment,795000.0,15.0,1.0,1.0,,,
4 Bedroom House,2350000.0,4.0,35.0,4.0,909.0,,
2 Bedroom Apartment,960000.0,2.0,15.0,1.0,,,
1 Bedroom House,430000.0,1.0,1.0,1.0,636.0,"45 Eden Gardens, 75 Gladys Mazibuko Road",
2 Bedroom Apartment,1195000.0,2.0,1.0,1.0,,800 Lee Barnes Boulevard Dolphin Coast Ballito,
2.5 Bedroom Apartment,550000.0,25.0,15.0,1.0,,,
3 Bedroom Apartment,915000.0,3.0,1.0,1.0,,28 New England Road,
5 Bedroom House,1350000.0,5.0,3.0,6.0,300.0,,
2 Bedroom Apartment,1950000.0,2.0,2.0,1.0,,6 Summit Row,
4 Bedroom Apartment,5900000.0,4.0,45.0,2.0,,,
4 Bedroom House,4495000.0,4.0,35.0,2.0,666.0,,
1 Bedroom Apartment,1999000.0,1.0,1.0,1.0,,,
8 Bedroom Apartment,2700000.0,8.0,4.0,15.0,,,
3 Bedroom House,11200000.0,3.0,35.0,4.0,,,
3 Bedroom Apartment,1195000.0,3.0,2.0,2.0,89.0,,
1 Bedroom Apartment,379000.0,1.0,1.0,,,,
1 Bedroom Apartment,975000.0,1.0,1.0,1.0,,,
3 Bedroom House,850000.0,3.0,1.0,1.0,262.0,,
3 Bedroom Townhouse,1450000.0,3.0,2.0,2.0,,,
Apartment,1800000.0,,1.0,1.0,,,
2 Bedroom House,515000.0,2.0,1.0,,264.0,,
3 Bedroom Apartment,520000.0,3.0,1.0,1.0,,,
1 Bedroom Apartment,470000.0,1.0,1.0,,34.0,,
2 Bedroom Apartment,2299000.0,2.0,2.0,,,North Beach Road,
1 Bedroom Apartment,640000.0,1.0,1.0,,,,
4 Bedroom House,1399000.0,4.0,3.0,4.0,,,
3 Bedroom House,999000.0,3.0,2.0,4.0,,,
1 Bedroom Apartment,865000.0,1.0,1.0,1.0,,,
1 Bedroom House,450000.0,1.0,1.0,4.0,228.0,,
3 Bedroom Apartment,520000.0,3.0,1.0,1.0,,,
1 Bedroom Townhouse,1895000.0,1.0,1.0,1.0,,,
Apartment,560000.0,,,,,,
1 Bedroom Apartment,900000.0,1.0,1.0,,,,
1 Bedroom Apartment,295000.0,1.0,1.0,,,,
1 Bedroom Apartment,1080000.0,1.0,1.0,1.0,,,
3 Bedroom Townhouse,4500000.0,3.0,3.0,3.0,9614.0,,
3 Bedroom House,3995000.0,3.0,3.0,8.0,609.0,,
1 Bedroom Apartment,850000.0,1.0,1.0,1.0,,,
2 Bedroom Apartment,2650000.0,2.0,2.0,2.0,,,
3 Bedroom Apartment,3600000.0,3.0,2.0,1.0,,,
3 Bedroom Apartment,1295000.0,3.0,2.0,1.0,,,
4 Bedroom House,1620000.0,4.0,25.0,6.0,747.0,Ivy Street,
3 Bedroom House,1250000.0,3.0,2.0,3.0,992.0,,
3 Bedroom Apartment,1699000.0,3.0,2.0,1.0,,,
2 Bedroom Apartment,695000.0,2.0,2.0,1.0,,"6 Westview, 468 King Cetshwayo Highway",
2 Bedroom Apartment,1695000.0,2.0,15.0,,,,
2 Bedroom Apartment,795000.0,2.0,1.0,1.0,,70 Sixth Avenue,
1 Bedroom Apartment,560000.0,1.0,2.0,1.0,,,
1 Bedroom Apartment,490000.0,1.0,1.0,2.0,,,
2 Bedroom Apartment,1800000.0,2.0,2.0,2.0,,,
2 Bedroom House,925000.0,2.0,1.0,2.0,471.0,90 Camper Drive,
4 Bedroom House,1500000.0,4.0,3.0,4.0,1029.0,,
4 Bedroom House,1620000.0,4.0,25.0,6.0,747.0,Ivy Street,
1.5 Bedroom Apartment,650000.0,15.0,1.0,1.0,,"24 Tremley, 15 Ebor Avenue",
2 Bedroom Apartment,1495000.0,2.0,2.0,1.0,,,
3 Bedroom Apartment,3070000.0,3.0,2.0,1.0,,,
3 Bedroom Apartment,1450000.0,3.0,2.0,2.0,,"7 Ss Whale Rock, 117 Marine Drive",
5 Bedroom House,3900000.0,5.0,3.0,12.0,1502.0,,
3 Bedroom Apartment,750000.0,3.0,1.0,1.0,,,
2 Bedroom Apartment,2850000.0,2.0,2.0,2.0,,,
2 Bedroom Apartment,1250000.0,2.0,1.0,,,,
Apartment,300000.0,,1.0,,,,
2 Bedroom Apartment,5500000.0,2.0,2.0,2.0,,,
2 Bedroom Apartment,2500000.0,2.0,2.0,2.0,,,
4 Bedroom House,16000000.0,4.0,45.0,2.0,900.0,,
3 Bedroom Apartment,4300000.0,3.0,2.0,4.0,,,
3 Bedroom Apartment,930000.0,3.0,2.0,1.0,,,
2 Bedroom Apartment,1054000.0,2.0,2.0,1.0,,,
3 Bedroom Apartment,1175000.0,3.0,2.0,1.0,,,
2 Bedroom Apartment,890000.0,2.0,2.0,1.0,,,
1 Bedroom Apartment,595000.0,1.0,1.0,1.0,,,
2 Bedroom Apartment,880000.0,2.0,1.0,1.0,,,
5 Bedroom House,2790000.0,5.0,35.0,3.0,1295.0,,
5 Bedroom House,2790000.0,5.0,35.0,3.0,1295.0,,
3 Bedroom House,980000.0,3.0,1.0,4.0,297.0,,
3 Bedroom House,1070000.0,3.0,2.0,2.0,381.0,,
3 Bedroom Apartment,1800000.0,3.0,2.0,1.0,,,
3 Bedroom Apartment,2950000.0,3.0,2.0,2.0,,,
2 Bedroom House,480000.0,2.0,1.0,,482.0,,
1 Bedroom Apartment,590000.0,1.0,1.0,1.0,,,
1 Bedroom Apartment,795000.0,1.0,1.0,1.0,,,
3 Bedroom House,1780000.0,3.0,2.0,3.0,689.0,,
6 Bedroom House,2485000.0,6.0,6.0,2.0,2019.0,,
1 Bedroom House,290000.0,1.0,,4.0,375.0,,
2 Bedroom Apartment,3708532.0,2.0,2.0,2.0,,,
1 Bedroom Apartment,590000.0,1.0,1.0,1.0,,,
4 Bedroom House,4250000.0,4.0,3.0,4.0,202.0,,
5 Bedroom House,2990000.0,5.0,45.0,1.0,1130.0,,
5 Bedroom House,12500000.0,5.0,55.0,8.0,1798.0,,
2 Bedroom Apartment,899000.0,2.0,2.0,1.0,,,
2.5 Bedroom Townhouse,1100000.0,25.0,1.0,,,,
4 Bedroom House,1150000.0,4.0,2.0,1.0,,,
4 Bedroom House,990000.0,4.0,3.0,2.0,1423.0,,
2 Bedroom Apartment,1600000.0,2.0,2.0,2.0,,,
1 Bedroom Apartment,1275000.0,1.0,1.0,2.0,,,
3 Bedroom House,980000.0,3.0,2.0,,200.0,,
3 Bedroom Apartment,2350000.0,3.0,2.0,2.0,,,
3 Bedroom House,3300000.0,3.0,2.0,2.0,,,
5 Bedroom House,1699999.0,5.0,35.0,6.0,2023.0,,
3 Bedroom House,1600000.0,3.0,2.0,4.0,1085.0,,
1 Bedroom Townhouse,270000.0,1.0,1.0,,,263 Musgrave Road,
3 Bedroom House,2999000.0,3.0,2.0,12.0,11735.0,27 Nicolls Walk,
9 Bedroom House,4150000.0,9.0,8.0,12.0,3215.0,,
Apartment,475000.0,,1.0,,,,
3 Bedroom House,1550000.0,3.0,1.0,2.0,1611.0,,
4 Bedroom House,2940000.0,4.0,3.0,,,,
4 Bedroom House,1195000.0,4.0,2.0,4.0,218.0,,
2 Bedroom Apartment,1350000.0,2.0,1.0,1.0,,84 Somtseu Road,
3 Bedroom Townhouse,1150000.0,3.0,2.0,2.0,,,
2 Bedroom Apartment,779000.0,2.0,2.0,1.0,,,
5 Bedroom House,8900000.0,5.0,35.0,6.0,10512.0,,
3 Bedroom House,1600000.0,3.0,2.0,4.0,1085.0,,
4 Bedroom House,4495000.0,4.0,3.0,3.0,1976.0,461 Shad Drive,
3 Bedroom Apartment,3695000.0,3.0,2.0,2.0,,,
3 Bedroom Townhouse,5050000.0,3.0,2.0,3.0,40472.0,24 The Sanctuary,
4 Bedroom House,5895000.0,4.0,4.0,6.0,1099.0,90 Svea Avenue,
4 Bedroom House,1499000.0,4.0,3.0,3.0,1035.0,,
7 Bedroom House,3950000.0,7.0,7.0,3.0,1045.0,92 Esselmont Avenue,
2 Bedroom House,500000.0,2.0,1.0,2.0,336.0,,
3 Bedroom Townhouse,1350000.0,3.0,25.0,2.0,4726.0,,
3 Bedroom Townhouse,3495000.0,3.0,25.0,2.0,5713.0,"7 Ss Chaka Sands, 21 Ocean Drive",
1.5 Bedroom Apartment,750000.0,15.0,1.0,1.0,,,
5 Bedroom House,1299000.0,5.0,2.0,16.0,1001.0,,
3 Bedroom House,1200000.0,3.0,2.0,2.0,,,
3 Bedroom House,3900000.0,3.0,3.0,1.0,,,
3 Bedroom House,1200000.0,3.0,1.0,3.0,475.0,39 Castle Crescent,
Apartment,475000.0,,,,,,
3 Bedroom Townhouse,1350000.0,3.0,25.0,2.0,4726.0,,
3 Bedroom House,1500000.0,3.0,2.0,1.0,,,
4 Bedroom House,8950000.0,4.0,35.0,5.0,1226.0,,
2 Bedroom Apartment,5875000.0,2.0,2.0,2.0,,,
3 Bedroom House,820000.0,3.0,1.0,2.0,361.0,,
3 Bedroom Townhouse,2900000.0,3.0,35.0,,4778.0,"9 Horizon Edge, 112 Mount Edgecome Drive",
4 Bedroom House,1350000.0,4.0,2.0,6.0,344.0,,
4 Bedroom House,1450000.0,4.0,2.0,13.0,1448.0,,
4 Bedroom House,1100000.0,4.0,2.0,8.0,506.0,,
3 Bedroom House,2200000.0,3.0,2.0,6.0,2031.0,,
4 Bedroom Townhouse,8109551.0,4.0,45.0,2.0,289.0,,
3 Bedroom Townhouse,710000.0,3.0,1.0,3.0,,,
4 Bedroom House,2395000.0,4.0,2.0,4.0,3041.0,,
4 Bedroom House,750000.0,4.0,2.0,,600.0,,
1 Bedroom Apartment,900000.0,1.0,1.0,1.0,,,
3 Bedroom House,850000.0,3.0,15.0,,276.0,,
1 Bedroom Apartment,650000.0,1.0,1.0,1.0,,,
4 Bedroom Townhouse,8608867.0,4.0,45.0,2.0,305.0,,
3 Bedroom House,2800000.0,3.0,3.0,4.0,,,
3 Bedroom House,1780000.0,3.0,2.0,2.0,1509.0,,
3 Bedroom Townhouse,5695000.0,3.0,35.0,2.0,,,
3 Bedroom Apartment,3500000.0,3.0,2.0,1.0,2124.0,,
3 Bedroom House,2380000.0,3.0,2.0,6.0,976.0,,
2 Bedroom Apartment,2650000.0,2.0,1.0,1.0,,,
4 Bedroom House,2190000.0,4.0,2.0,7.0,1845.0,,
2 Bedroom Apartment,755000.0,2.0,1.0,2.0,,,
2 Bedroom Townhouse,869000.0,2.0,2.0,2.0,89896.0,,
2 Bedroom Townhouse,690000.0,2.0,1.0,1.0,49954.0,,
6 Bedroom House,2300000.0,6.0,4.0,1.0,809.0,,
2 Bedroom Apartment,770000.0,2.0,15.0,1.0,,,
3 Bedroom Apartment,3500000.0,3.0,2.0,1.0,2124.0,,
3 Bedroom Townhouse,3400000.0,3.0,2.0,2.0,1015.0,,
2 Bedroom Apartment,1095000.0,2.0,2.0,2.0,,,
4 Bedroom House,2600000.0,4.0,2.0,8.0,620.0,,
5 Bedroom House,10900000.0,5.0,6.0,7.0,1253.0,,
2 Bedroom Apartment,500000.0,2.0,1.0,6.0,,,
4 Bedroom Apartment,1450000.0,4.0,2.0,2.0,,16 Glenturret Road,
2 Bedroom Apartment,1245000.0,2.0,1.0,2.0,,90 Oakleigh Drive,
2 Bedroom Townhouse,1290000.0,2.0,1.0,1.0,4911.0,,
3 Bedroom House,1150000.0,3.0,2.0,,264.0,,
2 Bedroom Apartment,3200000.0,2.0,2.0,3.0,,,
3 Bedroom House,600000.0,3.0,2.0,2.0,337.0,,
3 Bedroom Apartment,1090000.0,3.0,2.0,1.0,,,
16 Bedroom House,16000000.0,16.0,16.0,6.0,19760.0,,
1 Bedroom Apartment,1195000.0,1.0,1.0,,,,
1 Bedroom Apartment,820000.0,1.0,1.0,1.0,,,
3 Bedroom Apartment,1275000.0,3.0,2.0,1.0,,,
3 Bedroom House,600000.0,3.0,2.0,2.0,337.0,,
3 Bedroom Apartment,795000.0,3.0,2.0,2.0,,,
4 Bedroom House,2995000.0,4.0,6.0,6.0,982.0,,
3 Bedroom Apartment,990000.0,3.0,2.0,2.0,,,
4 Bedroom House,1548000.0,4.0,3.0,4.0,1389.0,,
3 Bedroom Townhouse,1990000.0,3.0,2.0,2.0,,"32 Westbrook Forest Lodge, 21 Malcolm Welfare Circle",
0.5 Bedroom Apartment,1100000.0,5.0,1.0,1.0,,,
3 Bedroom House,920000.0,3.0,2.0,3.0,1009.0,,
5 Bedroom House,849000.0,5.0,2.0,2.0,,,
3 Bedroom Townhouse,3200000.0,3.0,25.0,2.0,,,
4 Bedroom House,1800000.0,4.0,3.0,2.0,,,
4 Bedroom House,2890000.0,4.0,3.0,6.0,2023.0,,
2 Bedroom Apartment,1580000.0,2.0,2.0,2.0,,,
4 Bedroom House,1495000.0,4.0,4.0,3.0,2088.0,,
3 Bedroom House,2700000.0,3.0,2.0,5.0,864.0,,
3 Bedroom Apartment,1375000.0,3.0,2.0,2.0,,,
3 Bedroom Apartment,1100000.0,3.0,2.0,3.0,89896.0,,
3 Bedroom House,1100000.0,3.0,2.0,5.0,427.0,,
3 Bedroom Townhouse,715000.0,3.0,1.0,1.0,5173.0,,
3 Bedroom Townhouse,2999000.0,3.0,2.0,4.0,162.0,,
4 Bedroom House,2600000.0,4.0,4.0,4.0,900.0,,
3 Bedroom Townhouse,1990000.0,3.0,2.0,2.0,,"32 Westbrook Forest Lodge, 21 Malcolm Welfare Circle",
8 Bedroom House,15990000.0,8.0,8.0,8.0,1343.0,,
1 Bedroom Apartment,500000.0,1.0,1.0,1.0,,,
4 Bedroom House,1695000.0,4.0,2.0,6.0,1269.0,,
3 Bedroom Apartment,585000.0,3.0,1.0,1.0,,,
7 Bedroom House,2750000.0,7.0,7.0,2.0,2023.0,,
4 Bedroom House,14990000.0,4.0,45.0,4.0,1478.0,,
3 Bedroom House,995000.0,3.0,1.0,1.0,,,
3 Bedroom Apartment,1595000.0,3.0,2.0,1.0,,,
3 Bedroom House,1780000.0,3.0,15.0,3.0,1904.0,,
4 Bedroom House,2250000.0,4.0,1.0,,3612.0,,
3 Bedroom Apartment,810000.0,3.0,1.0,2.0,,,
3 Bedroom Apartment,1150000.0,3.0,2.0,,,,
7 Bedroom House,1750000.0,7.0,4.0,3.0,1553.0,,
3 Bedroom House,650000.0,3.0,1.0,4.0,456.0,,
7 Bedroom House,2750000.0,7.0,7.0,2.0,2023.0,,
3 Bedroom Apartment,550000.0,3.0,2.0,1.0,,,
7 Bedroom House,1450000.0,7.0,4.0,2.0,427.0,,
7 Bedroom House,4885000.0,7.0,5.0,2.0,1364.0,,
2.5 Bedroom Apartment,650000.0,25.0,15.0,1.0,,,
3 Bedroom House,890000.0,3.0,1.0,4.0,973.0,,
8 Bedroom House,1850000.0,8.0,6.0,7.0,1940.0,,
4 Bedroom House,4950000.0,4.0,45.0,16.0,779.0,,
3 Bedroom House,899000.0,3.0,1.0,2.0,190.0,,
3 Bedroom House,960000.0,3.0,1.0,1.0,146.0,,
4 Bedroom House,1590000.0,4.0,25.0,5.0,,,
2 Bedroom Apartment,1700000.0,2.0,2.0,1.0,,,
3 Bedroom Townhouse,995000.0,3.0,2.0,2.0,5324.0,,
6 Bedroom House,3000000.0,6.0,5.0,9.0,2019.0,,
3 Bedroom House,1299000.0,3.0,2.0,6.0,935.0,,
12 Bedroom House,250000.0,12.0,4.0,,597.0,,
7 Bedroom House,3700000.0,7.0,5.0,7.0,1226.0,,
1 Bedroom Apartment,1825000.0,1.0,1.0,1.0,,,
3 Bedroom Apartment,1640000.0,3.0,2.0,1.0,,,
3 Bedroom House,1690000.0,3.0,1.0,1.0,1022.0,,
3 Bedroom Apartment,1640000.0,3.0,2.0,1.0,,,
3 Bedroom House,930000.0,3.0,2.0,4.0,420.0,,
3 Bedroom House,1125000.0,3.0,25.0,8.0,1478.0,,
4 Bedroom Apartment,1300000.0,4.0,25.0,1.0,,,
3 Bedroom Townhouse,1995000.0,3.0,2.0,4.0,,,
1 Bedroom House,950000.0,1.0,1.0,1.0,,1 Lee Barnes Boulevard,
3 Bedroom Apartment,1795000.0,3.0,25.0,2.0,,,
3 Bedroom House,895000.0,3.0,2.0,2.0,335.0,,
4 Bedroom House,1350000.0,4.0,3.0,1.0,328.0,,
0.5 Bedroom Apartment,602000.0,5.0,1.0,1.0,,,
3 Bedroom House,1350000.0,3.0,3.0,2.0,1139.0,,
4 Bedroom House,1100000.0,4.0,3.0,4.0,,,
2 Bedroom Apartment,850000.0,2.0,15.0,1.0,,,
3 Bedroom Apartment,9800000.0,3.0,25.0,2.0,,,
2 Bedroom House,1350000.0,2.0,2.0,8.0,844.0,,
1 Bedroom Apartment,340000.0,1.0,1.0,1.0,,,
4 Bedroom House,800000.0,4.0,2.0,8.0,719.0,,
2 Bedroom Townhouse,550000.0,2.0,1.0,,10314.0,,
3 Bedroom Apartment,820000.0,3.0,2.0,2.0,,,
3 Bedroom Apartment,3150000.0,3.0,2.0,1.0,,,
4 Bedroom House,4950000.0,4.0,4.0,2.0,1794.0,,
2 Bedroom Apartment,1800000.0,2.0,2.0,2.0,,,
6 Bedroom House,3500000.0,6.0,4.0,3.0,1009.0,,
4 Bedroom House,4999000.0,4.0,3.0,2.0,1296.0,,
4 Bedroom House,1475000.0,4.0,2.0,1.0,485.0,,
4.5 Bedroom House,2899000.0,45.0,2.0,2.0,,,
3 Bedroom House,1950000.0,3.0,2.0,2.0,1086.0,,
3 Bedroom Apartment,1800000.0,3.0,2.0,2.0,,,
4 Bedroom House,4999000.0,4.0,3.0,2.0,1296.0,,
3 Bedroom House,900000.0,3.0,2.0,2.0,1139.0,,
2 Bedroom Apartment,920000.0,2.0,1.0,1.0,,31 Mckenzie Street,
2 Bedroom House,600000.0,2.0,1.0,1.0,346.0,,
1 Bedroom Apartment,360000.0,1.0,1.0,,,,
3 Bedroom House,2450000.0,3.0,2.0,7.0,950.0,,
3 Bedroom Apartment,18675000.0,3.0,3.0,1.0,436.0,9 Beachwood Place,
3 Bedroom Apartment,5295000.0,3.0,2.0,1.0,,,
2 Bedroom Apartment,3890000.0,2.0,2.0,1.0,,"Unit 6, One On Seaton",
2 Bedroom Apartment,1295000.0,2.0,1.0,1.0,,,
3 Bedroom Townhouse,1150000.0,3.0,25.0,3.0,4285.0,,
3 Bedroom Apartment,3495000.0,3.0,2.0,2.0,,,
3 Bedroom House,1500000.0,3.0,2.0,2.0,,,
3 Bedroom Apartment,2150000.0,3.0,3.0,1.0,,,
3 Bedroom Apartment,1625000.0,3.0,2.0,2.0,6753.0,,
3 Bedroom Apartment,1595000.0,3.0,2.0,2.0,,,
5 Bedroom House,12450000.0,5.0,5.0,10.0,1118.0,4 Ilitha Close,
4 Bedroom House,1300000.0,4.0,2.0,2.0,685.0,,
3 Bedroom House,1100000.0,3.0,2.0,2.0,696.0,,
3 Bedroom House,699995.0,3.0,1.0,3.0,300.0,,
2 Bedroom Apartment,1050000.0,2.0,1.0,2.0,,,
3 Bedroom Apartment,1400000.0,3.0,2.0,2.0,,,
3 Bedroom Apartment,1595000.0,3.0,2.0,2.0,,,
3 Bedroom House,950000.0,3.0,1.0,8.0,368.0,,
3 Bedroom House,1795000.0,3.0,2.0,8.0,781.0,28 Sternhold Avenue,
5 Bedroom Townhouse,6250000.0,5.0,35.0,8.0,17422.0,"Sanangelo, 13 Sandwich Court Court",
3 Bedroom House,995000.0,3.0,2.0,6.0,84.0,,
4 Bedroom House,2295000.0,4.0,3.0,2.0,,,
12 Bedroom House,3200000.0,12.0,12.0,,894.0,,
3 Bedroom House,580000.0,3.0,1.0,3.0,600.0,,
5 Bedroom House,2750000.0,5.0,3.0,2.0,7013.0,,
3 Bedroom Townhouse,980000.0,3.0,3.0,1.0,2369.0,,
2 Bedroom Apartment,1899000.0,2.0,2.0,2.0,,,
3 Bedroom House,1750000.0,3.0,2.0,1.0,465.0,,
2 Bedroom Apartment,850000.0,2.0,2.0,1.0,,,
3 Bedroom House,1800000.0,3.0,2.0,16.0,887.0,,
2 Bedroom Apartment,1375000.0,2.0,2.0,2.0,,,
2 Bedroom Apartment,850000.0,2.0,2.0,1.0,,,
4 Bedroom House,2200000.0,4.0,1.0,3.0,964.0,,
6 Bedroom House,1500000.0,6.0,45.0,1.0,992.0,,
3 Bedroom House,780000.0,3.0,2.0,4.0,512.0,,
3 Bedroom House,2195000.0,3.0,2.0,1.0,1011.0,,
3 Bedroom House,3240000.0,3.0,3.0,1.0,177366.0,,
4 Bedroom House,1269000.0,4.0,1.0,1.0,1052.0,,
1 Bedroom Apartment,580000.0,1.0,1.0,1.0,,,
3 Bedroom House,2999000.0,3.0,2.0,1.0,836.0,,
3 Bedroom House,2750000.0,3.0,3.0,6.0,883.0,,
2 Bedroom Apartment,1030000.0,2.0,2.0,,,,
3 Bedroom House,1569500.0,3.0,1.0,1.0,1060.0,,
3 Bedroom Apartment,8200000.0,3.0,3.0,2.0,,"30 Oceans Edge, 32 Leadwood Loop",
2 Bedroom Townhouse,1850000.0,2.0,2.0,1.0,94000.0,"Unit 151 Greenhaven Estate, 109 Padfield Rd",
2 Bedroom Apartment,695000.0,2.0,1.0,1.0,,,
3 Bedroom House,950000.0,3.0,1.0,10.0,,,
3 Bedroom House,1260000.0,3.0,2.0,2.0,600.0,,
2 Bedroom Apartment,580000.0,2.0,2.0,1.0,,,
2 Bedroom Apartment,725000.0,2.0,1.0,1.0,,,
5 Bedroom House,14800000.0,5.0,55.0,9.0,1899.0,38 Kudu Road,
2 Bedroom Apartment,1795000.0,2.0,2.0,2.0,,,
3 Bedroom House,1960000.0,3.0,3.0,8.0,1012.0,48 Saville Avenue,
3 Bedroom Apartment,4500000.0,3.0,2.0,2.0,,,
1 Bedroom Townhouse,590000.0,1.0,1.0,,687.0,,
3 Bedroom Apartment,1795000.0,3.0,2.0,2.0,,15 Dawnlea Road,
2 Bedroom Townhouse,1489000.0,2.0,15.0,,,149 Inanda Road,
2 Bedroom Apartment,580000.0,2.0,2.0,1.0,,,
3 Bedroom House,4800000.0,3.0,35.0,5.0,,,
4 Bedroom Apartment,2990000.0,4.0,5.0,2.0,,,
5 Bedroom Townhouse,6550000.0,5.0,4.0,2.0,935.0,,
3 Bedroom House,1200000.0,3.0,2.0,2.0,1129.0,,
1 Bedroom Apartment,340000.0,1.0,1.0,,,,
House,2490000.0,,,,1953.0,,
1 Bedroom Apartment,470000.0,1.0,1.0,1.0,,,
3 Bedroom House,1385000.0,3.0,15.0,6.0,439.0,,
2 Bedroom Townhouse,580000.0,2.0,1.0,1.0,1211.0,"1 Carmill, 1 Lagoon Road",
3 Bedroom House,2450000.0,3.0,2.0,9.0,1022.0,8 Loon Road,
3 Bedroom Apartment,1399000.0,3.0,25.0,3.0,,577 Che Guevara Road,
3 Bedroom Apartment,1400000.0,3.0,2.0,2.0,,,
2 Bedroom Townhouse,1480000.0,2.0,2.0,2.0,144.0,"1 Ss Bodale, 149 Avondale Road",
2 Bedroom Townhouse,950000.0,2.0,2.0,1.0,15427.0,,
11 Bedroom House,8000000.0,11.0,7.0,12.0,9811.0,,
4 Bedroom House,3300000.0,4.0,3.0,7.0,4100.0,,
3 Bedroom House,700000.0,3.0,2.0,2.0,,,
3 Bedroom Townhouse,2400000.0,3.0,25.0,2.0,4136.0,,
3 Bedroom House,1530000.0,3.0,2.0,5.0,878.0,,
3 Bedroom Apartment,3850000.0,3.0,2.0,2.0,,,
3 Bedroom Townhouse,1699000.0,3.0,2.0,2.0,15846.0,,
2 Bedroom Apartment,920000.0,2.0,1.0,,5300.0,,
1 Bedroom Apartment,420000.0,1.0,1.0,1.0,,,
3 Bedroom Apartment,2390000.0,3.0,2.0,2.0,,,
2 Bedroom Townhouse,950000.0,2.0,2.0,1.0,15427.0,,
3 Bedroom Townhouse,1399000.0,3.0,2.0,1.0,1726.0,,
3 Bedroom House,2575000.0,3.0,2.0,9.0,1017.0,150 Dunville Road,
5 Bedroom House,2250000.0,5.0,35.0,6.0,821.0,,
2 Bedroom Townhouse,895000.0,2.0,1.0,2.0,2018.0,,
2 Bedroom Townhouse,1389000.0,2.0,15.0,1.0,,149 Inanda Road,
2 Bedroom Apartment,1385000.0,2.0,2.0,1.0,,"736 Ss Ballito Groves, 1 Null Null",
3 Bedroom Apartment,730000.0,3.0,15.0,1.0,,"6 Shannon Court, 188 Che Guevara Road",
1 Bedroom Apartment,630000.0,1.0,1.0,1.0,,,
4 Bedroom House,3995000.0,4.0,2.0,7.0,4045.0,,
3 Bedroom Townhouse,2500000.0,3.0,25.0,2.0,3372.0,,
1.5 Bedroom Apartment,1075000.0,15.0,1.0,1.0,,,
4 Bedroom House,4400000.0,4.0,35.0,3.0,227.0,33 Moreland Drive,
4 Bedroom House,12550000.0,4.0,45.0,9.0,1719.0,,
7 Bedroom House,9000000.0,7.0,7.0,8.0,1012.0,11 Ashley Road,
1 Bedroom Apartment,1030975.0,1.0,1.0,1.0,,,
3 Bedroom Townhouse,1650000.0,3.0,2.0,2.0,3600.0,,
2 Bedroom Townhouse,1550000.0,2.0,25.0,2.0,,Ryan Rd,
3 Bedroom Apartment,680000.0,3.0,15.0,1.0,,"3 Shannon Court, 188 Che Guevara Road",
3 Bedroom Townhouse,850000.0,3.0,1.0,2.0,79.0,,
3 Bedroom Townhouse,850000.0,3.0,1.0,2.0,79.0,,
2 Bedroom Apartment,970000.0,2.0,2.0,1.0,,,
4 Bedroom House,10950000.0,4.0,45.0,6.0,583.0,,
2 Bedroom House,1050000.0,2.0,2.0,2.0,1453.0,20 Smuts Avenue,
2 Bedroom Apartment,690000.0,2.0,1.0,,,"Pnt 1, Sect 10, Ellan Vannin, 1 Woodburn Place",
2 Bedroom Apartment,690000.0,2.0,1.0,,,"Pnt 1, Sect 10, Ellan Vannin, 1 Woodburn Place",
2 Bedroom Townhouse,3184000.0,2.0,2.0,1.0,,,
2 Bedroom Apartment,1294000.0,2.0,2.0,2.0,,,
2 Bedroom Apartment,1800000.0,2.0,2.0,2.0,,,
House,1890000.0,,,,1299.0,,
3 Bedroom Apartment,1495000.0,3.0,2.0,1.0,,,
3 Bedroom House,795000.0,3.0,1.0,6.0,307.0,,
2 Bedroom Townhouse,980000.0,2.0,,2.0,,87 Ridge Rd,
3 Bedroom Townhouse,820000.0,3.0,2.0,1.0,,,
2 Bedroom Apartment,1750000.0,2.0,2.0,2.0,,,
2 Bedroom House,800000.0,2.0,2.0,2.0,,81 Botanical Gardens Road,
2 Bedroom Apartment,750000.0,2.0,1.0,1.0,,,
3 Bedroom House,3450000.0,3.0,3.0,5.0,611.0,,
2 Bedroom Apartment,815000.0,2.0,1.0,1.0,,,
2 Bedroom Apartment,1050000.0,2.0,1.0,1.0,,,
4 Bedroom House,7995000.0,4.0,3.0,4.0,1000.0,17 Highgate Wine Estate,
3 Bedroom House,949000.0,3.0,2.0,3.0,369.0,77 Union Place,
5 Bedroom House,10750000.0,5.0,5.0,5.0,1251.0,,
4 Bedroom House,10450000.0,4.0,25.0,9.0,2089.0,,
3 Bedroom House,4999999.0,3.0,35.0,3.0,254.0,,
2 Bedroom Apartment,2950000.0,2.0,2.0,2.0,,20 Sheffield,
4 Bedroom Townhouse,5650000.0,4.0,3.0,2.0,,,
4 Bedroom Townhouse,1400000.0,4.0,2.0,2.0,4030.0,,
2 Bedroom Apartment,699000.0,2.0,1.0,,,"4 Morning View, 50 Rapson Road",
2 Bedroom Apartment,1050000.0,2.0,2.0,2.0,,,
3 Bedroom Apartment,3600000.0,3.0,3.0,2.0,,,
3 Bedroom Townhouse,1450000.0,3.0,2.0,1.0,,,
2 Bedroom Apartment,2600000.0,2.0,2.0,2.0,,,
23 Bedroom House,8000000.0,23.0,15.0,13.0,23066.0,,
3 Bedroom House,899990.0,3.0,2.0,6.0,372.0,,
1 Bedroom Apartment,850000.0,1.0,1.0,,,,
2 Bedroom Apartment,875000.0,2.0,2.0,2.0,,144 Musgrave Avenue,
4 Bedroom House,2130000.0,4.0,25.0,3.0,1821.0,,
3 Bedroom House,890000.0,3.0,1.0,5.0,1040.0,,
2 Bedroom Apartment,750000.0,2.0,1.0,1.0,,,
3 Bedroom House,2895000.0,3.0,25.0,2.0,,229 Lambert Road 3 St Johnswood,
3 Bedroom House,3175000.0,3.0,2.0,3.0,300.0,"Lalela Estate, 133 Lalela",
2 Bedroom House,1750000.0,2.0,2.0,1.0,4.0,,
2 Bedroom Apartment,1050000.0,2.0,2.0,2.0,,,
2.5 Bedroom Apartment,975000.0,25.0,2.0,1.0,,,
3 Bedroom Apartment,850000.0,3.0,15.0,2.0,,,
1 Bedroom Apartment,900000.0,1.0,1.0,1.0,,33 Lillie Crona,
2 Bedroom Apartment,3400000.0,2.0,2.0,3.0,,,
4 Bedroom Townhouse,6150000.0,4.0,35.0,2.0,294.0,,
5 Bedroom House,4400000.0,5.0,4.0,5.0,652.0,"21 Lake Malawi, Palm Lakes Estate",
2 Bedroom Apartment,699000.0,2.0,1.0,1.0,,,
2 Bedroom Apartment,750000.0,2.0,1.0,1.0,,,
5 Bedroom House,2200000.0,5.0,2.0,3.0,534.0,,
2.5 Bedroom Apartment,1049000.0,25.0,15.0,1.0,105.0,408 Moore Road,
2 Bedroom House,695000.0,2.0,1.0,1.0,200.0,"5 Xaxaza Park, 112 Mimosa Drive",
2 Bedroom Apartment,756000.0,2.0,2.0,,,,
2 Bedroom Apartment,1950000.0,2.0,2.0,1.0,,,
3 Bedroom Townhouse,750000.0,3.0,2.0,1.0,20275.0,,
3 Bedroom House,2750000.0,3.0,2.0,,1239.0,,
2 Bedroom Townhouse,895000.0,2.0,2.0,1.0,,,
2 Bedroom Apartment,850000.0,2.0,1.0,1.0,,,
3 Bedroom House,5500000.0,3.0,2.0,6.0,601.0,,
3 Bedroom Apartment,800000.0,3.0,1.0,1.0,,,
2 Bedroom House,775000.0,2.0,1.0,4.0,391.0,,
3 Bedroom House,2750000.0,3.0,2.0,,1239.0,,
2 Bedroom Apartment,1200000.0,2.0,1.0,1.0,,,
1 Bedroom Apartment,530000.0,1.0,1.0,1.0,,,
2 Bedroom Apartment,980000.0,2.0,1.0,,1756.0,,
3 Bedroom House,1850000.0,3.0,2.0,1.0,1025.0,,
4 Bedroom House,1100000.0,4.0,2.0,11.0,1021.0,,
5 Bedroom House,11500000.0,5.0,5.0,5.0,12605.0,,
2 Bedroom Apartment,1695000.0,2.0,2.0,1.0,,,
1 Bedroom Apartment,1200000.0,1.0,1.0,2.0,,,
4 Bedroom House,1595000.0,4.0,2.0,2.0,1212.0,,
2 Bedroom Apartment,799000.0,2.0,2.0,1.0,,,
10 Bedroom House,2850000.0,10.0,6.0,1.0,,,
4 Bedroom House,9995000.0,4.0,45.0,2.0,1209.0,,
4 Bedroom House,990000.0,4.0,2.0,3.0,314.0,,
2 Bedroom Apartment,1795000.0,2.0,2.0,1.0,,,
3 Bedroom House,1650000.0,3.0,2.0,1.0,1594.0,,
1 Bedroom Apartment,1200000.0,1.0,1.0,2.0,,,
2 Bedroom House,350000.0,2.0,1.0,,400.0,,
2 Bedroom Apartment,595000.0,2.0,2.0,1.0,,,
2 Bedroom House,1080000.0,2.0,2.0,3.0,1802.0,,
1 Bedroom Apartment,989000.0,1.0,1.0,2.0,,,
9 Bedroom House,2945000.0,9.0,6.0,13.0,,,
2 Bedroom Apartment,650000.0,2.0,1.0,1.0,,,
3 Bedroom Apartment,5495000.0,3.0,35.0,2.0,,,
2 Bedroom Apartment,890000.0,2.0,2.0,,,,
1 Bedroom Apartment,400000.0,1.0,1.0,,,,
1 Bedroom Apartment,540000.0,1.0,1.0,1.0,,,
7 Bedroom House,1595000.0,7.0,3.0,2.0,676.0,,
1 Bedroom Apartment,490000.0,1.0,1.0,1.0,,,
4 Bedroom House,850000.0,4.0,2.0,3.0,1350.0,,
9.5 Bedroom House,2500000.0,95.0,6.0,12.0,1100.0,,
6 Bedroom House,1800000.0,6.0,3.0,4.0,2026.0,,
4 Bedroom House,1300000.0,4.0,25.0,2.0,677.0,,
2.5 Bedroom Apartment,745000.0,25.0,1.0,1.0,,,
1 Bedroom Apartment,900000.0,1.0,1.0,,,,
1 Bedroom Apartment,600000.0,1.0,1.0,2.0,,,
4 Bedroom House,1950000.0,4.0,2.0,7.0,1012.0,,
4 Bedroom House,1930000.0,4.0,3.0,6.0,1361.0,,
3 Bedroom Apartment,10500000.0,3.0,3.0,3.0,,,
4 Bedroom House,1750000.0,4.0,25.0,3.0,1263.0,,
4 Bedroom House,850000.0,4.0,2.0,3.0,1350.0,,
2 Bedroom Apartment,660000.0,2.0,1.0,1.0,,100 Woodhurst Drive,
1 Bedroom Apartment,660000.0,1.0,1.0,1.0,,,
1 Bedroom Apartment,490000.0,1.0,1.0,,,,
2 Bedroom Apartment,975000.0,2.0,15.0,,,,
4 Bedroom House,2595000.0,4.0,25.0,3.0,782.0,,
3 Bedroom Apartment,2200000.0,3.0,2.0,1.0,,,
3 Bedroom House,895000.0,3.0,2.0,4.0,240.0,,
3 Bedroom House,1350000.0,3.0,1.0,4.0,444.0,28 Olive Crescent,
5 Bedroom House,40000000.0,5.0,5.0,4.0,1400.0,858 Tatali Views,
2 Bedroom Apartment,3395000.0,2.0,2.0,2.0,,"304 Bensiesta, 57 Lagoon Drive",
3 Bedroom House,1250000.0,3.0,2.0,2.0,1655.0,,
3 Bedroom Apartment,1550000.0,3.0,2.0,2.0,,,
2 Bedroom Townhouse,2300000.0,2.0,2.0,2.0,,7 South Beach Road,
4 Bedroom House,1300000.0,4.0,3.0,2.0,900.0,,
3 Bedroom House,1295000.0,3.0,25.0,6.0,210.0,,
7 Bedroom House,4000000.0,7.0,6.0,6.0,1488.0,27 Marine Drive,
5 Bedroom House,8500000.0,5.0,5.0,22.0,6663.0,,
4 Bedroom House,3495000.0,4.0,2.0,6.0,2228.0,,
4 Bedroom House,2595000.0,4.0,25.0,3.0,782.0,,
2 Bedroom Apartment,3750000.0,2.0,2.0,4.0,,,
5 Bedroom House,1395000.0,5.0,2.0,3.0,2425.0,,
2 Bedroom Apartment,1195000.0,2.0,15.0,2.0,,,
2 Bedroom Apartment,725000.0,2.0,1.0,1.0,,,
3 Bedroom Townhouse,3895000.0,3.0,2.0,3.0,,Zululami Villas,
3 Bedroom House,1195000.0,3.0,15.0,2.0,308.0,,
4 Bedroom House,5000000.0,4.0,3.0,1.0,2023.0,,
4 Bedroom House,8850000.0,4.0,45.0,4.0,799.0,,
2 Bedroom Apartment,950000.0,2.0,1.0,1.0,,45 Ellcock Road,
3 Bedroom Apartment,,3.0,3.0,2.0,,"Ss Ninety-Five Ridge Road, Unit 2, 95 Peter Mokaba Ridge Road,",
3 Bedroom House,2850000.0,3.0,25.0,6.0,1586.0,,
3 Bedroom Apartment,,3.0,3.0,2.0,,"Ss Ninety-Five Ridge Road, Unit 2, 95 Peter Mokaba Ridge Road,",
3 Bedroom Townhouse,2800000.0,3.0,35.0,3.0,4778.0,"9 Horizon Edge, 112 Mount Edgecombe Drive",
4 Bedroom Townhouse,8950000.0,4.0,4.0,4.0,,,
4 Bedroom House,19500000.0,4.0,45.0,4.0,850.0,52 South Valley Road,
3 Bedroom House,3800000.0,3.0,2.0,9.0,945.0,70 Leonora Drive,
2 Bedroom Townhouse,1895000.0,2.0,1.0,2.0,,,
3 Bedroom Townhouse,800000.0,3.0,2.0,1.0,74831.0,,
2 Bedroom Apartment,1900000.0,2.0,1.0,1.0,,,
8 Bedroom House,2400000.0,8.0,9.0,5.0,1728.0,,
2 Bedroom Apartment,975000.0,2.0,2.0,1.0,,"Ss Blackhurst, 14 Blackhurst Avenue",
3 Bedroom Townhouse,1470000.0,3.0,2.0,2.0,,,
3 Bedroom Townhouse,1595000.0,3.0,25.0,2.0,,,
3 Bedroom Townhouse,1280000.0,3.0,2.0,2.0,4160.0,,
4 Bedroom Townhouse,2850000.0,4.0,3.0,1.0,200.0,,
3 Bedroom Townhouse,1749999.0,3.0,2.0,3.0,,"5 Ss Kalbarri, 7 Bradley Road",
3 Bedroom Apartment,2330000.0,3.0,25.0,2.0,,,
1 Bedroom Apartment,1395000.0,1.0,1.0,2.0,,"W213 Ss Coral Point, 18 Heleza Boulevard",
3 Bedroom Apartment,1280000.0,3.0,2.0,1.0,,,
3 Bedroom Apartment,1295000.0,3.0,1.0,2.0,,77 Florida Road,
4 Bedroom House,1800000.0,4.0,2.0,4.0,1224.0,,
2 Bedroom Apartment,640000.0,2.0,1.0,1.0,,,
2 Bedroom Apartment,5500000.0,2.0,1.0,2.0,53269.0,,
2 Bedroom Townhouse,590000.0,2.0,2.0,1.0,32853.0,110 Illala Palms,
5 Bedroom House,7775000.0,5.0,5.0,2.0,650.0,311 Sandhill Road,
2 Bedroom Apartment,388500.0,2.0,1.0,2.0,,,
4 Bedroom House,1800000.0,4.0,2.0,4.0,1224.0,,
3 Bedroom Apartment,1350000.0,3.0,25.0,5.0,,3 Craigside Road,
3 Bedroom Apartment,2350000.0,3.0,2.0,1.0,,,
3 Bedroom Apartment,3500000.0,3.0,3.0,2.0,,403 Stephen Dlamini Road,
4 Bedroom House,4495000.0,4.0,4.0,4.0,1471.0,,
3 Bedroom Townhouse,1490000.0,3.0,2.0,3.0,13397.0,,
5 Bedroom House,1800000.0,5.0,4.0,1.0,1533.0,,
2 Bedroom Townhouse,795000.0,2.0,1.0,1.0,,,
3 Bedroom Apartment,2990000.0,3.0,3.0,2.0,,67 Musgrave Avenue,
3 Bedroom Apartment,4595000.0,3.0,2.0,2.0,,"305 One8one Degrees, 181 Lambert Road",
2 Bedroom Apartment,750000.0,2.0,1.0,,,91 Somtseu Road,
1 Bedroom Apartment,1750000.0,1.0,1.0,1.0,,9 F52p+22,
3 Bedroom House,720000.0,3.0,1.0,4.0,510.0,,
3 Bedroom Townhouse,1950000.0,3.0,2.0,4.0,14470.0,,
2 Bedroom Apartment,2250000.0,2.0,2.0,1.0,,,
2 Bedroom Townhouse,789000.0,2.0,1.0,2.0,,853 Sarnia Road,
3 Bedroom Townhouse,1295000.0,3.0,2.0,2.0,7511.0,,
3 Bedroom House,650000.0,3.0,1.0,2.0,191.0,,
2 Bedroom Apartment,2250000.0,2.0,2.0,2.0,,,
2 Bedroom Townhouse,2950000.0,2.0,2.0,2.0,,,
3 Bedroom Townhouse,1100000.0,3.0,2.0,2.0,9668.0,"9 Ss Eagles View, 11a Bhengu Road",
3 Bedroom Apartment,4230000.0,3.0,3.0,2.0,,,
3 Bedroom Townhouse,680000.0,3.0,1.0,2.0,1954.0,"Unit 17 Shanpally Mews, 10 Pampally Way",
3 Bedroom House,750000.0,3.0,2.0,1.0,,,
1 Bedroom Apartment,759000.0,1.0,1.0,,,,
3 Bedroom Townhouse,1950000.0,3.0,2.0,4.0,14470.0,,
3 Bedroom Townhouse,3150000.0,3.0,2.0,4.0,,,
1 Bedroom Apartment,599000.0,1.0,15.0,1.0,,,
3 Bedroom House,1099000.0,3.0,2.0,3.0,427.0,,
4 Bedroom House,5500000.0,4.0,35.0,4.0,1324.0,38 Glen Drive,
3 Bedroom Townhouse,3699000.0,3.0,35.0,4.0,,"5 Essenwood Palms, 391 Essenwood Road",
4 Bedroom House,8750000.0,4.0,3.0,3.0,23032.0,326 Forrest Drive,
2 Bedroom House,4350000.0,2.0,2.0,2.0,29.0,2 Bunting Avenue,
4 Bedroom House,5850000.0,4.0,45.0,4.0,1354.0,409 Captain Smiths Road,
3 Bedroom House,1400000.0,3.0,4.0,2.0,2368.0,,
6 Bedroom House,28000000.0,6.0,6.0,9.0,3364.0,"Simbithi Eco Estate, 3 Cussonia Way",
3 Bedroom Townhouse,2995000.0,3.0,2.0,2.0,,,
2 Bedroom Apartment,720000.0,2.0,15.0,1.0,,,
2 Bedroom Apartment,1050000.0,2.0,1.0,2.0,,"5 Ss Medwood, 278 Vause Road",
6 Bedroom House,5975000.0,6.0,5.0,7.0,1200.0,,
1 Bedroom Apartment,750000.0,1.0,1.0,2.0,,,
3 Bedroom Townhouse,2399000.0,3.0,2.0,3.0,,,
4 Bedroom House,1900000.0,4.0,3.0,1.0,,,
2 Bedroom House,2450000.0,2.0,2.0,2.0,118.0,42 Bridgetown Road,
6 Bedroom House,5975000.0,6.0,5.0,7.0,1200.0,,
7 Bedroom House,2695000.0,7.0,3.0,6.0,1365.0,48 Glunning,
7 Bedroom House,3200000.0,7.0,7.0,2.0,790.0,,
3 Bedroom Townhouse,1940000.0,3.0,2.0,2.0,,,
3 Bedroom Apartment,1795000.0,3.0,2.0,1.0,123.0,"Unit 74, Greenhaven Estate, 109 Padfield Road",
3 Bedroom Townhouse,1450000.0,3.0,25.0,2.0,4075.0,,
5 Bedroom House,1790000.0,5.0,5.0,6.0,1141.0,,
1 Bedroom Apartment,1725000.0,1.0,1.0,1.0,,,
2 Bedroom House,1850000.0,2.0,15.0,9.0,2201.0,,
4 Bedroom House,2150000.0,4.0,3.0,25.0,1215.0,15 Dolphin Crescent,
3 Bedroom Apartment,1800000.0,3.0,2.0,3.0,,1808 Collison,
2 Bedroom Apartment,1100000.0,2.0,2.0,1.0,,,
3 Bedroom House,995000.0,3.0,2.0,3.0,168.0,,
2 Bedroom Apartment,2049900.0,2.0,,,,787 Hills Avenue,
2 Bedroom Apartment,770000.0,2.0,1.0,1.0,,"10 Ss Garside, 14 Wynnford Place",
3 Bedroom Apartment,3200000.0,3.0,2.0,2.0,,,
2 Bedroom Apartment,1799000.0,2.0,2.0,1.0,,,
3 Bedroom Apartment,1800000.0,3.0,2.0,3.0,,1808 Collison,
1 Bedroom Apartment,1700000.0,1.0,15.0,2.0,,,
5 Bedroom House,1168000.0,5.0,4.0,2.0,1534.0,2 Groom Lane,
1 Bedroom Apartment,1250000.0,1.0,1.0,1.0,,,
2.5 Bedroom Apartment,795000.0,25.0,15.0,1.0,,,
3 Bedroom Apartment,3999000.0,3.0,2.0,4.0,,,
3 Bedroom Townhouse,3795000.0,3.0,3.0,4.0,,,
3 Bedroom House,750000.0,3.0,1.0,4.0,336.0,,
3 Bedroom House,4300000.0,3.0,2.0,2.0,728.0,21 Salt Rock City Drive,
2 Bedroom Apartment,780000.0,2.0,2.0,2.0,88.0,"Lawrence Rocks, Margate",
2 Bedroom Townhouse,1070000.0,2.0,15.0,2.0,750.0,125 Avondale Road,
2 Bedroom Apartment,1050000.0,2.0,2.0,1.0,,133 Marine Drive,
1 Bedroom Apartment,540000.0,1.0,1.0,1.0,,,
4 Bedroom Apartment,2295000.0,4.0,3.0,4.0,,8 Foreshore Road Coco Palms Ansteys Bluff,
3 Bedroom House,5750000.0,3.0,25.0,2.0,,,
3 Bedroom Apartment,8495000.0,3.0,3.0,2.0,,,
2 Bedroom Apartment,1195000.0,2.0,1.0,2.0,,,
3 Bedroom Apartment,3350000.0,3.0,25.0,2.0,,,
2 Bedroom Apartment,1595000.0,2.0,2.0,2.0,,,
3 Bedroom Apartment,3500000.0,3.0,2.0,2.0,,,
3 Bedroom House,5495000.0,3.0,2.0,8.0,1012.0,,
2 Bedroom Apartment,1020000.0,2.0,2.0,2.0,,,
6 Bedroom Townhouse,1250000.0,6.0,3.0,2.0,,,
3 Bedroom House,2760000.0,3.0,1.0,2.0,208.0,,
2 Bedroom Apartment,880000.0,2.0,2.0,1.0,,17 Elizabeth Avenue,
3 Bedroom House,5990000.0,3.0,2.0,4.0,1431.0,,
3 Bedroom House,2490000.0,3.0,1.0,9.0,641.0,,
2 Bedroom Apartment,1200000.0,2.0,1.0,1.0,,,
2 Bedroom Apartment,950000.0,2.0,2.0,1.0,,,
2 Bedroom Apartment,700000.0,2.0,1.0,1.0,,,
3 Bedroom Apartment,1350000.0,3.0,2.0,2.0,,,
2 Bedroom Apartment,950000.0,2.0,2.0,1.0,,,
3 Bedroom House,780000.0,3.0,2.0,1.0,,,
2.5 Bedroom Apartment,850000.0,25.0,15.0,1.0,,,
1 Bedroom Apartment,475000.0,1.0,1.0,1.0,,"Rosewood Estate, 70 Jabu Ndlovu Street",
6 Bedroom House,4450000.0,6.0,7.0,6.0,989.0,11 Petunia Street,
2 Bedroom House,2400000.0,2.0,2.0,2.0,1388958.0,,
1 Bedroom Apartment,1380000.0,1.0,1.0,1.0,,1 Hills Avenue,
3 Bedroom Townhouse,5950000.0,3.0,3.0,4.0,,,
2.5 Bedroom Apartment,850000.0,25.0,15.0,1.0,,,
3 Bedroom Townhouse,5950000.0,3.0,3.0,4.0,,,
2 Bedroom Apartment,2100000.0,2.0,1.0,2.0,,,
3 Bedroom Townhouse,5950000.0,3.0,3.0,4.0,,,
4 Bedroom House,6395000.0,4.0,35.0,6.0,1306.0,,
2 Bedroom Apartment,700000.0,2.0,2.0,1.0,,,
4 Bedroom House,1299900.0,4.0,2.0,2.0,415.0,18 Nilgiri Crescent,
2 Bedroom Apartment,899000.0,2.0,1.0,2.0,,,
3 Bedroom House,1995000.0,3.0,4.0,4.0,1230.0,,
3 Bedroom House,1550000.0,3.0,2.0,1.0,1091.0,3 Hall Road,
8 Bedroom House,2100000.0,8.0,4.0,4.0,,,
Apartment,950000.0,,,,,,
3 Bedroom Apartment,2150000.0,3.0,3.0,4.0,,21 Ridgeside Road,
2 Bedroom Apartment,1300000.0,2.0,2.0,1.0,,396 Musgrave Road,
3 Bedroom House,8990000.0,3.0,2.0,2.0,,,
2 Bedroom Apartment,2195000.0,2.0,2.0,1.0,,,
2 Bedroom Apartment,4450000.0,2.0,2.0,2.0,,,
3 Bedroom House,1000000.0,3.0,2.0,3.0,969.0,,
4 Bedroom House,1500000.0,4.0,2.0,1.0,1867.0,,
3 Bedroom House,2200000.0,3.0,3.0,3.0,946.0,,
3 Bedroom Apartment,2500000.0,3.0,2.0,2.0,,,
6 Bedroom House,3800000.0,6.0,3.0,2.0,1438.0,,
2 Bedroom Apartment,620000.0,2.0,1.0,1.0,,,
2 Bedroom Apartment,620000.0,2.0,1.0,1.0,,,
2 Bedroom Apartment,690000.0,2.0,1.0,1.0,,,
House,940000.0,,,,480.0,,
3 Bedroom Apartment,3500000.0,3.0,2.0,2.0,,,
4 Bedroom House,2650000.0,4.0,3.0,3.0,1327.0,,
3 Bedroom Apartment,7950000.0,3.0,3.0,2.0,,,
2 Bedroom Apartment,950000.0,2.0,1.0,,,,
2 Bedroom House,320000.0,2.0,1.0,,396.0,,
3 Bedroom Townhouse,1300000.0,3.0,1.0,1.0,1832.0,,
3 Bedroom House,1100000.0,3.0,2.0,5.0,604.0,,
2 Bedroom Apartment,3499000.0,2.0,2.0,1.0,,,
0.5 Bedroom Apartment,915000.0,5.0,1.0,1.0,,,
3 Bedroom House,17995000.0,3.0,3.0,9.0,850.0,,
House,450000.0,,1.0,1.0,305.0,,
House,1600000.0,,,,8.0,,
Apartment,150000.0,,1.0,,,,
3 Bedroom House,500000.0,3.0,2.0,1.0,,,
3 Bedroom House,649000.0,3.0,1.0,4.0,314.0,,
3 Bedroom Apartment,1270000.0,3.0,1.0,1.0,,,
House,1500000.0,,,,1426.0,,
3 Bedroom Townhouse,1100000.0,3.0,15.0,,160.0,,
4 Bedroom House,699900.0,4.0,2.0,3.0,,,
5 Bedroom House,9200000.0,5.0,3.0,,3541.0,,
2 Bedroom Apartment,1285000.0,2.0,1.0,1.0,,,
9 Bedroom House,980000.0,9.0,3.0,,276.0,,
4 Bedroom House,960000.0,4.0,15.0,,358.0,,
3 Bedroom House,450000.0,3.0,1.0,,8709.0,,
1 Bedroom Apartment,400000.0,1.0,1.0,,,,
3 Bedroom Apartment,1270000.0,3.0,1.0,1.0,,,
4 Bedroom House,3750000.0,4.0,3.0,2.0,3500.0,,
1 Bedroom Apartment,470000.0,1.0,1.0,,,26 Beach Road,
1 Bedroom Apartment,295000.0,1.0,1.0,,,,
1 Bedroom Apartment,534000.0,1.0,1.0,1.0,,,
1 Bedroom House,500000.0,1.0,1.0,3.0,,,
2 Bedroom Apartment,1380000.0,2.0,2.0,1.0,,"25 Stonehurst, 33 Belvedere Road, Stonehurst",
4 Bedroom Townhouse,3950000.0,4.0,3.0,2.0,33769.0,,
3 Bedroom House,5035000.0,3.0,25.0,2.0,358.0,,
3 Bedroom House,3895000.0,3.0,25.0,2.0,17000.0,"16 Zululami Villas, 2 Zululami Blvd",
3 Bedroom House,5950000.0,3.0,2.0,4.0,9788.0,,
4 Bedroom House,5240000.0,4.0,4.0,12.0,801.0,12 Erythrina Lane,
4 Bedroom House,14499500.0,4.0,45.0,4.0,,,
2 Bedroom Townhouse,710000.0,2.0,1.0,2.0,,Winston Court North 76 Marine Drive,
4 Bedroom House,34900000.0,4.0,45.0,7.0,1719.0,40 Feverberry Way,
3 Bedroom Townhouse,3495000.0,3.0,2.0,2.0,,"15 The Woodland, 2 Woodlands Close",
2 Bedroom Apartment,799000.0,2.0,2.0,2.0,,"Tomeros, 31 Broadway",
2 Bedroom Apartment,860000.0,2.0,15.0,3.0,,"9 Ss Strelitzia-Margate, 3111 Hibiscus Avenue",
6 Bedroom House,1900000.0,6.0,3.0,5.0,1012.0,,
6 Bedroom House,4400000.0,6.0,6.0,4.0,1679.0,323 Argyle Road,
3 Bedroom Apartment,1850000.0,3.0,2.0,1.0,,"24 Ss Breakerview Bay, 1 Brooke Gardens",
3 Bedroom Apartment,1325000.0,3.0,2.0,1.0,,,
2 Bedroom Apartment,1550000.0,2.0,1.0,1.0,,,
5 Bedroom House,7995000.0,5.0,45.0,4.0,771.0,,
2 Bedroom Apartment,799000.0,2.0,2.0,2.0,,"Tomeros, 31 Broadway",
2 Bedroom Apartment,860000.0,2.0,2.0,3.0,,134 Marine Drive,
5 Bedroom House,6600000.0,5.0,4.0,1.0,1825.0,2 Francis/lewin Street,
3 Bedroom House,1290000.0,3.0,3.0,6.0,646.0,,
2 Bedroom Apartment,1275000.0,2.0,2.0,1.0,,,
2 Bedroom House,950000.0,2.0,1.0,2.0,386.0,,
1 Bedroom Apartment,525000.0,1.0,1.0,,,,
1 Bedroom Apartment,1320000.0,1.0,1.0,1.0,,145 San Lameer Lower South Coast Kwa-Zulu Natal N2s R61,
3 Bedroom House,895000.0,3.0,1.0,,269.0,,
4 Bedroom House,6500000.0,4.0,3.0,6.0,6545.0,35 Old St Faiths Road,
4 Bedroom House,570000.0,4.0,3.0,2.0,280.0,,
3 Bedroom House,980000.0,3.0,2.0,2.0,,,
1 Bedroom Apartment,420000.0,1.0,1.0,,,,
2 Bedroom Apartment,1200000.0,2.0,1.0,1.0,,,
3 Bedroom Townhouse,2495000.0,3.0,2.0,2.0,,,
1 Bedroom Apartment,1320000.0,1.0,1.0,1.0,,145 San Lameer Lower South Coast Kwa-Zulu Natal N2s R61,
2 Bedroom Townhouse,980000.0,2.0,15.0,2.0,,,
1 Bedroom Apartment,1350000.0,1.0,1.0,1.0,,,
Apartment,48000.0,,,1.0,,,
4 Bedroom House,3200000.0,4.0,3.0,4.0,2200.0,,
4 Bedroom House,9990000.0,4.0,3.0,6.0,800.0,,
3 Bedroom Apartment,5595000.0,3.0,35.0,2.0,,,
5 Bedroom House,4350000.0,5.0,3.0,15.0,1640.0,,
2 Bedroom Apartment,1050000.0,2.0,1.0,2.0,,,
3 Bedroom House,1695000.0,3.0,2.0,4.0,974.0,"5 Observatory Road, Uvongo",
2 Bedroom Apartment,1750000.0,2.0,2.0,1.0,,,
3 Bedroom Apartment,2450000.0,3.0,2.0,2.0,,"208 98 On Gordon, 98 Gordon Road",
3 Bedroom House,1650000.0,3.0,2.0,5.0,1013.0,,
3 Bedroom Townhouse,4995000.0,3.0,35.0,2.0,,"49 Sea La Vie, 1707 Mvula Lane",
3 Bedroom House,1495000.0,3.0,2.0,1.0,668.0,30 Rosegate Gardens,
3 Bedroom Townhouse,5250000.0,3.0,35.0,2.0,944.0,,
3 Bedroom House,1399999.0,3.0,2.0,2.0,822.0,,
1 Bedroom Apartment,699000.0,1.0,1.0,1.0,,,
2 Bedroom Apartment,1900000.0,2.0,2.0,2.0,,,
3 Bedroom Townhouse,2650000.0,3.0,3.0,2.0,,,
3 Bedroom Apartment,2450000.0,3.0,2.0,2.0,,"208 98 On Gordon, 98 Gordon Road",
3 Bedroom Townhouse,1250000.0,3.0,2.0,2.0,4506.0,"12 Blue Marlyn , 2 Moorish Idol , Meer En See ,3901",
4 Bedroom Apartment,2795000.0,4.0,2.0,4.0,,,
3 Bedroom House,1199000.0,3.0,2.0,10.0,553.0,,
2 Bedroom Apartment,3000000.0,2.0,2.0,2.0,,,
4 Bedroom House,995000.0,4.0,1.0,4.0,298.0,,
3 Bedroom Apartment,850000.0,3.0,15.0,1.0,,,
2 Bedroom Apartment,950000.0,2.0,2.0,,,,
4 Bedroom Apartment,12500000.0,4.0,3.0,3.0,,,
2 Bedroom Apartment,895000.0,2.0,1.0,1.0,,,
4 Bedroom House,19995000.0,4.0,5.0,4.0,1039.0,,
5 Bedroom House,2820000.0,5.0,3.0,4.0,2078.0,,
3 Bedroom House,2095000.0,3.0,2.0,3.0,301.0,,
5 Bedroom House,4650000.0,5.0,35.0,7.0,1800.0,19 Old Main Road,
5 Bedroom House,12000000.0,5.0,5.0,5.0,1589.0,1 Driftwood,
2 Bedroom Apartment,1700000.0,2.0,2.0,1.0,,,
3 Bedroom House,1250000.0,3.0,1.0,5.0,400.0,,
4 Bedroom House,19995000.0,4.0,5.0,4.0,1039.0,,
3 Bedroom Apartment,2450000.0,3.0,2.0,2.0,,,
4 Bedroom Townhouse,2650000.0,4.0,2.0,3.0,4501.0,,
2 Bedroom Apartment,695000.0,2.0,2.0,1.0,,,
1 Bedroom Apartment,795000.0,1.0,1.0,1.0,,,
2 Bedroom Apartment,780000.0,2.0,1.0,1.0,,,
3 Bedroom House,1595000.0,3.0,3.0,3.0,957.0,,
2 Bedroom Apartment,870000.0,2.0,2.0,10.0,,,
2 Bedroom Apartment,4950000.0,2.0,2.0,2.0,,,
2 Bedroom Townhouse,895000.0,2.0,2.0,2.0,,,
3 Bedroom Townhouse,1600000.0,3.0,2.0,3.0,13397.0,,
3 Bedroom Townhouse,1720000.0,3.0,2.0,1.0,,,
3 Bedroom Townhouse,4950000.0,3.0,2.0,2.0,,,
4 Bedroom House,2695000.0,4.0,2.0,4.0,1790.0,,
5 Bedroom House,5900000.0,5.0,3.0,6.0,3263.0,,
3 Bedroom Townhouse,3250000.0,3.0,2.0,4.0,662.0,,
3 Bedroom Apartment,1100000.0,3.0,2.0,1.0,,,
2 Bedroom Apartment,795000.0,2.0,1.0,1.0,,,
2 Bedroom Apartment,1499000.0,2.0,1.0,,,,
2 Bedroom Townhouse,2495000.0,2.0,2.0,1.0,76090.0,,
1.5 Bedroom Apartment,756000.0,15.0,1.0,,,"19 Ss Tiber Island, 39 Margaret Mncadi Avenue",
2 Bedroom Apartment,1550000.0,2.0,2.0,1.0,,,
4 Bedroom House,2150000.0,4.0,3.0,3.0,1005.0,,
2.5 Bedroom Apartment,850000.0,25.0,15.0,1.0,,"3 Josmar Court, 33 Brand Road",
3 Bedroom Townhouse,1100000.0,3.0,2.0,1.0,6708.0,,
3 Bedroom Apartment,6900000.0,3.0,2.0,2.0,,,
3 Bedroom Apartment,4500000.0,3.0,2.0,2.0,,,
4 Bedroom House,9995000.0,4.0,4.0,15.0,1047.0,,
4 Bedroom House,1850000.0,4.0,35.0,3.0,1858.0,,
2 Bedroom Apartment,2500000.0,2.0,15.0,1.0,,,
4 Bedroom House,,4.0,3.0,4.0,685.0,,
2 Bedroom Apartment,2500000.0,2.0,15.0,1.0,,,
2 Bedroom Apartment,499000.0,2.0,1.0,,,25 Alpine Drive,
3 Bedroom Townhouse,2895000.0,3.0,25.0,2.0,,,
2 Bedroom Apartment,550000.0,2.0,1.0,,,25 Alpine Drive,
1 Bedroom Apartment,650000.0,1.0,1.0,,,,
4 Bedroom House,2990000.0,4.0,3.0,3.0,1394.0,3 Lonetree Place,
1 Bedroom Apartment,1950000.0,1.0,1.0,1.0,,,
2 Bedroom Apartment,1795000.0,2.0,2.0,2.0,,"611 Ss THE Sails, 14 Timeball Boulevard",
2 Bedroom Townhouse,849000.0,2.0,2.0,1.0,,,
1 Bedroom Apartment,1590000.0,1.0,1.0,1.0,,,
2 Bedroom Townhouse,980000.0,2.0,1.0,1.0,,"3 Ss Marriott Mews, 22 Gladys Mazibuko Road",
10 Bedroom House,2799000.0,10.0,5.0,6.0,330.0,,
2 Bedroom Apartment,2100000.0,2.0,1.0,2.0,,,
3 Bedroom House,350000.0,3.0,1.0,,300.0,,
1 Bedroom Apartment,950000.0,1.0,1.0,1.0,,"11 Manor Mews, 1 R102",
2 Bedroom Townhouse,980000.0,2.0,1.0,1.0,,"3 Ss Marriott Mews, 22 Gladys Mazibuko Road",
5 Bedroom House,3300000.0,5.0,3.0,4.0,2183.0,,
3 Bedroom Apartment,1995000.0,3.0,2.0,3.0,,"106 Kingston Estate, 102 Simbithi Drive",
3 Bedroom House,980000.0,3.0,1.0,1.0,200.0,,
3 Bedroom Apartment,4650000.0,3.0,2.0,4.0,,"10 Palm Swift, 222 Falcon Cres",
2 Bedroom Apartment,1295000.0,2.0,2.0,2.0,,,
1 Bedroom Apartment,1150000.0,1.0,1.0,1.0,,,
2 Bedroom Apartment,700000.0,2.0,1.0,2.0,,,
1.5 Bedroom Apartment,830000.0,15.0,15.0,1.0,,"B2 Banchory, 39 Currie Road",
3 Bedroom House,1685000.0,3.0,3.0,7.0,954.0,,
4 Bedroom House,15900000.0,4.0,45.0,2.0,1750.0,,
4 Bedroom Townhouse,3399000.0,4.0,35.0,2.0,,1 Lee Barne Boulevard,
3 Bedroom House,3750000.0,3.0,2.0,2.0,1784.0,,
3 Bedroom Townhouse,2100000.0,3.0,2.0,2.0,,"9 Lambert Close, 235 Lambert Road",
4 Bedroom Townhouse,3399000.0,4.0,35.0,2.0,,1 Lee Barne Boulevard,
2 Bedroom Townhouse,1895000.0,2.0,2.0,3.0,,,
3 Bedroom Townhouse,3075000.0,3.0,3.0,4.0,180.0,"4 Cotswold Downs Golf Estate, 76 Inanda Road",
5 Bedroom House,7000000.0,5.0,4.0,3.0,1108.0,,
3 Bedroom Apartment,3250000.0,3.0,2.0,1.0,,,
2 Bedroom Apartment,1799000.0,2.0,2.0,1.0,,8 Douglas Crowe Drive,
2 Bedroom Apartment,1799000.0,2.0,2.0,1.0,,8 Douglas Crowe Drive,
2 Bedroom Apartment,1799000.0,2.0,2.0,1.0,,8 Douglas Crowe Drive,
1 Bedroom Apartment,1399000.0,1.0,1.0,1.0,,8 Douglas Crowe Drive,
3 Bedroom Apartment,2399000.0,3.0,2.0,1.0,,8 Douglas Crowe Drive,
5 Bedroom House,2150000.0,5.0,4.0,4.0,2039.0,15 Edinburgh Street,
1 Bedroom Apartment,1499000.0,1.0,1.0,1.0,,8 Douglas Crowe Drive,
2 Bedroom Apartment,1999000.0,2.0,2.0,1.0,,8 Douglas Crowe Drive,
7 Bedroom House,4299500.0,7.0,6.0,8.0,2356.0,,
2 Bedroom Townhouse,1200000.0,2.0,1.0,2.0,10315.0,758 Weightman Avenue,
4 Bedroom House,2900000.0,4.0,4.0,4.0,391.0,,
5 Bedroom House,7695000.0,5.0,55.0,2.0,1315.0,,
1 Bedroom Apartment,399000.0,1.0,1.0,1.0,,,
6 Bedroom House,1400000.0,6.0,3.0,3.0,1896.0,49 Lagoon Crescent,
3 Bedroom House,1825000.0,3.0,2.0,3.0,1787.0,,
6 Bedroom House,1400000.0,6.0,3.0,3.0,1896.0,49 Lagoon Crescent,
4 Bedroom House,1570000.0,4.0,3.0,4.0,2117.0,,
2 Bedroom Apartment,1200000.0,2.0,2.0,1.0,,"9 Ss Ocean Breeze, 16 Forest Road",
4 Bedroom Townhouse,5750000.0,4.0,3.0,6.0,693.0,"11 Driftwood Estate, 11 Cobblestone Lane",
2 Bedroom Apartment,1600000.0,2.0,2.0,2.0,,13 Zenith Drive,
3 Bedroom House,998000.0,3.0,1.0,4.0,1306.0,,
2 Bedroom Apartment,450000.0,2.0,1.0,,,,
2 Bedroom Apartment,850000.0,2.0,1.0,1.0,,,
3 Bedroom Apartment,1180000.0,3.0,2.0,1.0,,,
3 Bedroom Townhouse,4350000.0,3.0,3.0,2.0,12500.0,"3 Sovereign Sands, 20 Salmon Avenue",
2 Bedroom House,2250000.0,2.0,2.0,5.0,490.0,125 Juniper Road,
1 Bedroom Apartment,880000.0,1.0,1.0,,,,
3 Bedroom Apartment,2650000.0,3.0,3.0,2.0,,,
3 Bedroom Townhouse,3995000.0,3.0,25.0,2.0,,,
2 Bedroom Apartment,1545000.0,2.0,2.0,2.0,,1 R627,
4 Bedroom House,5500000.0,4.0,4.0,8.0,,,
5 Bedroom House,2295000.0,5.0,35.0,1.0,464.0,,
3 Bedroom House,1299000.0,3.0,2.0,,220.0,,
2 Bedroom Apartment,1150000.0,2.0,1.0,1.0,,,
2 Bedroom Apartment,1195000.0,2.0,2.0,1.0,,,
3 Bedroom Townhouse,3385000.0,3.0,2.0,2.0,,,
2 Bedroom Apartment,920000.0,2.0,1.0,,71.0,,
2 Bedroom House,700000.0,2.0,1.0,7.0,920.0,,
2 Bedroom Apartment,1080000.0,2.0,1.0,2.0,,,
1 Bedroom Apartment,995000.0,1.0,1.0,1.0,,,
3 Bedroom Townhouse,1395000.0,3.0,2.0,2.0,,,
2 Bedroom Apartment,850000.0,2.0,15.0,1.0,,,
3 Bedroom Townhouse,3695000.0,3.0,25.0,2.0,,,
1 Bedroom Apartment,899000.0,1.0,1.0,2.0,40.0,,
4 Bedroom House,750000.0,4.0,2.0,1.0,183.0,,
3 Bedroom Townhouse,4300000.0,3.0,2.0,2.0,,,
3 Bedroom Apartment,3000000.0,3.0,3.0,2.0,,,
1 Bedroom Apartment,900000.0,1.0,1.0,1.0,,,
1.5 Bedroom Apartment,665000.0,15.0,15.0,1.0,,,
3 Bedroom House,1700000.0,3.0,15.0,6.0,807.0,,
2.5 Bedroom Apartment,2650000.0,25.0,25.0,1.0,,,
2 Bedroom Apartment,1080000.0,2.0,1.0,2.0,,,
1.5 Bedroom Apartment,790000.0,15.0,1.0,1.0,,,
2 Bedroom Apartment,3100000.0,2.0,2.0,1.0,,,
2 Bedroom Townhouse,1220000.0,2.0,2.0,1.0,2424.0,,
5 Bedroom Townhouse,770000.0,5.0,2.0,1.0,,,
3 Bedroom Apartment,1692000.0,3.0,2.0,2.0,,,
4 Bedroom House,2995000.0,4.0,2.0,2.0,1350.0,,
2 Bedroom House,869000.0,2.0,1.0,1.0,652.0,,
14 Bedroom House,6200000.0,14.0,11.0,5.0,2591.0,793 Montague Road,
3 Bedroom House,1798711.0,3.0,2.0,1.0,383.0,,
2 Bedroom House,5400000.0,2.0,2.0,3.0,177.0,,
4 Bedroom House,7250000.0,4.0,4.0,2.0,200.0,"533 San Lameer Estate, Lower South Cost Kwa-Zulu Natal N2s R61, San Lameer",
2 Bedroom Apartment,1399000.0,2.0,2.0,1.0,,,
3 Bedroom House,1150000.0,3.0,15.0,1.0,532.0,,
1 Bedroom Apartment,740000.0,1.0,1.0,1.0,,,
2 Bedroom Apartment,750000.0,2.0,1.0,1.0,,,
3 Bedroom House,750000.0,3.0,2.0,2.0,,,
3 Bedroom House,1690000.0,3.0,1.0,5.0,1033.0,,
0.5 Bedroom Apartment,2650000.0,5.0,1.0,,,,
3 Bedroom House,850000.0,3.0,2.0,5.0,550.0,,
1 Bedroom Apartment,375000.0,1.0,1.0,,,"6 Ss Birdsongs, 12a Mount Argus Road",
2.5 Bedroom Apartment,850000.0,25.0,1.0,1.0,,,
3 Bedroom House,850000.0,3.0,2.0,5.0,550.0,,
2 Bedroom Apartment,799000.0,2.0,1.0,,,,
1 Bedroom Apartment,380000.0,1.0,1.0,1.0,,,
4 Bedroom House,600000.0,4.0,2.0,4.0,393.0,,
8 Bedroom House,3499000.0,8.0,8.0,7.0,2572.0,,
2 Bedroom Apartment,1650000.0,2.0,1.0,2.0,,,
1 Bedroom Apartment,650000.0,1.0,1.0,1.0,,,
3 Bedroom House,930000.0,3.0,1.0,2.0,638.0,,
2 Bedroom Apartment,1575000.0,2.0,2.0,2.0,,"303 Imbali Ridge Estate, R627 R627",
3 Bedroom Apartment,710000.0,3.0,2.0,1.0,,,
3 Bedroom Townhouse,799000.0,3.0,1.0,5.0,16160.0,,
3 Bedroom Apartment,2095000.0,3.0,2.0,2.0,,,
4 Bedroom House,600000.0,4.0,2.0,4.0,393.0,,
1 Bedroom Apartment,995000.0,1.0,1.0,,,"28 Caister Lodge Retirement Complex, 264 Musgrave Road",
4 Bedroom Townhouse,5850000.0,4.0,4.0,6.0,,,
2 Bedroom Apartment,2200000.0,2.0,2.0,1.0,,,
3 Bedroom House,650000.0,3.0,1.0,6.0,415.0,,
2 Bedroom Apartment,3400000.0,2.0,2.0,2.0,,,
3 Bedroom Townhouse,1495000.0,3.0,2.0,2.0,4038.0,,
1 Bedroom Apartment,485000.0,1.0,1.0,1.0,,,
7 Bedroom House,6500000.0,7.0,7.0,14.0,1230.0,,
3 Bedroom Apartment,3495000.0,3.0,3.0,2.0,,,
5 Bedroom Townhouse,5200000.0,5.0,5.0,4.0,1873.0,"16 Eagle Rock, St Helier Road",
2 Bedroom Apartment,1050000.0,2.0,2.0,1.0,,,
3 Bedroom Apartment,1400000.0,3.0,2.0,1.0,127.0,125 Marine Drive,
3 Bedroom Apartment,2750000.0,3.0,3.0,2.0,,,
4 Bedroom House,7900000.0,4.0,3.0,4.0,991.0,,
2 Bedroom Apartment,650000.0,2.0,1.0,1.0,,,
4 Bedroom Apartment,9517500.0,4.0,4.0,2.0,,,
3 Bedroom House,1750000.0,3.0,3.0,2.0,,,
2 Bedroom Apartment,2100000.0,2.0,2.0,1.0,,,
2 Bedroom Apartment,950000.0,2.0,1.0,,,"67 Caister Lodge Retirement Complex, 264 Musgrave Road",
House,4200000.0,,,,,,
2 Bedroom Apartment,820000.0,2.0,2.0,,,,
1 Bedroom Apartment,640000.0,1.0,1.0,1.0,,,
2 Bedroom Apartment,750000.0,2.0,1.0,1.0,96.0,,
1.5 Bedroom Apartment,650000.0,15.0,1.0,1.0,,,
3 Bedroom Apartment,1270000.0,3.0,2.0,2.0,,,
House,4200000.0,,,,,,
2 Bedroom Apartment,3760000.0,2.0,2.0,,,1 Sibaya Drive,
3 Bedroom House,850000.0,3.0,1.0,5.0,648.0,,
2 Bedroom House,550000.0,2.0,1.0,2.0,600.0,,
3 Bedroom House,830000.0,3.0,1.0,1.0,786.0,,
2 Bedroom Townhouse,880000.0,2.0,2.0,1.0,,,
3 Bedroom Apartment,10900000.0,3.0,35.0,2.0,,,
3 Bedroom Apartment,3750000.0,3.0,2.0,2.0,,,
2 Bedroom Apartment,4980000.0,2.0,2.0,1.0,,,
House,2100000.0,,,,867.0,,
1 Bedroom Apartment,799000.0,1.0,1.0,,,,
2 Bedroom Apartment,1380000.0,2.0,1.0,2.0,,,
2 Bedroom Apartment,1895000.0,2.0,2.0,2.0,,,
3 Bedroom Apartment,1049000.0,3.0,2.0,3.0,,,
1 Bedroom House,530000.0,1.0,1.0,2.0,2024.0,,
3 Bedroom House,870000.0,3.0,2.0,4.0,841.0,,
2 Bedroom Apartment,1100000.0,2.0,1.0,2.0,,,
2 Bedroom Apartment,1095000.0,2.0,1.0,2.0,,,
3 Bedroom Apartment,1950000.0,3.0,2.0,2.0,,,
3 Bedroom Townhouse,1175000.0,3.0,2.0,2.0,,,
2 Bedroom Apartment,1380000.0,2.0,1.0,2.0,,,
2 Bedroom Apartment,2895000.0,2.0,2.0,2.0,,,
3 Bedroom Apartment,4995000.0,3.0,2.0,2.0,,,
2 Bedroom Apartment,2500000.0,2.0,1.0,1.0,,,
3 Bedroom House,1570000.0,3.0,15.0,2.0,,,
10 Bedroom House,1500000.0,10.0,3.0,2.0,2645.0,169 Elf Pl,
1.5 Bedroom Apartment,650000.0,15.0,1.0,1.0,,,
1 Bedroom Apartment,480000.0,1.0,1.0,1.0,,,
3 Bedroom House,850000.0,3.0,15.0,1.0,199.0,,
4 Bedroom House,11900000.0,4.0,5.0,16.0,1251.0,15 Canterbury Crescent,
1 Bedroom Apartment,475000.0,1.0,1.0,1.0,,,
3 Bedroom House,795000.0,3.0,2.0,3.0,392.0,,
4 Bedroom House,1695000.0,4.0,2.0,5.0,1136.0,,
2 Bedroom Townhouse,1149000.0,2.0,1.0,1.0,,,
3 Bedroom Townhouse,5495000.0,3.0,3.0,2.0,,,
3 Bedroom Townhouse,2350000.0,3.0,2.0,2.0,,"4 Ss Talesha Mews, 78 Vause Road",
1 Bedroom Apartment,1650000.0,1.0,1.0,1.0,,"65 The Madison, 22 Umhlanga Ridge Boulevard",
House,825000.0,,,,187.0,,
3 Bedroom House,1850000.0,3.0,2.0,3.0,,"2 Ss Silverton Road No 106, 106 Silverton Road",
4 Bedroom House,1290000.0,4.0,3.0,6.0,651.0,,
3 Bedroom Townhouse,1500000.0,3.0,20.0,2.0,,543 Felix Dlamini Road,
4 Bedroom House,1799000.0,4.0,2.0,2.0,1152.0,4 Freesia Place,
3 Bedroom Townhouse,5495000.0,3.0,3.0,2.0,,,
4 Bedroom Apartment,1650000.0,4.0,2.0,2.0,,,
4 Bedroom Townhouse,7500000.0,4.0,4.0,2.0,5880.0,"7 Ss THE Corals, 7 Coral Close, Unit 7 The Corals",
3 Bedroom Townhouse,1660000.0,3.0,2.0,2.0,,"79 Ss Strawberry Fields, 144 Wattle Grove",
3 Bedroom Townhouse,1100000.0,3.0,2.0,4.0,12986.0,"7 Ss Elysium Cabana Resort, 5 Cowry Drive",
3 Bedroom House,3870000.0,3.0,25.0,2.0,2398.0,,
2 Bedroom House,650000.0,2.0,1.0,3.0,220.0,,
5 Bedroom House,300000.0,5.0,1.0,,1311.0,110262 Baphehli Area,
3 Bedroom Townhouse,2450000.0,3.0,3.0,2.0,,"Sect 12 Ilanga Park, 3 Imbenge Close",
6 Bedroom House,10000000.0,6.0,5.0,9.0,1292.0,,
3 Bedroom House,890000.0,3.0,1.0,6.0,450.0,,
5 Bedroom House,8795000.0,5.0,45.0,4.0,862.0,35 Summit Road,
4 Bedroom House,1350000.0,4.0,2.0,2.0,1003.0,,
5 Bedroom House,700000.0,5.0,25.0,2.0,,,
3 Bedroom Townhouse,2450000.0,3.0,3.0,2.0,,"Sect 12 Ilanga Park, 3 Imbenge Close",
4 Bedroom House,9850000.0,4.0,35.0,4.0,874.0,,
3 Bedroom House,950000.0,3.0,2.0,,759.0,,
3 Bedroom House,1250000.0,3.0,2.0,4.0,670.0,,
2 Bedroom House,2970000.0,2.0,2.0,2.0,,,
3 Bedroom House,2750000.0,3.0,3.0,5.0,985.0,,
4 Bedroom House,5495000.0,4.0,4.0,1.0,200.0,"606 San Lameer, R61 Lower South Coast Road, San Lameer, San Lameer.",
2 Bedroom House,700000.0,2.0,1.0,3.0,134.0,,
3 Bedroom Apartment,3200000.0,3.0,2.0,1.0,,,
1 Bedroom Apartment,1449000.0,1.0,1.0,1.0,,,
4 Bedroom House,5199000.0,4.0,3.0,2.0,504.0,28 Stables Village Drive,
4 Bedroom House,2450000.0,4.0,3.0,3.0,980.0,,
3 Bedroom Townhouse,1595000.0,3.0,2.0,3.0,,,
3 Bedroom House,2950000.0,3.0,2.0,4.0,709.0,,
3 Bedroom Townhouse,2400000.0,3.0,2.0,6.0,,,
2 Bedroom Apartment,1899000.0,2.0,2.0,2.0,,,
4 Bedroom Apartment,3980000.0,4.0,3.0,2.0,,"45 The Beacon, 92 Ocean Street",
2 Bedroom Apartment,1695000.0,2.0,1.0,2.0,,,
2 Bedroom Apartment,650000.0,2.0,2.0,1.0,,,
14 Bedroom House,2450000.0,14.0,9.0,4.0,2173.0,12 Belleview Road,
3 Bedroom House,1100000.0,3.0,1.0,4.0,820.0,58 Foreman Road,
1 Bedroom Apartment,749000.0,1.0,1.0,1.0,,,
3 Bedroom House,5800000.0,3.0,25.0,3.0,,,
3 Bedroom House,2950000.0,3.0,2.0,4.0,709.0,,
2 Bedroom Townhouse,850000.0,2.0,2.0,2.0,89896.0,,
2 Bedroom Apartment,2750000.0,2.0,2.0,2.0,,"15 Soofie Saheb Drive, Durban North,4051",
2 Bedroom Apartment,1029100.0,2.0,2.0,1.0,,,
3 Bedroom Apartment,1875000.0,3.0,2.0,4.0,,,
2 Bedroom Townhouse,2050000.0,2.0,2.0,2.0,,,
2 Bedroom Apartment,902000.0,2.0,2.0,2.0,,,
3 Bedroom House,1549000.0,3.0,1.0,11.0,935.0,111 Hignett Road,
2 Bedroom House,550000.0,2.0,1.0,,220.0,11149 Dumisani Makhaye,
3 Bedroom Townhouse,1599000.0,3.0,2.0,4.0,,,
House,1100000.0,,,,450.0,,
2 Bedroom Apartment,1050000.0,2.0,2.0,1.0,,,
4 Bedroom House,4850000.0,4.0,25.0,6.0,,5 Cotswold Downs Estate,
3 Bedroom House,1345000.0,3.0,15.0,1.0,352.0,20 Stranack Road,
4 Bedroom House,2950000.0,4.0,2.0,3.0,3035.0,,
2 Bedroom House,500000.0,2.0,1.0,,464.0,,
2 Bedroom House,970000.0,2.0,2.0,1.0,358.0,,
3 Bedroom Townhouse,1900000.0,3.0,2.0,1.0,699.0,,
3 Bedroom House,1085000.0,3.0,2.0,1.0,2172.0,,
3 Bedroom House,989000.0,3.0,1.0,3.0,396.0,,
5 Bedroom House,8795000.0,5.0,45.0,4.0,,,
3 Bedroom House,1200000.0,3.0,1.0,1.0,892.0,,
3 Bedroom House,1130000.0,3.0,15.0,2.0,,10 Kingsley Terrace,
3 Bedroom House,1350000.0,3.0,2.0,6.0,1275.0,,
3 Bedroom Townhouse,1399000.0,3.0,25.0,2.0,7056.0,,
2 Bedroom Apartment,690000.0,2.0,1.0,2.0,,14 Farewell Road,
3 Bedroom House,1180000.0,3.0,1.0,,427.0,,
4 Bedroom Townhouse,2850000.0,4.0,3.0,2.0,,53 Norfolk Terrace,
2 Bedroom Apartment,1284000.0,2.0,2.0,1.0,,137 Marine Drive (chesapeak),
4 Bedroom House,4850000.0,4.0,25.0,6.0,,5 Cotswold Downs Estate,
3 Bedroom House,630000.0,3.0,1.0,,800.0,,
3 Bedroom House,2150000.0,3.0,25.0,4.0,1082.0,,
3 Bedroom House,1780000.0,3.0,35.0,3.0,1012.0,,
3 Bedroom House,1395000.0,3.0,1.0,12.0,616.0,,
3 Bedroom House,2100000.0,3.0,2.0,8.0,1527.0,,
5 Bedroom House,3995000.0,5.0,35.0,5.0,2040.0,6 Alida Place,
3 Bedroom House,670000.0,3.0,2.0,1.0,,,
3 Bedroom House,1620000.0,3.0,2.0,2.0,1050.0,,
3 Bedroom House,1695000.0,3.0,25.0,3.0,979.0,,
3 Bedroom House,670000.0,3.0,2.0,1.0,,,
2 Bedroom Apartment,1150000.0,2.0,1.0,1.0,,18 Halford Road,
2 Bedroom Townhouse,1950000.0,2.0,15.0,2.0,,1 Tekwane Place,
4 Bedroom House,950000.0,4.0,15.0,3.0,764.0,,
4 Bedroom House,990000.0,4.0,4.0,2.0,549.0,,
3 Bedroom House,970000.0,3.0,1.0,8.0,518.0,,
4 Bedroom House,5000000.0,4.0,35.0,6.0,1505.0,,
3 Bedroom House,550000.0,3.0,1.0,1.0,,,
3 Bedroom House,750000.0,3.0,2.0,2.0,281.0,,
3 Bedroom House,630000.0,3.0,2.0,2.0,,,
2 Bedroom House,1199000.0,2.0,1.0,11.0,,,
1 Bedroom Apartment,540000.0,1.0,1.0,1.0,,"20 Beach Lodge, 6 Lagoon Road",
4 Bedroom Townhouse,5295000.0,4.0,2.0,2.0,,,
5 Bedroom House,2200000.0,5.0,4.0,5.0,809.0,,
8 Bedroom House,4400000.0,8.0,10.0,9.0,1105.0,,
3 Bedroom House,1100000.0,3.0,1.0,3.0,382.0,,
2 Bedroom Apartment,980000.0,2.0,2.0,1.0,,,
3 Bedroom Apartment,2650000.0,3.0,3.0,2.0,2695.0,,
4 Bedroom House,13950000.0,4.0,4.0,8.0,1457.0,,
3 Bedroom House,2600000.0,3.0,2.0,4.0,2262.0,,
3 Bedroom House,2500000.0,3.0,2.0,12.0,1082.0,,
2 Bedroom Apartment,1395000.0,2.0,2.0,1.0,,,
1 Bedroom Townhouse,1080000.0,1.0,1.0,2.0,,,
4 Bedroom House,4300000.0,4.0,3.0,2.0,931.0,,
2 Bedroom Apartment,650000.0,2.0,2.0,2.0,9714.0,,
3 Bedroom Townhouse,2900000.0,3.0,35.0,3.0,,,
3 Bedroom Townhouse,2900000.0,3.0,35.0,3.0,,,
3 Bedroom Apartment,2950000.0,3.0,2.0,,,,
4 Bedroom House,1795000.0,4.0,3.0,4.0,820.0,,
3 Bedroom Apartment,2850000.0,3.0,2.0,2.0,,,
2 Bedroom Apartment,475000.0,2.0,1.0,1.0,,,
1.5 Bedroom Apartment,1298000.0,15.0,1.0,,,,
1 Bedroom Townhouse,1100000.0,1.0,1.0,1.0,1948.0,,
1.5 Bedroom Apartment,395000.0,15.0,1.0,1.0,,,
1 Bedroom Apartment,630000.0,1.0,1.0,2.0,,,
2 Bedroom Apartment,850000.0,2.0,1.0,1.0,,,
2 Bedroom Apartment,850000.0,2.0,1.0,1.0,,,
2 Bedroom Townhouse,600000.0,2.0,1.0,1.0,,,
3 Bedroom House,699000.0,3.0,1.0,1.0,,,
2 Bedroom Apartment,1450000.0,2.0,2.0,2.0,,,
3 Bedroom Townhouse,2950000.0,3.0,2.0,2.0,3796.0,,
3 Bedroom Apartment,650000.0,3.0,1.0,,,,
2 Bedroom Apartment,1500000.0,2.0,1.0,2.0,,"2 Newlands, 396 Musgrave Road",
3 Bedroom Townhouse,960000.0,3.0,2.0,1.0,4165.0,,
1.5 Bedroom Apartment,1295000.0,15.0,15.0,2.0,,,
3 Bedroom House,1899000.0,3.0,1.0,8.0,1112.0,,
3 Bedroom House,945000.0,3.0,2.0,4.0,470.0,,
2 Bedroom Apartment,999000.0,2.0,1.0,1.0,,31 Eden Dunes 1130 East Street,
2 Bedroom House,850000.0,2.0,1.0,2.0,108034.0,1a Ramsay Road,
3 Bedroom Apartment,1590000.0,3.0,2.0,1.0,,76 Colin Street,
2 Bedroom Townhouse,1150000.0,2.0,1.0,1.0,,"Unit 9 Driefontein, 4 Jasmin Road,",
3 Bedroom Townhouse,1255000.0,3.0,2.0,2.0,114.0,,
2 Bedroom Apartment,2395000.0,2.0,2.0,2.0,,,
3 Bedroom House,900000.0,3.0,2.0,6.0,397.0,,
4 Bedroom House,2950000.0,4.0,1.0,4.0,1013.0,,
3 Bedroom House,2350000.0,3.0,1.0,9.0,952.0,,
3 Bedroom House,3950000.0,3.0,3.0,2.0,74630.0,,
2 Bedroom Apartment,980000.0,2.0,2.0,1.0,,,
2 Bedroom House,775000.0,2.0,2.0,8.0,1097.0,,
3 Bedroom Townhouse,7500000.0,3.0,3.0,2.0,6687.0,,
3 Bedroom Townhouse,1890000.0,3.0,3.0,3.0,2289.0,,
6 Bedroom House,15000000.0,6.0,5.0,4.0,1301.0,,
3 Bedroom Apartment,1750000.0,3.0,15.0,2.0,,,
1 Bedroom Apartment,600000.0,1.0,1.0,1.0,,,
4 Bedroom Apartment,7500000.0,4.0,4.0,3.0,,,
2 Bedroom House,775000.0,2.0,2.0,8.0,1097.0,,
2 Bedroom Apartment,790000.0,2.0,15.0,1.0,,,
3 Bedroom Townhouse,4995000.0,3.0,3.0,2.0,40563.0,,
4 Bedroom House,1400000.0,4.0,15.0,2.0,292.0,,
3 Bedroom Townhouse,1550000.0,3.0,2.0,3.0,9322.0,,
2 Bedroom Apartment,680000.0,2.0,1.0,1.0,,,
3 Bedroom House,690000.0,3.0,1.0,,352.0,,
2 Bedroom Apartment,1315000.0,2.0,1.0,1.0,32.0,,
3 Bedroom Townhouse,2495000.0,3.0,2.0,2.0,,,
3 Bedroom House,800000.0,3.0,2.0,2.0,,,
2 Bedroom Townhouse,2450000.0,2.0,25.0,2.0,,,
3 Bedroom Apartment,2499000.0,3.0,2.0,2.0,155.0,,
6 Bedroom Townhouse,4100000.0,6.0,4.0,4.0,12500.0,"35 Sovereign Sands, 20 Marlin Avenue",
2 Bedroom Apartment,420000.0,2.0,1.0,2.0,,,
3 Bedroom Townhouse,1720000.0,3.0,3.0,1.0,781067.0,,
2.5 Bedroom Apartment,1099000.0,25.0,2.0,1.0,,,
3 Bedroom House,1600000.0,3.0,2.0,3.0,1069.0,,
4 Bedroom House,1300000.0,4.0,2.0,2.0,277.0,,
3 Bedroom Apartment,1195000.0,3.0,2.0,1.0,,,
3 Bedroom House,4400000.0,3.0,25.0,4.0,968.0,,
2.5 Bedroom Apartment,695000.0,25.0,1.0,,,,
2 Bedroom House,490000.0,2.0,1.0,4.0,373.0,15 Indodakusuka Mews,
3 Bedroom House,2950000.0,3.0,2.0,2.0,1009.0,,
4 Bedroom House,3999000.0,4.0,35.0,6.0,611.0,,
5 Bedroom House,2950000.0,5.0,3.0,3.0,1459.0,,
4 Bedroom House,4950000.0,4.0,4.0,4.0,2355.0,,
4 Bedroom House,6499000.0,4.0,2.0,7.0,1468.0,,
3 Bedroom House,1280000.0,3.0,2.0,2.0,200.0,,
4 Bedroom House,1400000.0,4.0,2.0,5.0,294.0,25 Lakestone,
4 Bedroom House,3995000.0,4.0,25.0,4.0,1745.0,,
4 Bedroom House,1050000.0,4.0,2.0,,1356.0,,
3 Bedroom House,4400000.0,3.0,25.0,4.0,968.0,,
2 Bedroom Apartment,1695000.0,2.0,2.0,2.0,,"222 300 Vause, 300 Vause Road",
4 Bedroom House,11750000.0,4.0,4.0,10.0,1098.0,"Ithafa Close, 33 Ithafa Close",
5 Bedroom House,4200000.0,5.0,4.0,3.0,1349.0,,
3 Bedroom House,5950000.0,3.0,2.0,4.0,,"5 Oceans On Main, 1 Main Road",
4 Bedroom House,1075000.0,4.0,2.0,1.0,,,
3 Bedroom Apartment,3195000.0,3.0,2.0,2.0,,,
6 Bedroom House,5830000.0,6.0,7.0,4.0,1022.0,15 Minerva Road,
1 Bedroom Apartment,995000.0,1.0,1.0,1.0,,,
2 Bedroom Apartment,1400000.0,2.0,2.0,2.0,,,
3 Bedroom House,4770000.0,3.0,2.0,4.0,615.0,64 Salt Rock Road,
3 Bedroom House,1500000.0,3.0,2.0,1.0,1371.0,,
9 Bedroom House,1000000.0,9.0,3.0,10.0,509.0,,
1 Bedroom Apartment,720000.0,1.0,1.0,,,,
2 Bedroom Apartment,400000.0,2.0,1.0,1.0,,,
3 Bedroom House,990000.0,3.0,2.0,4.0,1872.0,,
4 Bedroom House,1400000.0,4.0,2.0,3.0,697.0,,
4 Bedroom House,7500000.0,4.0,4.0,3.0,653.0,2 Emerald Lane,
3 Bedroom House,1433692.0,3.0,2.0,1.0,239.0,,
3 Bedroom Townhouse,4250000.0,3.0,3.0,3.0,6526.0,"4 Ss Sanctuary Villas, 1 Marula Close, Unit 4 Sanctuary Villas",
4 Bedroom House,11750000.0,4.0,4.0,10.0,1098.0,"Ithafa Close, 33 Ithafa Close",
1 Bedroom Apartment,4000000.0,1.0,2.0,1.0,,,
4 Bedroom House,5750000.0,4.0,4.0,8.0,,416 Innes Road,
2 Bedroom Apartment,995000.0,2.0,1.0,2.0,,100 J.b.marks Road,
3 Bedroom House,875000.0,3.0,2.0,2.0,208.0,,
2 Bedroom Townhouse,750000.0,2.0,1.0,1.0,1767.0,,
3 Bedroom House,1030000.0,3.0,4.0,4.0,750.0,,
3 Bedroom House,2000000.0,3.0,3.0,15.0,758.0,,
3 Bedroom House,2595000.0,3.0,2.0,10.0,2344.0,,
2 Bedroom Apartment,2670000.0,2.0,2.0,1.0,,,
2 Bedroom Apartment,820000.0,2.0,1.0,2.0,,,
4 Bedroom House,1995000.0,4.0,3.0,4.0,702.0,,
1.5 Bedroom Apartment,750000.0,15.0,1.0,1.0,8767.0,,
4 Bedroom House,1150000.0,4.0,1.0,1.0,594.0,,
2 Bedroom Apartment,1200000.0,2.0,1.0,1.0,,"919 Ss Ballito Groves, 1 Lee Barnes Boulevard",
3 Bedroom Townhouse,6800000.0,3.0,35.0,6.0,,,
2 Bedroom Apartment,1500000.0,2.0,2.0,1.0,,,
2 Bedroom Apartment,1395000.0,2.0,2.0,1.0,,,
3 Bedroom Townhouse,6800000.0,3.0,35.0,6.0,,,
3 Bedroom Townhouse,995000.0,3.0,2.0,2.0,872.0,,
4 Bedroom House,3800000.0,4.0,3.0,2.0,598.0,,
2 Bedroom Apartment,795000.0,2.0,1.0,2.0,,,
2 Bedroom Apartment,3995000.0,2.0,2.0,1.0,,22 Simbithi Verve,
6 Bedroom House,2795000.0,6.0,6.0,4.0,1034.0,914 Blackpool Avenue,
2 Bedroom Apartment,1300000.0,2.0,1.0,,,91 Somtseu Road,
6 Bedroom House,10750000.0,6.0,5.0,4.0,6188.0,,
3 Bedroom House,1295000.0,3.0,2.0,15.0,799.0,,
1 Bedroom Apartment,2807000.0,1.0,1.0,1.0,,,
2 Bedroom Apartment,1200000.0,2.0,1.0,1.0,,,
5 Bedroom House,899000.0,5.0,3.0,1.0,,,
2 Bedroom Apartment,2200000.0,2.0,2.0,1.0,,,
1 Bedroom Apartment,350000.0,1.0,1.0,,,,
3 Bedroom Apartment,1299000.0,3.0,2.0,3.0,,,
3 Bedroom Apartment,24995000.0,3.0,3.0,3.0,,,
4 Bedroom House,5990000.0,4.0,35.0,2.0,1299.0,,
2.5 Bedroom Apartment,1050000.0,25.0,15.0,2.0,,,
2 Bedroom Apartment,1260000.0,2.0,2.0,2.0,,,
3 Bedroom Apartment,5000000.0,3.0,2.0,3.0,,181 Lambert Road,
4 Bedroom Apartment,5995000.0,4.0,3.0,2.0,,,
4 Bedroom House,1500000.0,4.0,25.0,7.0,1258.0,,
3 Bedroom House,1295000.0,3.0,2.0,15.0,799.0,,
4 Bedroom House,6495000.0,4.0,4.0,17.0,981.0,,
2 Bedroom Apartment,2250000.0,2.0,2.0,2.0,,,
2 Bedroom Apartment,1870000.0,2.0,2.0,2.0,,,
2 Bedroom Apartment,2550000.0,2.0,2.0,2.0,,,
4 Bedroom House,1575000.0,4.0,25.0,2.0,1065.0,,
5 Bedroom House,1595000.0,5.0,2.0,5.0,353.0,,
3 Bedroom Apartment,950000.0,3.0,2.0,1.0,,,
3 Bedroom House,950000.0,3.0,2.0,5.0,465.0,,
1 Bedroom Apartment,730000.0,1.0,2.0,1.0,,,
1 Bedroom Apartment,990000.0,1.0,1.0,1.0,,,
6 Bedroom House,3300000.0,6.0,6.0,4.0,870.0,,
3 Bedroom Apartment,3250000.0,3.0,2.0,4.0,,,
3 Bedroom House,1250000.0,3.0,4.0,2.0,727.0,,
4 Bedroom House,2150000.0,4.0,35.0,10.0,450.0,,
2 Bedroom Apartment,1695000.0,2.0,2.0,2.0,,"19 Ballito Village, 3 Douglas Crowe Drive",
3 Bedroom Townhouse,800000.0,3.0,1.0,1.0,,,
6 Bedroom House,1600000.0,6.0,4.0,3.0,2000.0,,
3 Bedroom Apartment,4150000.0,3.0,2.0,2.0,,"12 322 On Boulevard, 9 Albizia Drive",
2 Bedroom Apartment,795000.0,2.0,2.0,2.0,,,
3 Bedroom Apartment,800000.0,3.0,1.0,2.0,,,
1 Bedroom Apartment,955000.0,1.0,15.0,1.0,,,
2 Bedroom Townhouse,575000.0,2.0,2.0,1.0,,,
3 Bedroom House,870000.0,3.0,2.0,1.0,1668.0,,
3 Bedroom Townhouse,970000.0,3.0,3.0,1.0,3000.0,,
3 Bedroom Apartment,4150000.0,3.0,2.0,2.0,,"12 322 On Boulevard, 9 Albizia Drive",
2 Bedroom Apartment,4895000.0,2.0,2.0,1.0,,"102 Ernie Els Suites, 1 Zimbali Lakes Resort",
2 Bedroom House,3500000.0,2.0,2.0,2.0,338725.0,,
2 Bedroom Apartment,810000.0,2.0,1.0,1.0,,,
2 Bedroom Apartment,795000.0,2.0,1.0,1.0,,,
2 Bedroom Townhouse,2700000.0,2.0,2.0,3.0,,,
1 Bedroom Apartment,399000.0,1.0,1.0,,,,
3 Bedroom Apartment,3650000.0,3.0,25.0,2.0,,36 Ilala,
3 Bedroom Apartment,1650000.0,3.0,2.0,2.0,,,
2 Bedroom Apartment,620000.0,2.0,1.0,1.0,,,
4 Bedroom House,25000000.0,4.0,45.0,7.0,1072.0,30 Montcalm Drive,
3 Bedroom Apartment,3050000.0,3.0,2.0,2.0,,,
2 Bedroom Apartment,2270000.0,2.0,1.0,1.0,,,
3 Bedroom Apartment,1050000.0,3.0,15.0,2.0,,"Unit 6 Autumn Glades, 46 Hornsea Avenue",
3 Bedroom Townhouse,915000.0,3.0,25.0,4.0,4728.0,,
0.5 Bedroom Apartment,780000.0,5.0,1.0,1.0,,,
2 Bedroom Apartment,1199000.0,2.0,1.0,1.0,,,
2 Bedroom Apartment,1299000.0,2.0,2.0,2.0,,,
2 Bedroom Townhouse,1390000.0,2.0,1.0,2.0,,,
3 Bedroom Apartment,1400000.0,3.0,2.0,2.0,,,
3 Bedroom Apartment,1650000.0,3.0,2.0,2.0,,,
2 Bedroom Apartment,1725000.0,2.0,2.0,2.0,,"313 Ss THE Block, 7 Aurora Drive",
4 Bedroom House,2335000.0,4.0,35.0,2.0,1795.0,,
2 Bedroom Apartment,850000.0,2.0,1.0,1.0,,,
3 Bedroom Apartment,12500000.0,3.0,3.0,3.0,,,
4 Bedroom House,690000.0,4.0,1.0,3.0,307.0,,
2 Bedroom Apartment,580000.0,2.0,1.0,1.0,,33 Maud Mfusi Street,
3 Bedroom Townhouse,4500000.0,3.0,2.0,1.0,191.0,"The Sanctuary , Marula Drive",
3 Bedroom Townhouse,855000.0,3.0,2.0,2.0,8454.0,Villa Terblanche 51 Dorothy Road,
1 Bedroom Apartment,1476000.0,1.0,1.0,,,,
4 Bedroom House,1900000.0,4.0,3.0,2.0,1013.0,474 Hove Crescent,
2 Bedroom Apartment,580000.0,2.0,1.0,1.0,,33 Maud Mfusi Street,
3 Bedroom Townhouse,4550000.0,3.0,25.0,2.0,12403.0,"18 Ss North Shore, 1 Mvula Lane, 18 North Shore",
2 Bedroom Apartment,1150000.0,2.0,1.0,1.0,,,
2 Bedroom Apartment,2800000.0,2.0,2.0,2.0,,,
2 Bedroom Apartment,1950000.0,2.0,1.0,1.0,,46 Heleza Boulevard,
2 Bedroom Apartment,695000.0,2.0,2.0,1.0,,,
Apartment,1500000.0,,1.0,1.0,,,
4 Bedroom Apartment,14850000.0,4.0,4.0,6.0,,"901 Ss Skye Ridgeside, 2 Vuna Close",
2 Bedroom Apartment,2150000.0,2.0,2.0,1.0,,,
1 Bedroom Apartment,590000.0,1.0,15.0,1.0,,,
3 Bedroom House,2495000.0,3.0,2.0,8.0,996.0,,
3 Bedroom House,5950000.0,3.0,2.0,4.0,9765.0,,
4 Bedroom Townhouse,2800000.0,4.0,3.0,3.0,8143.0,,
4 Bedroom House,3700000.0,4.0,3.0,2.0,465.0,19 Ashford Place,
3 Bedroom House,4250000.0,3.0,2.0,6.0,945.0,39 Leonora Drive,
3 Bedroom Townhouse,1300000.0,3.0,2.0,3.0,12319.0,"4 Cranbrooke Mews, 13 Cranbrooke Road",
1 Bedroom Apartment,525000.0,1.0,1.0,1.0,,29 Elizabeth Avenue,
3 Bedroom Apartment,5650000.0,3.0,3.0,2.0,,,
4 Bedroom House,11500000.0,4.0,45.0,4.0,1333.0,,
4 Bedroom House,7999000.0,4.0,45.0,8.0,1235.0,21 Lady Ellen Crescent,
7 Bedroom House,2520000.0,7.0,4.0,5.0,1160.0,39 Umgudulu Road,
3 Bedroom House,1000000.0,3.0,1.0,4.0,1009.0,,
3 Bedroom Townhouse,1300000.0,3.0,2.0,3.0,12319.0,"4 Cranbrooke Mews, 13 Cranbrooke Road",
2 Bedroom Apartment,780000.0,2.0,2.0,1.0,,45 Homestead Road,
3 Bedroom House,1340000.0,3.0,2.0,4.0,464.0,,
3 Bedroom Apartment,1550000.0,3.0,2.0,3.0,,"66 Ss Sanzala, 6 Hime Road",
3 Bedroom House,3999000.0,3.0,2.0,2.0,53833.0,34 Shortens Country Estate,
2 Bedroom Townhouse,2150000.0,2.0,2.0,2.0,,"12 Ss Riverside Park, 81 Anthony Road",
2 Bedroom Apartment,890000.0,2.0,1.0,1.0,,9 Marine Drive,
3 Bedroom Apartment,4100000.0,3.0,2.0,2.0,,,
3 Bedroom House,870000.0,3.0,1.0,,1349.0,,
2 Bedroom Apartment,900000.0,2.0,1.0,2.0,,"8 Surf Edge, 218 Marine Drive",
3 Bedroom Apartment,930000.0,3.0,15.0,2.0,,,
3 Bedroom House,870000.0,3.0,1.0,1.0,450.0,,
2 Bedroom House,1079900.0,2.0,2.0,2.0,757.0,"Palmview Estate, R102 R102",
5 Bedroom House,3495000.0,5.0,4.0,6.0,4280.0,17-760 Oswald Rd,
3 Bedroom Townhouse,850000.0,3.0,1.0,2.0,,"33 Ss Leisuredene, 1 Capri Crescent",
3 Bedroom Townhouse,1395000.0,3.0,2.0,2.0,11111.0,,
3 Bedroom Apartment,1500000.0,3.0,2.0,11.0,,,
3 Bedroom Townhouse,900000.0,3.0,2.0,1.0,,,
3 Bedroom Townhouse,1620000.0,3.0,2.0,2.0,5333.0,,
2 Bedroom Apartment,640000.0,2.0,,1.0,,,
4 Bedroom Apartment,3990000.0,4.0,2.0,3.0,,"Sea Haven, 8 Gazelle Road",
5 Bedroom House,990000.0,5.0,2.0,4.0,1002.0,,
2.5 Bedroom Apartment,1495000.0,25.0,15.0,2.0,,,
2 Bedroom Apartment,799000.0,2.0,1.0,2.0,,,
2 Bedroom Townhouse,1290000.0,2.0,2.0,2.0,596.0,,
2 Bedroom House,750000.0,2.0,1.0,4.0,275.0,,
4 Bedroom House,1290000.0,4.0,2.0,4.0,900.0,,
3 Bedroom House,870000.0,3.0,1.0,1.0,450.0,,
5 Bedroom House,1650000.0,5.0,2.0,3.0,1745.0,,
4 Bedroom House,1550000.0,4.0,3.0,6.0,1672.0,,
3 Bedroom House,2200000.0,3.0,3.0,3.0,1505.0,,
5 Bedroom House,3800000.0,5.0,3.0,6.0,974.0,,
2 Bedroom House,760000.0,2.0,1.0,,90.0,,
3 Bedroom House,874000.0,3.0,2.0,2.0,209.0,,
5 Bedroom House,1550000.0,5.0,4.0,9.0,928.0,,
2 Bedroom Apartment,2149000.0,2.0,2.0,2.0,,,
1.5 Bedroom Apartment,650000.0,15.0,15.0,,,,
5 Bedroom House,1450000.0,5.0,3.0,2.0,1251.0,,
3 Bedroom House,1495000.0,3.0,2.0,,1218.0,,
1 Bedroom Apartment,2999150.0,1.0,1.0,1.0,49925.0,,
2 Bedroom Townhouse,3045000.0,2.0,2.0,2.0,200.0,,
4 Bedroom House,990000.0,4.0,2.0,,1307.0,,
3 Bedroom Apartment,1550000.0,3.0,2.0,1.0,,,
4 Bedroom House,4495000.0,4.0,4.0,6.0,411.0,,
3 Bedroom Apartment,2250000.0,3.0,2.0,2.0,,,
4 Bedroom House,990000.0,4.0,2.0,,1307.0,,
1 Bedroom Apartment,500000.0,1.0,1.0,1.0,,,
3 Bedroom House,1620000.0,3.0,2.0,2.0,,,
3 Bedroom Townhouse,1180000.0,3.0,2.0,4.0,,,
2 Bedroom Townhouse,929000.0,2.0,2.0,2.0,,,
2 Bedroom Apartment,2200000.0,2.0,2.0,2.0,,,
3 Bedroom Apartment,1170000.0,3.0,2.0,2.0,,,
3 Bedroom House,7670000.0,3.0,3.0,,919.0,,
2 Bedroom Apartment,750000.0,2.0,1.0,1.0,,,
3 Bedroom Apartment,10500000.0,3.0,3.0,2.0,,,
2 Bedroom Apartment,450000.0,2.0,1.0,,,,
2 Bedroom Apartment,3375000.0,2.0,2.0,1.0,,,
1 Bedroom Apartment,1999000.0,1.0,1.0,1.0,3248.0,,
Apartment,500000.0,,1.0,1.0,,,
2 Bedroom Apartment,695000.0,2.0,1.0,1.0,,,
1 Bedroom Apartment,350000.0,1.0,1.0,,,,
2 Bedroom Apartment,430000.0,2.0,1.0,3.0,51.0,,
2 Bedroom Apartment,1060000.0,2.0,1.0,2.0,92.0,,
4 Bedroom House,1258000.0,4.0,1.0,1.0,,,
2 Bedroom Apartment,790000.0,2.0,1.0,1.0,,,
1 Bedroom Apartment,550000.0,1.0,1.0,1.0,,,
3 Bedroom Townhouse,850000.0,3.0,1.0,2.0,,,
3 Bedroom Apartment,10500000.0,3.0,3.0,2.0,,,
2 Bedroom Apartment,795000.0,2.0,1.0,,,,
2 Bedroom Apartment,1699000.0,2.0,2.0,,,,
3 Bedroom House,652000.0,3.0,1.0,,,,
1 Bedroom Townhouse,1600000.0,1.0,15.0,1.0,,,
3 Bedroom House,2000000.0,3.0,2.0,2.0,2403.0,,
4 Bedroom House,485000.0,4.0,1.0,,,,
3 Bedroom Apartment,890000.0,3.0,2.0,2.0,,,
3 Bedroom Apartment,2400000.0,3.0,2.0,2.0,,,
1 Bedroom Apartment,650000.0,1.0,1.0,1.0,,,
3 Bedroom Townhouse,1699000.0,3.0,2.0,2.0,4648.0,,
3 Bedroom House,1095000.0,3.0,2.0,,300.0,,
1.5 Bedroom Apartment,750000.0,15.0,1.0,2.0,,,
1 Bedroom Apartment,600000.0,1.0,1.0,1.0,,,
3 Bedroom House,1430000.0,3.0,2.0,4.0,543.0,,
2 Bedroom Apartment,2299000.0,2.0,1.0,2.0,,,
3 Bedroom House,1350000.0,3.0,3.0,8.0,660.0,,
3 Bedroom Apartment,2400000.0,3.0,2.0,2.0,,,
3 Bedroom Apartment,3499000.0,3.0,2.0,2.0,,,
2 Bedroom Apartment,4300000.0,2.0,25.0,2.0,,,
4 Bedroom Townhouse,1640000.0,4.0,2.0,1.0,,,
3 Bedroom House,4360000.0,3.0,2.0,2.0,,,
2 Bedroom Apartment,3250000.0,2.0,2.0,2.0,,,
4 Bedroom Townhouse,1700000.0,4.0,1.0,,2635.0,,
3 Bedroom House,1250000.0,3.0,1.0,,,,
7 Bedroom House,1450000.0,7.0,5.0,4.0,1575.0,,
2 Bedroom Apartment,2040000.0,2.0,2.0,2.0,,,
4 Bedroom House,13950000.0,4.0,4.0,6.0,520.0,,
5 Bedroom House,4500000.0,5.0,25.0,9.0,237.0,,
10 Bedroom House,1720000.0,10.0,85.0,6.0,919.0,,
3 Bedroom Apartment,1310000.0,3.0,25.0,1.0,,21 Lagoon Road,
2 Bedroom Apartment,630000.0,2.0,1.0,2.0,,,
3 Bedroom Townhouse,830000.0,3.0,2.0,2.0,,,
3 Bedroom House,900000.0,3.0,2.0,4.0,1123.0,,
3 Bedroom House,1800000.0,3.0,2.0,3.0,700.0,,
3 Bedroom House,1800000.0,3.0,2.0,3.0,700.0,,
2 Bedroom Apartment,900000.0,2.0,1.0,,,,
3 Bedroom House,1285000.0,3.0,2.0,2.0,1387.0,,
1 Bedroom Apartment,520000.0,1.0,1.0,1.0,,,
2 Bedroom Apartment,950000.0,2.0,1.0,1.0,,,
1 Bedroom Apartment,1375000.0,1.0,1.0,1.0,,,
3 Bedroom House,9750000.0,3.0,35.0,4.0,3377.0,,
5 Bedroom House,3480000.0,5.0,3.0,2.0,35011.0,,
4 Bedroom House,1250000.0,4.0,2.0,10.0,1964.0,,
4 Bedroom House,1550000.0,4.0,2.0,8.0,581.0,,
2 Bedroom Apartment,2690000.0,2.0,2.0,1.0,,,
3 Bedroom Apartment,,3.0,2.0,2.0,,,
2 Bedroom Apartment,1280000.0,2.0,1.0,1.0,,41 Sol Harris Crescent,
2 Bedroom Apartment,1295000.0,2.0,1.0,1.0,,159 Lambert Road,
3 Bedroom House,1300000.0,3.0,2.0,2.0,1190.0,,
2 Bedroom Apartment,1199000.0,2.0,2.0,2.0,,2 Brackenhill Rd,
3 Bedroom Townhouse,880000.0,3.0,2.0,2.0,11472.0,,
3 Bedroom House,2300000.0,3.0,2.0,1.0,,,
2 Bedroom House,1195000.0,2.0,15.0,2.0,,,
3 Bedroom House,1195000.0,3.0,2.0,7.0,1041.0,,
2 Bedroom Apartment,795000.0,2.0,1.0,2.0,,,
2 Bedroom Apartment,1270000.0,2.0,2.0,1.0,,41 Sol Harris Crescent,
2 Bedroom Apartment,900000.0,2.0,1.0,1.0,,,
3 Bedroom Apartment,6750000.0,3.0,3.0,3.0,,,
3 Bedroom Townhouse,1479000.0,3.0,2.0,1.0,23540.0,,
3 Bedroom Apartment,2600000.0,3.0,2.0,2.0,,15 Palm Grove,
4 Bedroom House,1500000.0,4.0,3.0,3.0,1831.0,1 Protea Avenue,
2 Bedroom House,1195000.0,2.0,15.0,2.0,,,
4 Bedroom Apartment,1400000.0,4.0,2.0,1.0,,59 Kinderstrand Road,
2 Bedroom Apartment,920000.0,2.0,2.0,2.0,,938 Fascadale Road,
2 Bedroom Apartment,745500.0,2.0,1.0,1.0,,,
3 Bedroom House,1750000.0,3.0,2.0,5.0,858.0,,
2 Bedroom Apartment,995000.0,2.0,1.0,1.0,,,
2 Bedroom Apartment,650000.0,2.0,1.0,,,,
2 Bedroom Townhouse,780000.0,2.0,1.0,1.0,28646.0,,
2 Bedroom Townhouse,1250000.0,2.0,3.0,2.0,2027.0,,
8 Bedroom House,2000000.0,8.0,4.0,6.0,901.0,12 Barfield Place,
4 Bedroom Apartment,1500000.0,4.0,3.0,4.0,,,
4 Bedroom Townhouse,4300000.0,4.0,3.0,3.0,10497.0,Whittingham Village 2 Sutton Avenue,
3 Bedroom House,1850000.0,3.0,3.0,2.0,1098.0,,
2 Bedroom Townhouse,1250000.0,2.0,1.0,2.0,,,
2.5 Bedroom Apartment,,25.0,2.0,1.0,,"Claridge Court, 4 Anton Lembede Street",
2 Bedroom Apartment,1150000.0,2.0,1.0,1.0,,,
1.5 Bedroom Apartment,520000.0,15.0,1.0,,,108 Anton Lembede Street,
3 Bedroom Apartment,1060000.0,3.0,2.0,2.0,,,
4 Bedroom Townhouse,1700000.0,4.0,2.0,2.0,,,
2 Bedroom Apartment,1395000.0,2.0,2.0,2.0,,260 Clark Road,
1 Bedroom Apartment,430000.0,1.0,1.0,1.0,,,
6 Bedroom House,1050000.0,6.0,35.0,4.0,240.0,,
4 Bedroom Townhouse,12000000.0,4.0,4.0,7.0,,"7 Ss THE Prestige, Izinga Park, 50 Ndudumo Circle",
2 Bedroom Apartment,600000.0,2.0,1.0,1.0,,1301 National Road,
2 Bedroom Apartment,1690000.0,2.0,2.0,1.0,,,
3 Bedroom Townhouse,720000.0,3.0,2.0,2.0,699.0,,
2 Bedroom Apartment,550000.0,2.0,1.0,1.0,,,
2 Bedroom Apartment,840000.0,2.0,1.0,1.0,,,
2 Bedroom Apartment,1395000.0,2.0,2.0,2.0,,260 Clark Road,
3 Bedroom House,1550000.0,3.0,2.0,5.0,1013.0,,
3 Bedroom House,850000.0,3.0,2.0,4.0,305.0,,
3 Bedroom House,4350000.0,3.0,25.0,2.0,,,
5 Bedroom House,3000000.0,5.0,5.0,,2023.0,,
2 Bedroom Apartment,3500000.0,2.0,2.0,2.0,,,
3 Bedroom House,4750000.0,3.0,3.0,4.0,,,
3 Bedroom Apartment,1550000.0,3.0,2.0,1.0,,,
4 Bedroom House,3995000.0,4.0,3.0,6.0,1705.0,,
5 Bedroom House,1090000.0,5.0,,2.0,650.0,,
3 Bedroom House,550000.0,3.0,1.0,1.0,320.0,,
3 Bedroom House,1550000.0,3.0,2.0,5.0,1013.0,,
5 Bedroom House,,5.0,4.0,5.0,1.0,,
3 Bedroom House,765000.0,3.0,2.0,6.0,1085.0,,
3 Bedroom House,1750000.0,3.0,2.0,2.0,,,
5 Bedroom House,2200000.0,5.0,3.0,3.0,1000.0,,
2 Bedroom House,1640000.0,2.0,1.0,4.0,794.0,,
3 Bedroom House,490000.0,3.0,1.0,1.0,,,
3 Bedroom Townhouse,2350000.0,3.0,2.0,1.0,,,
5 Bedroom House,4495000.0,5.0,4.0,4.0,1125.0,,
1.5 Bedroom Apartment,1698000.0,15.0,1.0,,,,
3 Bedroom Apartment,2695000.0,3.0,35.0,2.0,,,
6 Bedroom House,4950000.0,6.0,6.0,8.0,1648.0,,
2 Bedroom Apartment,2395000.0,2.0,2.0,2.0,,,
2 Bedroom Apartment,2950000.0,2.0,2.0,2.0,,,
3 Bedroom Apartment,1390000.0,3.0,1.0,2.0,,,
2 Bedroom Apartment,799000.0,2.0,1.0,1.0,,,
3 Bedroom Apartment,3389000.0,3.0,2.0,1.0,,,
3 Bedroom Apartment,4000000.0,3.0,3.0,2.0,,,
3 Bedroom Apartment,1420000.0,3.0,2.0,1.0,,,
1 Bedroom Apartment,520000.0,1.0,1.0,1.0,,,
3 Bedroom Apartment,1595000.0,3.0,1.0,2.0,,,
2 Bedroom Apartment,850000.0,2.0,2.0,2.0,,,
4 Bedroom Townhouse,2450000.0,4.0,3.0,4.0,1318.0,,
3 Bedroom Apartment,3250000.0,3.0,2.0,1.0,,,
2 Bedroom Apartment,740000.0,2.0,1.0,2.0,,,
Apartment,450000.0,,1.0,,,,
2 Bedroom Apartment,2000000.0,2.0,2.0,2.0,,,
4 Bedroom House,2550000.0,4.0,3.0,2.0,1125.0,,
2 Bedroom Apartment,1445000.0,2.0,1.0,1.0,,,
3 Bedroom Townhouse,1280000.0,3.0,2.0,2.0,8196.0,,
3 Bedroom Apartment,950000.0,3.0,2.0,1.0,,,
3 Bedroom Apartment,950000.0,3.0,2.0,1.0,,,
2 Bedroom Apartment,3700000.0,2.0,2.0,1.0,,,
3 Bedroom Apartment,2950000.0,3.0,2.0,2.0,,,
1 Bedroom Apartment,950000.0,1.0,1.0,,,,
2 Bedroom Apartment,485000.0,2.0,1.0,1.0,,,
1 Bedroom Apartment,1200000.0,1.0,1.0,1.0,,,
2 Bedroom Townhouse,3790000.0,2.0,2.0,2.0,150.0,P228 Sheffield Beach Road,
2 Bedroom Apartment,2100000.0,2.0,2.0,2.0,,,
4 Bedroom House,3150000.0,4.0,3.0,4.0,1618.0,,
2 Bedroom Apartment,2100000.0,2.0,2.0,1.0,90.0,,
4 Bedroom House,7500000.0,4.0,3.0,8.0,1115.0,,
2 Bedroom Apartment,999000.0,2.0,1.0,1.0,,,
1 Bedroom Apartment,1050000.0,1.0,1.0,1.0,,,
3 Bedroom Apartment,800000.0,3.0,15.0,1.0,,,
3 Bedroom House,950000.0,3.0,15.0,7.0,591.0,,
House,2450000.0,,,,1081.0,,
3 Bedroom House,660000.0,3.0,1.0,1.0,414.0,,
3 Bedroom House,1300000.0,3.0,2.0,2.0,1250.0,,
2 Bedroom Apartment,999000.0,2.0,1.0,1.0,,,
2 Bedroom House,1400000.0,2.0,1.0,1.0,929.0,,
2 Bedroom Apartment,1300000.0,2.0,2.0,1.0,,,
3 Bedroom Apartment,6000000.0,3.0,3.0,2.0,,,
3 Bedroom Apartment,1650000.0,3.0,25.0,1.0,,,
24 Bedroom House,5975000.0,24.0,8.0,10.0,28342.0,,
3 Bedroom House,1250000.0,3.0,2.0,1.0,197.0,,
2 Bedroom Apartment,749000.0,2.0,1.0,1.0,,,
1 Bedroom Apartment,2545000.0,1.0,1.0,2.0,,,
2 Bedroom Apartment,1160000.0,2.0,2.0,,,,
3 Bedroom House,4500000.0,3.0,3.0,8.0,,,
4 Bedroom Townhouse,4995000.0,4.0,35.0,2.0,,,
3 Bedroom Townhouse,1170000.0,3.0,2.0,1.0,,,
3 Bedroom House,4500000.0,3.0,3.0,8.0,,,
3 Bedroom House,595000.0,3.0,1.0,,322.0,,
4 Bedroom House,1650000.0,4.0,2.0,2.0,4558.0,,
3 Bedroom House,1100000.0,3.0,1.0,,,10 Radford Gardens,
1 Bedroom Apartment,799000.0,1.0,1.0,2.0,,,
2 Bedroom Apartment,650000.0,2.0,1.0,2.0,,,
3 Bedroom House,810000.0,3.0,2.0,1.0,2255.0,,
2 Bedroom Apartment,799000.0,2.0,1.0,2.0,,Unit 37 Carrington Heights 57 Kennard Rise Rd,
1 Bedroom Apartment,1000000.0,1.0,1.0,1.0,,,
1.5 Bedroom Apartment,540000.0,15.0,1.0,2.0,867.0,,
2 Bedroom Apartment,650000.0,2.0,1.0,1.0,,,
8 Bedroom House,1800000.0,8.0,6.0,6.0,,,
6 Bedroom House,3290000.0,6.0,4.0,8.0,1901.0,30 Uplands Drive,
2 Bedroom House,899000.0,2.0,2.0,2.0,2680.0,,
2 Bedroom Apartment,680000.0,2.0,2.0,1.0,,,
2 Bedroom House,650000.0,2.0,1.0,1.0,444.0,,
3 Bedroom Apartment,1080000.0,3.0,2.0,2.0,,"15 Silhouette, 14 Marine Drive",
2 Bedroom House,850000.0,2.0,1.0,1.0,300.0,,
2 Bedroom Apartment,2800000.0,2.0,2.0,2.0,,"3 One On Herrwood, 10 Umhlanga Ridge Boulevard",
1 Bedroom Apartment,380000.0,1.0,1.0,,,,
2 Bedroom Apartment,2300000.0,2.0,2.0,1.0,,,
2 Bedroom Townhouse,625000.0,2.0,1.0,1.0,,,
3 Bedroom House,2995000.0,3.0,35.0,3.0,642.0,,
2 Bedroom House,549000.0,2.0,1.0,4.0,493.0,,
5 Bedroom House,4300000.0,5.0,4.0,4.0,1505.0,149 Phezulu Wildlife Estate 2 Mahogany Drive,
4 Bedroom House,2300000.0,4.0,5.0,5.0,1234.0,,
4 Bedroom House,20995000.0,4.0,55.0,6.0,850.0,,
3 Bedroom Apartment,10500000.0,3.0,3.0,3.0,,,
2 Bedroom Apartment,699999.0,2.0,2.0,2.0,,,
4 Bedroom House,1750000.0,4.0,2.0,17.0,788.0,,
3 Bedroom Townhouse,950000.0,3.0,2.0,1.0,16614.0,,
3 Bedroom Townhouse,950000.0,3.0,2.0,1.0,16614.0,,
4 Bedroom House,5295000.0,4.0,3.0,3.0,504.0,,
4 Bedroom Apartment,1750000.0,4.0,3.0,3.0,,,
4 Bedroom Apartment,2600000.0,4.0,2.0,2.0,,111 Marine Drive,
12 Bedroom House,2695000.0,12.0,8.0,5.0,3061.0,22 Merrifield Road,
6 Bedroom House,2795000.0,6.0,6.0,3.0,1034.0,914 Blackpool Avenue,
3 Bedroom Apartment,2650000.0,3.0,2.0,2.0,,"302 Nahanda, 1 Campbell Drive",
3 Bedroom House,680000.0,3.0,2.0,1.0,465.0,,
2 Bedroom Apartment,1050000.0,2.0,15.0,1.0,,,
2 Bedroom Apartment,2785000.0,2.0,2.0,2.0,,35 Summit Drive,
4 Bedroom Apartment,11995000.0,4.0,5.0,5.0,,,
2 Bedroom Apartment,2500000.0,2.0,1.0,1.0,,"Zimbali Lakes Resort, 13 Albizia Drive",
1 Bedroom Apartment,2000000.0,1.0,1.0,,486.0,,
2 Bedroom Apartment,3525000.0,2.0,2.0,,814.0,,
2 Bedroom Apartment,1980000.0,2.0,2.0,1.0,,"425 San Lameer Estate, Lower South Coast Road, Kwa-Zulu Natal N2s R61, San Lameer",
5 Bedroom House,2450000.0,5.0,4.0,8.0,2022.0,46 Erskine Street,
3 Bedroom House,2700000.0,3.0,4.0,7.0,2023.0,42 Moodie Street,
2 Bedroom Apartment,1980000.0,2.0,2.0,1.0,,"425 San Lameer Estate, Lower South Coast Road, Kwa-Zulu Natal N2s R61, San Lameer",
3 Bedroom House,8950000.0,3.0,2.0,4.0,,,
3 Bedroom Apartment,875000.0,3.0,1.0,2.0,,,
3 Bedroom House,1050000.0,3.0,2.0,3.0,650.0,,
4 Bedroom House,1250000.0,4.0,3.0,5.0,656.0,,
2 Bedroom Apartment,795000.0,2.0,2.0,1.0,,,
5 Bedroom House,1550000.0,5.0,35.0,1.0,796.0,,
2 Bedroom Apartment,3450000.0,2.0,2.0,3.0,,,
6 Bedroom House,2050000.0,6.0,6.0,2.0,1336.0,,
5 Bedroom House,1400000.0,5.0,3.0,5.0,724.0,,
2 Bedroom Apartment,3875000.0,2.0,2.0,2.0,,,
5 Bedroom House,1995000.0,5.0,6.0,9.0,1115.0,,
6 Bedroom House,1650000.0,6.0,25.0,4.0,681.0,,
2 Bedroom Apartment,3875000.0,2.0,2.0,2.0,,,
1 Bedroom Apartment,1250000.0,1.0,1.0,1.0,,,
3 Bedroom House,1399000.0,3.0,15.0,14.0,967.0,,
3 Bedroom House,895000.0,3.0,2.0,4.0,484.0,,
5 Bedroom House,949000.0,5.0,3.0,4.0,680.0,,
2 Bedroom Apartment,3690000.0,2.0,2.0,4.0,,,
1.5 Bedroom Apartment,445000.0,15.0,1.0,,,,
2 Bedroom House,2234000.0,2.0,1.0,1.0,,,
4 Bedroom House,1100000.0,4.0,2.0,4.0,938.0,,
2 Bedroom Apartment,830000.0,2.0,1.0,1.0,,,
3 Bedroom House,970000.0,3.0,2.0,4.0,905.0,,
3 Bedroom House,1740000.0,3.0,2.0,2.0,1476.0,,
2 Bedroom Apartment,820000.0,2.0,2.0,1.0,,"104 Seabrook Flats, 8 Panorama Parade",
2 Bedroom Townhouse,1992000.0,2.0,1.0,1.0,,,
5 Bedroom House,2990000.0,5.0,3.0,9.0,2594.0,,
3 Bedroom Apartment,1500000.0,3.0,2.0,2.0,,,
2 Bedroom Apartment,1295000.0,2.0,1.0,2.0,,,
2 Bedroom Apartment,698000.0,2.0,1.0,2.0,,"35 The Tydes, 9 Marine Drive",
3 Bedroom House,750000.0,3.0,1.0,1.0,450.0,,
4 Bedroom House,820000.0,4.0,25.0,8.0,,24 Riversdale Rd,
2 Bedroom Townhouse,5500000.0,2.0,25.0,2.0,,,
3 Bedroom Apartment,32000000.0,3.0,55.0,4.0,,,
3 Bedroom Apartment,1470000.0,3.0,2.0,1.0,,,
5 Bedroom House,2800000.0,5.0,35.0,3.0,1398.0,,
2.5 Bedroom House,1395000.0,25.0,2.0,20.0,1012.0,,
2 Bedroom House,1299000.0,2.0,2.0,1.0,1700.0,,
8 Bedroom House,1995000.0,8.0,4.0,8.0,2447.0,,
5 Bedroom House,2800000.0,5.0,35.0,3.0,1398.0,,
2 Bedroom Apartment,649000.0,2.0,1.0,1.0,,,
2 Bedroom House,850000.0,2.0,1.0,,324.0,,
7 Bedroom House,4500004.0,7.0,4.0,2.0,3016.0,,
2 Bedroom Apartment,1950000.0,2.0,2.0,2.0,,313 Imbali Ridge,
3 Bedroom Townhouse,830000.0,3.0,15.0,3.0,172.0,,
2 Bedroom House,960000.0,2.0,2.0,2.0,1418.0,,
2 Bedroom House,3400000.0,2.0,2.0,2.0,,,
17 Bedroom House,5900000.0,17.0,10.0,7.0,2023.0,,
3 Bedroom Townhouse,1680000.0,3.0,2.0,4.0,,,
House,2430000.0,,,,1042.0,,
1 Bedroom Apartment,327600.0,1.0,1.0,,,,
4 Bedroom House,3390000.0,4.0,5.0,2.0,2500.0,,
4 Bedroom House,980000.0,4.0,15.0,5.0,437.0,,
4 Bedroom House,1575000.0,4.0,2.0,1.0,1368.0,,
Apartment,695000.0,,,,,,
4 Bedroom House,2095000.0,4.0,2.0,2.0,1037.0,,
1 Bedroom Apartment,745000.0,1.0,15.0,,,,
4 Bedroom Townhouse,2700000.0,4.0,3.0,6.0,,,
2 Bedroom Townhouse,700000.0,2.0,2.0,1.0,1605.0,,
2 Bedroom Townhouse,700000.0,2.0,2.0,1.0,1605.0,,
2 Bedroom House,590000.0,2.0,2.0,,159.0,,
2 Bedroom House,545000.0,2.0,1.0,,365.0,,
3 Bedroom House,4495000.0,3.0,3.0,3.0,,,
2 Bedroom Apartment,1195000.0,2.0,2.0,1.0,,,
6 Bedroom House,3000000.0,6.0,45.0,6.0,2330.0,,
2 Bedroom Apartment,1195000.0,2.0,1.0,2.0,,,
1 Bedroom Apartment,327600.0,1.0,1.0,,,,
3 Bedroom Townhouse,7995000.0,3.0,35.0,4.0,,,
6 Bedroom House,3095000.0,6.0,3.0,2.0,,1313 Stott Street,
3 Bedroom House,1295000.0,3.0,1.0,7.0,389.0,,
2 Bedroom Apartment,750000.0,2.0,2.0,1.0,,,
5 Bedroom House,2395000.0,5.0,3.0,2.0,2024.0,,
2 Bedroom Townhouse,1395000.0,2.0,1.0,2.0,,,
8 Bedroom House,4300000.0,8.0,5.0,6.0,1145.0,,
2 Bedroom Townhouse,850000.0,2.0,2.0,1.0,3732.0,,
3 Bedroom Apartment,1180000.0,3.0,2.0,2.0,,,
8 Bedroom House,5000000.0,8.0,4.0,3.0,3822.0,,
2 Bedroom Apartment,1195000.0,2.0,2.0,1.0,,,
3 Bedroom Townhouse,3920000.0,3.0,2.0,2.0,,,
4 Bedroom House,5900000.0,4.0,3.0,4.0,886.0,,
3 Bedroom Apartment,2900000.0,3.0,2.0,2.0,,,
2 Bedroom House,850000.0,2.0,2.0,1.0,,,
3 Bedroom House,1678000.0,3.0,3.0,4.0,1900.0,157 Victoria Road,
Apartment,2850000.0,,1.0,1.0,,,
3 Bedroom Apartment,1180000.0,3.0,2.0,2.0,,,
5 Bedroom House,3489000.0,5.0,3.0,3.0,930.0,,
3 Bedroom House,1495000.0,3.0,2.0,7.0,,,
1 Bedroom Apartment,1750000.0,1.0,1.0,1.0,,,
2 Bedroom Apartment,1499000.0,2.0,1.0,1.0,,"301 Ss Summer Square, 68 Umhlanga Ridge Boulevard",
5 Bedroom Apartment,6900000.0,5.0,35.0,3.0,,,
7 Bedroom House,995000.0,7.0,5.0,2.0,686.0,,
6 Bedroom House,3600000.0,6.0,3.0,6.0,1162.0,,
4 Bedroom House,17999000.0,4.0,4.0,2.0,1361.0,7 Leadwood Loop,
3 Bedroom House,2500000.0,3.0,2.0,2.0,609.0,"2 On Upper 145 Sydenham Road, 145 John Zikali Road",
1 Bedroom Apartment,1600000.0,1.0,15.0,1.0,,"212 Costa Do Sol, 25 Park Drive",
6 Bedroom House,4950000.0,6.0,7.0,4.0,2030.0,58 Monzali Drive,
2 Bedroom House,750000.0,2.0,1.0,1.0,405.0,,
1 Bedroom Apartment,785000.0,1.0,1.0,1.0,,124 Montpelier Road,
2 Bedroom Apartment,1295000.0,2.0,1.0,2.0,,,
7 Bedroom House,995000.0,7.0,5.0,2.0,686.0,,
8 Bedroom House,8500000.0,8.0,9.0,,1495.0,,
25 Bedroom House,,25.0,20.0,17.0,1727.0,,
4 Bedroom House,1700000.0,4.0,2.0,,1157.0,,
1 Bedroom Apartment,1295000.0,1.0,1.0,1.0,,82 Summer Lane,
1 Bedroom Apartment,702000.0,1.0,1.0,1.0,,,
2 Bedroom Apartment,763200.0,2.0,2.0,1.0,,Ss Will O' Sue: 658 Marlin Drive,
4 Bedroom House,,4.0,4.0,1.0,3600.0,R22 R22,
3 Bedroom House,950000.0,3.0,15.0,2.0,213.0,,
2 Bedroom Apartment,620000.0,2.0,1.0,3.0,,132 Jabu Ndlovo Street,
2 Bedroom Townhouse,350000.0,2.0,1.0,1.0,37.0,"184 Ss Longbeach, 74 Cowey Road",
3 Bedroom House,1150000.0,3.0,15.0,2.0,,,
3 Bedroom House,720000.0,3.0,1.0,2.0,240.0,,
3 Bedroom House,750000.0,3.0,2.0,2.0,261.0,,
1 Bedroom Apartment,810000.0,1.0,1.0,,,,
1 Bedroom Apartment,495000.0,1.0,1.0,,,10 Hewitt Road,
1 Bedroom Apartment,850000.0,1.0,1.0,2.0,,,
3 Bedroom Townhouse,4200000.0,3.0,2.0,4.0,4439.0,,
3 Bedroom Townhouse,1595000.0,3.0,2.0,4.0,47945.0,,
2 Bedroom Apartment,1150000.0,2.0,2.0,1.0,,,
3 Bedroom House,2850000.0,3.0,35.0,2.0,942.0,Lot 72 Ptn 1 Oxley Road Port Edward,
3 Bedroom House,720000.0,3.0,1.0,2.0,240.0,,
3 Bedroom House,1999000.0,3.0,2.0,12.0,,,
2 Bedroom Apartment,930000.0,2.0,1.0,1.0,,,
1 Bedroom Apartment,730000.0,1.0,1.0,1.0,,,
2 Bedroom House,220000.0,2.0,1.0,4.0,900.0,,
4 Bedroom House,12900000.0,4.0,35.0,5.0,1254.0,,
3 Bedroom Apartment,1895000.0,3.0,2.0,1.0,,,
2 Bedroom Apartment,899000.0,2.0,2.0,2.0,,"20 Providence, 938 Fascadale Road",
3 Bedroom House,7680000.0,3.0,35.0,2.0,217.0,2 Vuna Close,
2 Bedroom Townhouse,590000.0,2.0,1.0,1.0,86083.0,,
4 Bedroom House,2200000.0,4.0,3.0,5.0,3045.0,,
3 Bedroom Apartment,1150000.0,3.0,2.0,1.0,,7 Lagoon Road,
4 Bedroom House,8750000.0,4.0,35.0,4.0,1481.0,43 Bellamont Road,
4 Bedroom House,2095000.0,4.0,2.0,7.0,1891.0,,
3 Bedroom House,3495000.0,3.0,3.0,6.0,1101.0,4 Wimbledon Place,
2 Bedroom House,1075000.0,2.0,1.0,4.0,1040.0,,
3 Bedroom House,2995000.0,3.0,2.0,2.0,676.0,13 Albizia Road,
3 Bedroom House,800000.0,3.0,15.0,1.0,193.0,,
4 Bedroom Apartment,5950000.0,4.0,25.0,2.0,,C28 Sabuti,
5 Bedroom Townhouse,3500000.0,5.0,35.0,5.0,4097.0,30 Nkwazi Drive,
3 Bedroom Apartment,4300000.0,3.0,25.0,2.0,,,
4 Bedroom House,2150000.0,4.0,2.0,6.0,4059.0,,
3 Bedroom House,1750000.0,3.0,2.0,2.0,,,
House,1500000.0,,2.0,2.0,3537.0,9 Jade Park,
4 Bedroom House,2150000.0,4.0,2.0,6.0,4059.0,,
3 Bedroom House,1850000.0,3.0,2.0,4.0,,,
3 Bedroom House,1940000.0,3.0,2.0,8.0,1658.0,,
5 Bedroom House,10900000.0,5.0,4.0,4.0,1315.0,,
2 Bedroom Apartment,2900000.0,2.0,2.0,2.0,,,
3 Bedroom House,4450000.0,3.0,2.0,2.0,2215.0,,
3 Bedroom Apartment,5195000.0,3.0,2.0,1.0,,,
4 Bedroom House,1999999.0,4.0,25.0,4.0,1280.0,,
3 Bedroom House,1250000.0,3.0,2.0,3.0,1055.0,,
3 Bedroom House,1795000.0,3.0,2.0,3.0,1050.0,,
2 Bedroom Apartment,645000.0,2.0,1.0,1.0,,,
2 Bedroom Apartment,1100000.0,2.0,15.0,1.0,,,
2 Bedroom Apartment,1085000.0,2.0,2.0,2.0,,,
1 Bedroom Apartment,1150000.0,1.0,1.0,1.0,,,
4 Bedroom Townhouse,1825000.0,4.0,2.0,2.0,,,
4 Bedroom Apartment,7400000.0,4.0,3.0,2.0,,,
4 Bedroom Apartment,7400000.0,4.0,3.0,2.0,,,
3 Bedroom Apartment,1495000.0,3.0,2.0,1.0,,,
3 Bedroom House,699000.0,3.0,2.0,4.0,323.0,,
3 Bedroom House,800000.0,3.0,2.0,2.0,249.0,,
2 Bedroom Townhouse,870000.0,2.0,15.0,4.0,203.0,,
2 Bedroom Apartment,695000.0,2.0,2.0,,,,
3 Bedroom House,1750000.0,3.0,2.0,1.0,200.0,"91 San Lameer, R61 Lower South Coast Road, San Lameer.",
3 Bedroom Townhouse,2300000.0,3.0,2.0,2.0,,,
1 Bedroom Apartment,1100000.0,1.0,1.0,1.0,,,
4 Bedroom House,980000.0,4.0,2.0,1.0,211.0,,
1 Bedroom Apartment,1050000.0,1.0,1.0,1.0,,,
3 Bedroom House,1550000.0,3.0,2.0,9.0,,193 Glenardle Road,
3 Bedroom Apartment,1950000.0,3.0,2.0,3.0,,,
3 Bedroom Apartment,990000.0,3.0,2.0,1.0,,51 O.r. Tambo Parade,
3 Bedroom Apartment,3995000.0,3.0,2.0,3.0,,,
3 Bedroom Townhouse,1580000.0,3.0,2.0,2.0,12.0,,
3 Bedroom Apartment,1280000.0,3.0,2.0,1.0,,,
2 Bedroom House,799000.0,2.0,2.0,1.0,410.0,,
3 Bedroom House,1200000.0,3.0,2.0,2.0,,,
3 Bedroom House,750000.0,3.0,2.0,4.0,282.0,,
2 Bedroom Apartment,1250000.0,2.0,15.0,1.0,,,
3 Bedroom Apartment,2850000.0,3.0,2.0,2.0,,,
4 Bedroom House,2500000.0,4.0,35.0,12.0,,,
3 Bedroom House,1200000.0,3.0,1.0,4.0,,,
2 Bedroom Apartment,740000.0,2.0,1.0,1.0,,,
4 Bedroom House,2600000.0,4.0,45.0,,1143.0,,
3 Bedroom House,750000.0,3.0,1.0,2.0,240.0,,
7 Bedroom House,1800000.0,7.0,4.0,,,,
2 Bedroom Apartment,1500000.0,2.0,2.0,2.0,,,
3 Bedroom Townhouse,1880000.0,3.0,2.0,1.0,,,
3 Bedroom House,1300000.0,3.0,2.0,2.0,643.0,20 Jabu Ndlovu Street,
1 Bedroom Apartment,406000.0,1.0,1.0,1.0,,,
3 Bedroom Apartment,1275000.0,3.0,2.0,2.0,,,
2 Bedroom Apartment,740000.0,2.0,1.0,1.0,,,
House,1100000.0,,,,450.0,,
3 Bedroom Apartment,1595000.0,3.0,2.0,2.0,,,
2 Bedroom Apartment,960000.0,2.0,2.0,1.0,,,
3 Bedroom House,949000.0,3.0,2.0,,,,
4 Bedroom House,2200000.0,4.0,2.0,3.0,1008.0,,
3 Bedroom Apartment,1199000.0,3.0,25.0,2.0,,,
2.5 Bedroom Apartment,1695000.0,25.0,15.0,2.0,,,
2 Bedroom Apartment,869000.0,2.0,2.0,2.0,,,
3 Bedroom House,1290000.0,3.0,1.0,2.0,941.0,,
2 Bedroom House,1680000.0,2.0,2.0,2.0,1641.0,107 Valley View Road,
4 Bedroom House,6950000.0,4.0,45.0,4.0,,,
2 Bedroom Apartment,450000.0,2.0,1.0,,,,
2.5 Bedroom Apartment,2550000.0,25.0,2.0,2.0,,"12 Ss Salamander, 65 Lagoon Drive",
4 Bedroom House,1650000.0,4.0,2.0,2.0,1390.0,,
3 Bedroom House,4750000.0,3.0,25.0,4.0,460.0,,
2 Bedroom Apartment,1899000.0,2.0,1.0,1.0,,"103 The Breakers Resort, 88 Lagoon Drive",
4 Bedroom House,2200000.0,4.0,2.0,3.0,1008.0,,
4 Bedroom House,2950000.0,4.0,3.0,4.0,1013.0,7 High Street,
4 Bedroom House,10495000.0,4.0,4.0,6.0,837.0,3 Bhira Close,
3 Bedroom Apartment,2800000.0,3.0,2.0,1.0,,37 North Beach Road,
4 Bedroom Townhouse,5450000.0,4.0,35.0,6.0,1167.0,,
2 Bedroom House,480000.0,2.0,1.0,1.0,297.0,1257 Mthwazi Street,
3 Bedroom House,750000.0,3.0,1.0,,,,
2 Bedroom Apartment,1200000.0,2.0,1.0,1.0,,,
2 Bedroom Apartment,960000.0,2.0,1.0,,,,
1 Bedroom Apartment,1000000.0,1.0,1.0,,,,
2 Bedroom Apartment,680000.0,2.0,1.0,1.0,,,
3 Bedroom House,999000.0,3.0,2.0,1.0,717.0,,
1 Bedroom Apartment,620000.0,1.0,1.0,1.0,5535.0,,
4 Bedroom House,670000.0,4.0,1.0,,414.0,,
1 Bedroom House,2602656.0,1.0,1.0,2.0,,,
4 Bedroom House,450000.0,4.0,1.0,1.0,,,
1.5 Bedroom Apartment,695000.0,15.0,1.0,1.0,,,
1 Bedroom Apartment,1200000.0,1.0,1.0,1.0,,,
2 Bedroom Apartment,3199000.0,2.0,2.0,1.0,113.0,,
3 Bedroom House,1100000.0,3.0,15.0,,,,
1 Bedroom Apartment,1995000.0,1.0,1.0,2.0,,,
2 Bedroom Apartment,1350000.0,2.0,2.0,1.0,,,
2 Bedroom Apartment,3199000.0,2.0,2.0,1.0,113.0,,
4 Bedroom House,960000.0,4.0,2.0,1.0,,,
2 Bedroom House,3241500.0,2.0,1.0,1.0,2342.0,,
1.5 Bedroom Apartment,975000.0,15.0,1.0,1.0,,,
2 Bedroom Apartment,1595000.0,2.0,1.0,2.0,,"The Meridian, 6 Meridian Drive",
3 Bedroom House,1750000.0,3.0,2.0,6.0,,,
2 Bedroom Apartment,846260.0,2.0,1.0,1.0,,,
1 Bedroom Apartment,600000.0,1.0,1.0,,,,
3 Bedroom House,4750000.0,3.0,2.0,2.0,358.0,,
2 Bedroom Apartment,1480000.0,2.0,2.0,2.0,,"1 Bodale, 149 Avondale Road",
16 Bedroom House,7250000.0,16.0,15.0,,,,
2 Bedroom Apartment,846260.0,2.0,1.0,1.0,,,
2 Bedroom Townhouse,1129000.0,2.0,2.0,1.0,6452.0,,
2 Bedroom Townhouse,570000.0,2.0,1.0,2.0,240.0,,
2 Bedroom Apartment,755000.0,2.0,2.0,1.0,,,
2 Bedroom Apartment,1450000.0,2.0,1.0,2.0,,,
1 Bedroom Apartment,2250000.0,1.0,1.0,1.0,,,
3 Bedroom Apartment,1800000.0,3.0,2.0,1.0,,,
2 Bedroom Apartment,875000.0,2.0,1.0,1.0,,,
1 Bedroom Apartment,999999.0,1.0,1.0,1.0,,,
3 Bedroom House,1300000.0,3.0,2.0,2.0,1180.0,,
2 Bedroom Townhouse,490000.0,2.0,2.0,1.0,260538.0,,
2 Bedroom Apartment,2500000.0,2.0,2.0,1.0,,,
1 Bedroom Apartment,1600000.0,1.0,1.0,2.0,,,
3 Bedroom House,1680000.0,3.0,3.0,1.0,1012.0,,
3 Bedroom House,899000.0,3.0,2.0,2.0,470.0,,
3 Bedroom Apartment,930000.0,3.0,2.0,1.0,,,
2 Bedroom Apartment,2950000.0,2.0,2.0,2.0,,,
2 Bedroom Apartment,1195000.0,2.0,2.0,1.0,,,
3 Bedroom Townhouse,899000.0,3.0,2.0,2.0,,,
1 Bedroom Apartment,350000.0,1.0,1.0,1.0,51.0,"3 Ss Die Ankers, 10 Ridge Road",
2 Bedroom Apartment,1040000.0,2.0,2.0,2.0,,,
2 Bedroom Apartment,765000.0,2.0,1.0,1.0,,,
2 Bedroom Apartment,2950000.0,2.0,2.0,2.0,,,
1 Bedroom Apartment,750000.0,1.0,1.0,1.0,2003.0,,
4 Bedroom Townhouse,,4.0,4.0,4.0,,,
3 Bedroom House,5899000.0,3.0,3.0,4.0,,,
5 Bedroom House,2100000.0,5.0,3.0,12.0,1660.0,,
2 Bedroom Apartment,1750000.0,2.0,2.0,1.0,,,
3 Bedroom House,650000.0,3.0,2.0,2.0,294.0,,
3 Bedroom Apartment,3350000.0,3.0,2.0,2.0,,,
4 Bedroom House,5987000.0,4.0,2.0,21.0,2024.0,,
2 Bedroom House,600000.0,2.0,1.0,2.0,121.0,,
5 Bedroom House,700000.0,5.0,2.0,1.0,,,
3 Bedroom Apartment,4350000.0,3.0,2.0,3.0,,,
3 Bedroom Townhouse,1032000.0,3.0,2.0,2.0,3755.0,,
Apartment,359000.0,,1.0,,,,
4 Bedroom House,950000.0,4.0,2.0,4.0,,,
3 Bedroom House,1750000.0,3.0,2.0,10.0,821.0,"6 Firwood Road, Craigieburn, Umkomaas, 4170",
3 Bedroom Townhouse,4550000.0,3.0,25.0,2.0,,,
2 Bedroom House,350000.0,2.0,1.0,1.0,,,
3 Bedroom House,650000.0,3.0,1.0,4.0,451.0,,
2 Bedroom Apartment,2450000.0,2.0,2.0,2.0,,,
2 Bedroom Apartment,920000.0,2.0,1.0,1.0,,31 Mckenzie Street,
4 Bedroom House,898000.0,4.0,1.0,13.0,,,
3 Bedroom House,849000.0,3.0,1.0,,254.0,,
Apartment,359000.0,,1.0,,,,
1 Bedroom Apartment,740000.0,1.0,1.0,1.0,,,
2 Bedroom Townhouse,599000.0,2.0,15.0,1.0,,,
3 Bedroom Apartment,2490000.0,3.0,2.0,2.0,,,
4 Bedroom House,1195000.0,4.0,3.0,3.0,564.0,,
1 Bedroom Apartment,685000.0,1.0,1.0,1.0,,,
2 Bedroom Apartment,750000.0,2.0,1.0,1.0,,,
3 Bedroom Townhouse,980000.0,3.0,1.0,1.0,463.0,,
3 Bedroom House,6000000.0,3.0,2.0,3.0,497.0,,
3 Bedroom House,3900000.0,3.0,2.0,6.0,3683.0,,
4 Bedroom House,1100000.0,4.0,1.0,5.0,929.0,,
3 Bedroom House,4995000.0,3.0,25.0,4.0,674.0,"Port Zimbali Estate, 9 Jacana Street",
5 Bedroom House,6000000.0,5.0,5.0,24.0,4047.0,3 Nkutu Road,
2 Bedroom Apartment,1200000.0,2.0,1.0,1.0,,,
3 Bedroom House,1650000.0,3.0,3.0,2.0,1031.0,,
2 Bedroom Apartment,1199000.0,2.0,2.0,1.0,,,
6 Bedroom House,1595000.0,6.0,5.0,2.0,848.0,32 Helen Baxter Road,
3 Bedroom Apartment,3200000.0,3.0,2.0,6.0,,"77 Ss King Shaka Estate, 50 Valley Road, Unit 77 King Shaka Estate",
3 Bedroom Townhouse,950000.0,3.0,2.0,2.0,14249.0,,
2 Bedroom Apartment,1060000.0,2.0,2.0,2.0,,"9 Ridge Grove, 48 Mazisi Kunene Road",
3 Bedroom Townhouse,1550000.0,3.0,2.0,2.0,1350.0,,
2 Bedroom House,1200000.0,2.0,1.0,5.0,1012.0,,
3 Bedroom House,1650000.0,3.0,3.0,2.0,1031.0,,
2 Bedroom Apartment,680000.0,2.0,1.0,1.0,,,
3 Bedroom Apartment,890000.0,3.0,2.0,2.0,,,
3 Bedroom House,3985000.0,3.0,3.0,10.0,609.0,,
1 Bedroom Apartment,,1.0,1.0,1.0,,,
3 Bedroom Apartment,1432000.0,3.0,2.0,1.0,,"22 Ss Whale Rock, 117 Marine Drive",
5 Bedroom House,5495000.0,5.0,3.0,6.0,945.0,,
2 Bedroom Apartment,995000.0,2.0,1.0,1.0,,40 Tenth Avenue,
5 Bedroom House,2495000.0,5.0,4.0,2.0,1394.0,,
4 Bedroom House,1450000.0,4.0,3.0,12.0,939.0,,
3 Bedroom House,1950000.0,3.0,25.0,5.0,657.0,14 Edenderry Road,
6 Bedroom House,1250000.0,6.0,2.0,2.0,1400.0,,
4 Bedroom House,1500000.0,4.0,2.0,10.0,1012.0,,
5 Bedroom House,3450000.0,5.0,5.0,6.0,1055.0,,
2 Bedroom Apartment,1008000.0,2.0,1.0,2.0,,,
3 Bedroom Apartment,1100000.0,3.0,2.0,2.0,,,
2.5 Bedroom Apartment,1850000.0,25.0,2.0,2.0,,,
2 Bedroom House,530000.0,2.0,1.0,1.0,13686.0,,
2 Bedroom Apartment,1600000.0,2.0,2.0,2.0,,,
3 Bedroom Apartment,1040000.0,3.0,2.0,1.0,,1 Streetdavids Lane,
4 Bedroom House,1650000.0,4.0,25.0,2.0,1829.0,,
6 Bedroom House,1250000.0,6.0,2.0,2.0,1400.0,,
2 Bedroom Apartment,2750000.0,2.0,2.0,2.0,,45 Ocean Drive,
5 Bedroom House,2350000.0,5.0,2.0,3.0,732.0,,
23 Bedroom Apartment,12850000.0,23.0,12.0,30.0,2840.0,,
2 Bedroom Apartment,1200000.0,2.0,15.0,1.0,,41 Earl Haig Road,
4 Bedroom House,10995000.0,4.0,45.0,4.0,1286.0,1 Leadwood Close,
4 Bedroom House,1499000.0,4.0,2.0,5.0,504.0,,
3 Bedroom Apartment,1485000.0,3.0,2.0,1.0,,,
3 Bedroom House,3695000.0,3.0,25.0,3.0,1998.0,"4 Hillside Terace, 4 Otto Lane",
2 Bedroom Townhouse,3750000.0,2.0,2.0,4.0,112658.0,,
2 Bedroom Apartment,645000.0,2.0,1.0,1.0,,,
4 Bedroom Apartment,5125000.0,4.0,35.0,4.0,,,
3 Bedroom Apartment,1390000.0,3.0,3.0,3.0,,,
2 Bedroom Apartment,995000.0,2.0,15.0,1.0,,,
4 Bedroom Townhouse,7500000.0,4.0,35.0,5.0,,249 Montpelier Rd,
3 Bedroom Townhouse,1645000.0,3.0,3.0,2.0,,,
2 Bedroom Apartment,1350000.0,2.0,2.0,1.0,,,
2 Bedroom Apartment,750000.0,2.0,1.0,3.0,,,
0.5 Bedroom Apartment,450000.0,5.0,1.0,1.0,,"C07 Ss Ocean View Villas, 49 Ramsey Avenue",
4 Bedroom House,8500000.0,4.0,4.0,2.0,1102.0,78 Pitchingwedge,
4 Bedroom Apartment,3999000.0,4.0,3.0,2.0,,,
3 Bedroom Apartment,1250000.0,3.0,2.0,2.0,,,
2.5 Bedroom Apartment,1050000.0,25.0,1.0,1.0,,,
3 Bedroom House,2399000.0,3.0,2.0,6.0,2028.0,,
1 Bedroom Apartment,710000.0,1.0,2.0,2.0,,,
4 Bedroom House,8500000.0,4.0,4.0,2.0,1102.0,78 Pitchingwedge,
2 Bedroom Apartment,1495000.0,2.0,1.0,2.0,,21 Marine Parade,
4 Bedroom House,1700000.0,4.0,2.0,2.0,1012.0,,
5 Bedroom House,3500000.0,5.0,25.0,5.0,1831.0,,
3 Bedroom Apartment,2290000.0,3.0,2.0,2.0,,,
6 Bedroom House,1799000.0,6.0,3.0,4.0,1448.0,8 Edgerton Road,
2 Bedroom Apartment,750000.0,2.0,1.0,1.0,,,
3 Bedroom House,950000.0,3.0,2.0,4.0,297.0,,
1 Bedroom Apartment,350000.0,1.0,1.0,,,,
1 Bedroom Apartment,750000.0,1.0,1.0,1.0,,,
0.5 Bedroom Apartment,699000.0,5.0,1.0,,,,
2 Bedroom Apartment,750000.0,2.0,1.0,,,,
2 Bedroom Apartment,2995000.0,2.0,2.0,2.0,,,
2 Bedroom Apartment,860000.0,2.0,1.0,1.0,,,
3 Bedroom House,980000.0,3.0,1.0,4.0,1034.0,,
3 Bedroom House,895000.0,3.0,2.0,1.0,346.0,,
2 Bedroom Apartment,2010000.0,2.0,2.0,2.0,,,
3 Bedroom House,2295000.0,3.0,2.0,5.0,807.0,,
4 Bedroom House,1199000.0,4.0,3.0,3.0,248.0,,
3 Bedroom Apartment,1595000.0,3.0,2.0,2.0,,,
3 Bedroom House,720000.0,3.0,1.0,4.0,450.0,,
4 Bedroom House,450000.0,4.0,2.0,10.0,2500.0,,
3 Bedroom House,2550000.0,3.0,2.0,2.0,864.0,,
2 Bedroom Apartment,2995000.0,2.0,2.0,2.0,,,
3 Bedroom Apartment,5995000.0,3.0,3.0,2.0,,,
3 Bedroom House,1000000.0,3.0,1.0,1.0,356.0,,
3 Bedroom House,1450000.0,3.0,2.0,2.0,1073.0,,
3 Bedroom Apartment,1250000.0,3.0,2.0,2.0,,,
3 Bedroom Townhouse,1750000.0,3.0,2.0,2.0,,,
4 Bedroom House,850000.0,4.0,2.0,3.0,1549.0,,
3 Bedroom House,2499000.0,3.0,2.0,3.0,1178.0,,
3 Bedroom House,750000.0,3.0,1.0,2.0,900.0,5 Sibaya Rd Nositha,
2 Bedroom Townhouse,880000.0,2.0,1.0,1.0,,,
3 Bedroom Townhouse,1150000.0,3.0,2.0,1.0,,,
2 Bedroom Apartment,945000.0,2.0,15.0,2.0,,,
3 Bedroom Apartment,1195000.0,3.0,2.0,1.0,,,
3 Bedroom Townhouse,4100000.0,3.0,2.0,3.0,,,
3 Bedroom Apartment,950000.0,3.0,2.0,1.0,,,
4 Bedroom Apartment,3300000.0,4.0,3.0,1.0,,,
3 Bedroom Townhouse,1830000.0,3.0,2.0,3.0,,"22 Amber Valley, 4 Radwin Road",
3 Bedroom House,3195000.0,3.0,2.0,,966.0,,
2 Bedroom Apartment,800000.0,2.0,1.0,2.0,,,
4 Bedroom House,1900000.0,4.0,3.0,4.0,1300.0,1101b Barracouda Avenue,
2 Bedroom House,1088000.0,2.0,2.0,1.0,214.0,,
2 Bedroom Apartment,785000.0,2.0,15.0,1.0,,,
3 Bedroom Townhouse,4100000.0,3.0,2.0,3.0,,,
0.5 Bedroom Apartment,1079000.0,5.0,1.0,,,6 Summit Row,
4 Bedroom House,750000.0,4.0,2.0,5.0,250.0,,
4 Bedroom House,6400000.0,4.0,2.0,2.0,1020.0,43 David's Place,
2 Bedroom Apartment,850000.0,2.0,2.0,1.0,,,
3 Bedroom Apartment,1630000.0,3.0,2.0,1.0,,"1278 Marine Drive, Shelly Beach",
3 Bedroom Apartment,6900000.0,3.0,3.0,3.0,,,
4 Bedroom House,6900000.0,4.0,3.0,7.0,1250.0,,
3 Bedroom House,840000.0,3.0,1.0,1.0,337.0,,
3 Bedroom House,1100000.0,3.0,2.0,10.0,1044.0,,
3 Bedroom Apartment,5945000.0,3.0,2.0,2.0,,,
2 Bedroom Apartment,630000.0,2.0,2.0,2.0,,,
4 Bedroom House,3395000.0,4.0,2.0,4.0,898.0,,
3 Bedroom Apartment,3950000.0,3.0,3.0,1.0,,,
3 Bedroom Apartment,3850000.0,3.0,2.0,1.0,,,
4 Bedroom Apartment,9995000.0,4.0,3.0,2.0,,,
3 Bedroom Apartment,2195000.0,3.0,2.0,2.0,,,
2 Bedroom House,2795000.0,2.0,2.0,3.0,,20 4th Avenue Boulevard,
2 Bedroom Apartment,2549000.0,2.0,2.0,2.0,,,
2 Bedroom Apartment,2550000.0,2.0,2.0,2.0,,,
5 Bedroom House,950000.0,5.0,3.0,1.0,379.0,,
1 Bedroom Apartment,745000.0,1.0,1.0,,,,
3 Bedroom House,1799000.0,3.0,2.0,8.0,1112.0,,
4 Bedroom House,3395000.0,4.0,2.0,4.0,898.0,,
3 Bedroom House,1650000.0,3.0,2.0,1.0,799.0,211 Queen Elizabeth Avenue,
2 Bedroom Apartment,780000.0,2.0,2.0,1.0,,,
3 Bedroom Apartment,1370000.0,3.0,2.0,1.0,,,
3 Bedroom Townhouse,2340000.0,3.0,15.0,2.0,,"2 Ss Ros Gheal, 11 Ross Gardens",
3 Bedroom House,3650000.0,3.0,2.0,5.0,197.0,,
2 Bedroom Apartment,650000.0,2.0,2.0,2.0,,,
3 Bedroom House,2080000.0,3.0,2.0,7.0,103.0,103 Highbury Road,
2 Bedroom Townhouse,789000.0,2.0,15.0,2.0,,,
3 Bedroom Townhouse,850000.0,3.0,2.0,3.0,100.0,,
3 Bedroom Apartment,2450000.0,3.0,2.0,2.0,,,
3 Bedroom House,1650000.0,3.0,2.0,6.0,1167.0,,
2 Bedroom Apartment,800000.0,2.0,15.0,6.0,,,
2 Bedroom Apartment,2199582.0,2.0,1.0,2.0,,,
3 Bedroom Apartment,1000000.0,3.0,15.0,1.0,,,
4 Bedroom House,3490000.0,4.0,3.0,2.0,668.0,194 Smiso Nkwanyana,
2 Bedroom Townhouse,1395000.0,2.0,2.0,2.0,28782.0,"2 Kingsmead Mews, 59 Kingsmead Drive",
4 Bedroom House,1300000.0,4.0,2.0,2.0,442.0,,
5 Bedroom House,9999999.0,5.0,55.0,3.0,2767.0,44 Nkwazi Drive,
3 Bedroom House,6500000.0,3.0,3.0,4.0,1394.0,,
2 Bedroom Apartment,650000.0,2.0,2.0,2.0,,,
2 Bedroom Apartment,670000.0,2.0,1.0,2.0,,,
3 Bedroom Apartment,2295000.0,3.0,2.0,2.0,,,
1 Bedroom Apartment,795000.0,1.0,1.0,,,,
2 Bedroom Apartment,1490000.0,2.0,2.0,1.0,,,
2 Bedroom Apartment,1570000.0,2.0,1.0,2.0,,,
2.5 Bedroom Apartment,1044000.0,25.0,15.0,2.0,,,
2 Bedroom Apartment,2500000.0,2.0,1.0,2.0,,,
2 Bedroom Apartment,2200000.0,2.0,1.0,1.0,,,
3 Bedroom House,1395000.0,3.0,1.0,5.0,,,
4 Bedroom House,2950000.0,4.0,4.0,6.0,1739.0,,
3 Bedroom Apartment,900000.0,3.0,2.0,1.0,,,
4 Bedroom House,18500000.0,4.0,45.0,10.0,1727.0,,
2 Bedroom Apartment,2595000.0,2.0,2.0,2.0,,,
3 Bedroom House,2634000.0,3.0,4.0,4.0,582.0,,
3 Bedroom House,1250000.0,3.0,2.0,,30.0,,
3 Bedroom House,1145000.0,3.0,2.0,2.0,919.0,,
1 Bedroom Apartment,3995000.0,1.0,1.0,2.0,,,
4 Bedroom House,4300000.0,4.0,4.0,6.0,1409.0,,
2 Bedroom Apartment,2595000.0,2.0,2.0,2.0,,,
3 Bedroom Apartment,1195000.0,3.0,2.0,3.0,,,
3 Bedroom House,2300000.0,3.0,3.0,6.0,4000.0,,
3 Bedroom House,430000.0,3.0,2.0,1.0,,,
2 Bedroom House,795000.0,2.0,1.0,2.0,14.0,,
2 Bedroom Apartment,1850000.0,2.0,1.0,1.0,,,
3 Bedroom Apartment,2390000.0,3.0,2.0,3.0,,Santorini 59 Marine Drive,
4 Bedroom House,995000.0,4.0,45.0,1.0,836.0,,
3 Bedroom Townhouse,1850000.0,3.0,25.0,4.0,3962.0,"31 Northcliff, 31b Northcliffe Avenue",
3 Bedroom Townhouse,725000.0,3.0,1.0,1.0,6229.0,,
1 Bedroom Apartment,1900000.0,1.0,1.0,1.0,,,
4 Bedroom Townhouse,8650000.0,4.0,5.0,6.0,,"5 Umsinsi Villas, 13 Mahogany Drive",
3 Bedroom Townhouse,1295000.0,3.0,2.0,,106.0,,
2 Bedroom Apartment,2750000.0,2.0,2.0,1.0,,,
3 Bedroom Townhouse,1520000.0,3.0,2.0,2.0,12380.0,,
3 Bedroom Apartment,750000.0,3.0,1.0,1.0,,188 Che Guevara Road,
5 Bedroom House,,5.0,5.0,7.0,1349.0,,
3 Bedroom Apartment,1545000.0,3.0,2.0,1.0,,,
4 Bedroom House,5750000.0,4.0,3.0,4.0,845.0,,
3 Bedroom House,4400000.0,3.0,2.0,2.0,,,
6 Bedroom House,13999000.0,6.0,5.0,3.0,1160.0,46 Burnham Drive,
3 Bedroom House,2200000.0,3.0,3.0,1.0,830.0,,
3 Bedroom House,1490000.0,3.0,2.0,1.0,942.0,,
3 Bedroom Apartment,1545000.0,3.0,2.0,1.0,,,
4 Bedroom House,1099000.0,4.0,3.0,11.0,1046.0,,
2 Bedroom Apartment,4300000.0,2.0,2.0,2.0,,,
3 Bedroom Apartment,4760000.0,3.0,3.0,4.0,,,
4 Bedroom House,1845000.0,4.0,2.0,10.0,1136.0,,
3 Bedroom Apartment,2350000.0,3.0,2.0,4.0,,,
2 Bedroom Apartment,4895000.0,2.0,2.0,2.0,,,
2 Bedroom Apartment,1299000.0,2.0,1.0,2.0,,,
4 Bedroom Townhouse,700000.0,4.0,2.0,2.0,238310.0,,
2 Bedroom Apartment,1180000.0,2.0,1.0,1.0,,,
3 Bedroom Apartment,950000.0,3.0,1.0,2.0,,,
3 Bedroom Townhouse,4495000.0,3.0,25.0,4.0,,33/35 Moreland Drive,
3 Bedroom House,3995000.0,3.0,2.0,2.0,3002.0,"13 Erin Park Estate, Birnam Wood Road, Hilton Rural",
4 Bedroom House,1845000.0,4.0,2.0,10.0,1136.0,,
4 Bedroom House,3600000.0,4.0,2.0,4.0,2204.0,,
3 Bedroom Apartment,1320000.0,3.0,2.0,1.0,,,
3 Bedroom House,895000.0,3.0,2.0,3.0,1066.0,,
3 Bedroom Apartment,1599000.0,3.0,2.0,1.0,,,
1 Bedroom Apartment,1450000.0,1.0,1.0,2.0,,,
2 Bedroom Apartment,1200000.0,2.0,1.0,1.0,,,
3 Bedroom House,1695000.0,3.0,2.0,4.0,1074.0,,
3 Bedroom Apartment,1180000.0,3.0,2.0,1.0,,75 Marine Drive,
3 Bedroom Townhouse,1900000.0,3.0,2.0,2.0,,,
3 Bedroom Apartment,3750000.0,3.0,2.0,2.0,,,
2 Bedroom Apartment,680000.0,2.0,1.0,1.0,,,
4 Bedroom Apartment,2000000.0,4.0,3.0,1.0,,,
3 Bedroom Townhouse,3999900.0,3.0,3.0,4.0,105309.0,,
2 Bedroom Apartment,1950000.0,2.0,25.0,2.0,,,
2 Bedroom Townhouse,870000.0,2.0,2.0,1.0,,,
3 Bedroom House,850000.0,3.0,2.0,2.0,1002.0,,
4 Bedroom Apartment,1425000.0,4.0,2.0,1.0,,,
2 Bedroom House,480000.0,2.0,1.0,4.0,276.0,,
2 Bedroom House,650000.0,2.0,1.0,2.0,,,
3 Bedroom Apartment,970000.0,3.0,2.0,2.0,,,
1 Bedroom Apartment,660000.0,1.0,1.0,1.0,,"14 Tuscany, 22 Wayne's Avenue",
3 Bedroom Townhouse,2900000.0,3.0,2.0,2.0,178.0,,
7 Bedroom House,3700000.0,7.0,7.0,9.0,1449.0,,
2 Bedroom Townhouse,865000.0,2.0,2.0,2.0,66750.0,,
3 Bedroom Apartment,1350000.0,3.0,2.0,2.0,,,
1 Bedroom Apartment,4500000.0,1.0,1.0,1.0,,,
3 Bedroom Townhouse,3999900.0,3.0,3.0,4.0,105309.0,,
4 Bedroom House,2250000.0,4.0,2.0,4.0,,,
3 Bedroom Apartment,1800000.0,3.0,2.0,1.0,,,
3 Bedroom House,4130000.0,3.0,4.0,4.0,1534.0,,
3 Bedroom House,850000.0,3.0,1.0,2.0,,,
2 Bedroom Townhouse,850000.0,2.0,1.0,1.0,21346.0,,
3 Bedroom Apartment,895000.0,3.0,2.0,1.0,,,
2 Bedroom Apartment,690000.0,2.0,1.0,1.0,,,
3 Bedroom Townhouse,959450.0,3.0,1.0,3.0,6766.0,,
3 Bedroom House,800000.0,3.0,1.0,1.0,,,
5 Bedroom House,1999000.0,5.0,4.0,12.0,2750.0,,
3 Bedroom House,470000.0,3.0,1.0,1.0,182.0,,
2 Bedroom Townhouse,780000.0,2.0,2.0,3.0,,,
3 Bedroom Townhouse,745000.0,3.0,1.0,,,,
2 Bedroom Apartment,666000.0,2.0,,,,,
3 Bedroom Townhouse,1290000.0,3.0,2.0,1.0,3006.0,,
3 Bedroom House,1900000.0,3.0,3.0,6.0,902.0,,
2 Bedroom Townhouse,850000.0,2.0,1.0,1.0,21346.0,,
2.5 Bedroom Apartment,760000.0,25.0,1.0,1.0,,,
3 Bedroom Apartment,3995000.0,3.0,2.0,2.0,,,
2 Bedroom Apartment,800000.0,2.0,1.0,1.0,,,
3 Bedroom Townhouse,595000.0,3.0,15.0,,80000.0,,
3 Bedroom Apartment,1095000.0,3.0,2.0,2.0,,,
4 Bedroom Townhouse,9400000.0,4.0,45.0,2.0,16.0,,
2 Bedroom Townhouse,680000.0,2.0,2.0,2.0,2022.0,,
2 Bedroom Apartment,600000.0,2.0,2.0,2.0,,,
2 Bedroom Apartment,600000.0,2.0,2.0,1.0,,,
6 Bedroom House,5950000.0,6.0,6.0,8.0,4195.0,,
4 Bedroom House,7500000.0,4.0,4.0,6.0,5389.0,,
2 Bedroom Apartment,890000.0,2.0,15.0,2.0,,,
3 Bedroom Apartment,1322800.0,3.0,2.0,2.0,,80 Davids Lane,
2 Bedroom Apartment,1450000.0,2.0,1.0,2.0,,,
3 Bedroom Townhouse,3200000.0,3.0,3.0,4.0,609.0,,
2 Bedroom House,425000.0,2.0,1.0,,,,
2 Bedroom Apartment,670000.0,2.0,1.0,2.0,,,
5 Bedroom House,10495000.0,5.0,4.0,4.0,,,
14 Bedroom House,3750000.0,14.0,16.0,1.0,2195.0,43 Entombeni Drive,
6 Bedroom House,2150000.0,6.0,3.0,,2296.0,4 Ramsey Avenue,
3 Bedroom Apartment,1595000.0,3.0,2.0,1.0,,,
3 Bedroom Townhouse,1895000.0,3.0,2.0,4.0,10188.0,,
5 Bedroom House,1260000.0,5.0,1.0,,2052.0,,
2 Bedroom Apartment,1330000.0,2.0,1.0,1.0,,,
14 Bedroom House,3750000.0,14.0,16.0,1.0,2195.0,43 Entombeni Drive,
3 Bedroom Apartment,3250000.0,3.0,2.0,2.0,,,
3 Bedroom House,850000.0,3.0,2.0,1.0,246.0,,
2 Bedroom Apartment,1895000.0,2.0,2.0,2.0,,,
5 Bedroom House,15299000.0,5.0,5.0,10.0,1099.0,,
8 Bedroom House,10990000.0,8.0,8.0,8.0,1341.0,159 Ridge Road,
3 Bedroom House,1695000.0,3.0,2.0,8.0,,19 Anderson Road,
2 Bedroom Apartment,650000.0,2.0,1.0,2.0,,,
3 Bedroom Apartment,3995000.0,3.0,2.0,4.0,,,
2 Bedroom Apartment,695000.0,2.0,1.0,,,159 Snell Parade,
1 Bedroom Apartment,525000.0,1.0,1.0,1.0,,,
2 Bedroom Apartment,1590000.0,2.0,2.0,1.0,,495 Peter Mokaba Ridge Road,
3 Bedroom Apartment,2979000.0,3.0,2.0,2.0,,,
3 Bedroom House,1430000.0,3.0,2.0,3.0,1049.0,,
3 Bedroom Townhouse,550000.0,3.0,2.0,,350.0,,
2 Bedroom Apartment,2470000.0,2.0,2.0,2.0,,,
2 Bedroom Apartment,795000.0,2.0,1.0,2.0,,,
0.5 Bedroom Apartment,1150000.0,5.0,1.0,1.0,,"G21 Ss Ocean Club, 1 Ocean Club Drive, Unit G21 Ocean Club",
3 Bedroom Apartment,1022000.0,3.0,2.0,1.0,,,
3 Bedroom House,3395000.0,3.0,2.0,4.0,935.0,,
3 Bedroom House,1190000.0,3.0,2.0,3.0,706.0,,
3 Bedroom Townhouse,1470000.0,3.0,2.0,6.0,3164.0,,
3 Bedroom House,3650000.0,3.0,3.0,2.0,493.0,,
3 Bedroom House,3395000.0,3.0,2.0,4.0,935.0,,
3 Bedroom Apartment,900000.0,3.0,2.0,1.0,,,
3 Bedroom Apartment,1095000.0,3.0,2.0,2.0,,,
1.5 Bedroom Apartment,1100000.0,15.0,1.0,,,,
16 Bedroom House,12000000.0,16.0,165.0,32.0,15014.0,,
3 Bedroom House,950000.0,3.0,1.0,4.0,232.0,,
3 Bedroom Townhouse,3450000.0,3.0,25.0,4.0,,,
4 Bedroom Apartment,6790000.0,4.0,25.0,2.0,,1 Sabuti,
3 Bedroom Townhouse,2200000.0,3.0,25.0,2.0,,,
3 Bedroom Townhouse,960000.0,3.0,1.0,2.0,7157.0,,
2 Bedroom House,980000.0,2.0,1.0,1.0,232.0,,
2.5 Bedroom Apartment,800000.0,25.0,15.0,1.0,,,
4 Bedroom House,4200000.0,4.0,2.0,7.0,1031.0,,
16 Bedroom House,12000000.0,16.0,165.0,32.0,15014.0,,
2 Bedroom House,680000.0,2.0,1.0,1.0,980.0,,
3 Bedroom Apartment,2195000.0,3.0,2.0,3.0,,1 South Road,
4 Bedroom House,895000.0,4.0,3.0,7.0,,,
3 Bedroom House,980000.0,3.0,2.0,2.0,500.0,,
3 Bedroom House,3850000.0,3.0,2.0,2.0,687.0,"Plantations Estate, C0064 Shongweni Road",
3 Bedroom Townhouse,1595000.0,3.0,2.0,2.0,15419.0,,
3 Bedroom Townhouse,2700000.0,3.0,2.0,2.0,,,
3 Bedroom Townhouse,1350000.0,3.0,2.0,2.0,12380.0,,
5 Bedroom House,2450000.0,5.0,5.0,4.0,1086.0,,
4 Bedroom House,6975000.0,4.0,35.0,4.0,907.0,492 Shad Drive,
3 Bedroom House,800000.0,3.0,2.0,2.0,1350.0,1648 Settlers Crescent,
1 Bedroom Apartment,1450000.0,1.0,1.0,1.0,,,
9 Bedroom House,3300000.0,9.0,6.0,13.0,4048.0,,
3 Bedroom House,580000.0,3.0,1.0,1.0,600.0,,
3 Bedroom Townhouse,1250000.0,3.0,2.0,2.0,1120.0,45 Ringside Place,
3 Bedroom House,800000.0,3.0,2.0,2.0,1350.0,1648 Settlers Crescent,
3 Bedroom Townhouse,1050000.0,3.0,25.0,2.0,,,
5 Bedroom House,8995000.0,5.0,5.0,6.0,,,
4 Bedroom Apartment,4500000.0,4.0,5.0,2.0,,,
2 Bedroom Apartment,899000.0,2.0,15.0,1.0,,14 Wynnford Place,
1 Bedroom Apartment,1350000.0,1.0,1.0,2.0,,,
1 Bedroom Apartment,300000.0,1.0,1.0,,,,
3 Bedroom Townhouse,1850000.0,3.0,2.0,1.0,,,
3 Bedroom Apartment,820000.0,3.0,2.0,1.0,,,
3 Bedroom Townhouse,3200000.0,3.0,25.0,3.0,235.0,,
2 Bedroom Townhouse,1250000.0,2.0,1.0,,1353.0,,
2 Bedroom Apartment,650000.0,2.0,1.0,1.0,,"125 Tafta Park, 29 Greenwich Avenue",
2 Bedroom Apartment,725000.0,2.0,2.0,2.0,,"1 Ss Mer Bleue, 2 Dean Street",
1 Bedroom Apartment,695000.0,1.0,1.0,,,,
1 Bedroom Apartment,630000.0,1.0,1.0,1.0,,2 Beach Road,
3 Bedroom House,3320000.0,3.0,2.0,2.0,9629.0,,
3 Bedroom Townhouse,3150000.0,3.0,2.0,2.0,,,
House,1349000.0,,,,,,
2 Bedroom Apartment,745000.0,2.0,1.0,1.0,,,
2 Bedroom Apartment,3200000.0,2.0,2.0,2.0,,,
3 Bedroom Townhouse,1290000.0,3.0,25.0,2.0,,,
4 Bedroom Townhouse,4590000.0,4.0,3.0,4.0,,,
4 Bedroom Apartment,1950000.0,4.0,2.0,1.0,,,
2 Bedroom Townhouse,800000.0,2.0,1.0,1.0,,,
2 Bedroom Apartment,770000.0,2.0,15.0,1.0,,,
4 Bedroom Apartment,1950000.0,4.0,2.0,1.0,,,
3 Bedroom Apartment,945000.0,3.0,2.0,1.0,,,
2 Bedroom Apartment,1125000.0,2.0,2.0,1.0,,,
2 Bedroom Apartment,715000.0,2.0,1.0,1.0,,,
4 Bedroom Townhouse,7900000.0,4.0,4.0,2.0,,,
3 Bedroom Apartment,750000.0,3.0,2.0,2.0,,,
6 Bedroom House,25000000.0,6.0,5.0,8.0,2559.0,,
3 Bedroom Townhouse,2095000.0,3.0,2.0,2.0,2023.0,,
1 Bedroom Apartment,1790000.0,1.0,1.0,1.0,,,
2 Bedroom Apartment,920000.0,2.0,2.0,1.0,,,
4 Bedroom House,2100000.0,4.0,2.0,3.0,,,
3 Bedroom Apartment,8450000.0,3.0,3.0,4.0,,1 Ncondo Place,
2 Bedroom Apartment,650000.0,2.0,2.0,1.0,,,
3 Bedroom Townhouse,2095000.0,3.0,2.0,2.0,,"1 Musgrave Oaks, 249 Musgrave Road",
2 Bedroom Apartment,875000.0,2.0,1.0,2.0,,,
6 Bedroom House,2686000.0,6.0,5.0,5.0,2306.0,,
3 Bedroom Apartment,5783000.0,3.0,3.0,2.0,,,
2 Bedroom Apartment,799000.0,2.0,1.0,2.0,,,
1 Bedroom Apartment,610000.0,1.0,1.0,2.0,,,
5 Bedroom House,875000.0,5.0,3.0,4.0,6.0,,
3 Bedroom House,2500000.0,3.0,2.0,4.0,1299.0,,
3 Bedroom Apartment,1090000.0,3.0,2.0,2.0,,137 Marine Drive,
4 Bedroom House,2200000.0,4.0,2.0,5.0,495.0,,
1.5 Bedroom Apartment,795000.0,15.0,1.0,1.0,,,
3 Bedroom House,3900000.0,3.0,3.0,3.0,2795.0,,
2 Bedroom Apartment,1495000.0,2.0,1.0,3.0,107.0,,
3 Bedroom Apartment,2400000.0,3.0,3.0,1.0,,,
3 Bedroom House,930000.0,3.0,2.0,2.0,,,
3 Bedroom House,1800000.0,3.0,2.0,1.0,,,
1.5 Bedroom Apartment,510000.0,15.0,1.0,1.0,,,
3 Bedroom House,1800000.0,3.0,2.0,1.0,,,
3 Bedroom Apartment,925000.0,3.0,1.0,1.0,,121 Siripat Road,
3 Bedroom House,1280000.0,3.0,2.0,1.0,1900.0,,
8 Bedroom House,4950000.0,8.0,6.0,7.0,1156.0,,
3 Bedroom House,1498000.0,3.0,2.0,8.0,1013.0,,
4 Bedroom House,1530000.0,4.0,1.0,2.0,,,
3 Bedroom House,850000.0,3.0,1.0,4.0,303.0,,
2 Bedroom House,750000.0,2.0,2.0,4.0,290.0,,
2 Bedroom House,550000.0,2.0,1.0,2.0,117.0,,
3 Bedroom House,3950000.0,3.0,2.0,4.0,1115.0,3 Glenmore Crescent,
3 Bedroom House,935000.0,3.0,1.0,6.0,260.0,,
4 Bedroom House,,4.0,3.0,2.0,1076.0,,
3 Bedroom House,680000.0,3.0,1.0,4.0,265.0,,
1 Bedroom Apartment,750000.0,1.0,1.0,,,,
7 Bedroom House,620000.0,7.0,2.0,1.0,,,
0.5 Bedroom Apartment,1026000.0,5.0,1.0,,,,
4 Bedroom House,3750000.0,4.0,35.0,2.0,4249.0,114 Jan Smuts Avenue,
4 Bedroom House,1495000.0,4.0,15.0,4.0,696.0,,
3 Bedroom Apartment,3999999.0,3.0,2.0,3.0,,,
4 Bedroom House,1800000.0,4.0,4.0,6.0,1011.0,,
3 Bedroom Apartment,3999999.0,3.0,2.0,3.0,,,
3 Bedroom Apartment,2950000.0,3.0,2.0,2.0,,57 Ilala,
2 Bedroom Apartment,650000.0,2.0,1.0,,,,
3 Bedroom Townhouse,1645000.0,3.0,2.0,2.0,999.0,,
4 Bedroom Apartment,1495000.0,4.0,2.0,2.0,,,
3 Bedroom Apartment,13799000.0,3.0,3.0,3.0,,,
3 Bedroom Townhouse,1150000.0,3.0,25.0,1.0,4705.0,,
1.5 Bedroom Apartment,760000.0,15.0,1.0,,,,
2 Bedroom Apartment,790000.0,2.0,1.0,2.0,,,
2 Bedroom House,995000.0,2.0,1.0,2.0,189.0,,
3 Bedroom House,1650000.0,3.0,3.0,3.0,900.0,,
7 Bedroom House,2052000.0,7.0,3.0,2.0,1493.0,,
3 Bedroom House,3650000.0,3.0,2.0,4.0,1327.0,,
2 Bedroom House,899000.0,2.0,1.0,2.0,,2140 Overdale Road,
3 Bedroom Townhouse,5500000.0,3.0,3.0,2.0,6687.0,,
1 Bedroom Apartment,730000.0,1.0,1.0,1.0,,54 Esplanade Road,
3 Bedroom Apartment,2895000.0,3.0,3.0,2.0,,,
3 Bedroom Apartment,1900000.0,3.0,2.0,2.0,,,
1.5 Bedroom Apartment,760000.0,15.0,1.0,,,,
2 Bedroom Apartment,850000.0,2.0,2.0,2.0,,,
3 Bedroom Townhouse,2695000.0,3.0,25.0,3.0,,,
2 Bedroom Apartment,1150000.0,2.0,1.0,1.0,,,
2 Bedroom Townhouse,670000.0,2.0,1.0,2.0,125.0,,
4 Bedroom House,1999000.0,4.0,4.0,3.0,807.0,,
2 Bedroom Townhouse,860000.0,2.0,1.0,1.0,2168.0,,
3 Bedroom House,530000.0,3.0,1.0,1.0,495.0,12 Ashwood Drive,
3 Bedroom House,1805000.0,3.0,25.0,3.0,230.0,5266 Palm View Estate,
2 Bedroom Apartment,649000.0,2.0,2.0,1.0,,21 Hlawe Street,
4 Bedroom Townhouse,1650000.0,4.0,3.0,2.0,,,
3 Bedroom House,1400000.0,3.0,2.0,4.0,1014.0,,
5 Bedroom House,10500000.0,5.0,55.0,4.0,583.0,,
1.5 Bedroom Apartment,700000.0,15.0,1.0,,,,
3 Bedroom House,920000.0,3.0,2.0,4.0,605.0,,
3 Bedroom House,3640000.0,3.0,2.0,2.0,493.0,4 Lake Superior,
2 Bedroom Apartment,1600000.0,2.0,2.0,2.0,,,
4 Bedroom Apartment,5000000.0,4.0,4.0,2.0,,,
1 Bedroom Apartment,695000.0,1.0,1.0,1.0,,24 Homestead Avenue,
1.5 Bedroom Apartment,699000.0,15.0,1.0,,,"111 The Grove, 143 Margaret Mncadi Avenue",
3 Bedroom Townhouse,1350000.0,3.0,15.0,1.0,3497.0,"7 Ss Damarden, 162 Williamson Street",
3 Bedroom House,1200000.0,3.0,3.0,4.0,540.0,,
1 Bedroom Apartment,890000.0,1.0,1.0,1.0,,,
3 Bedroom Apartment,820000.0,3.0,15.0,2.0,,,
4 Bedroom Apartment,5000000.0,4.0,4.0,2.0,,,
1 Bedroom Apartment,549000.0,1.0,1.0,1.0,,23 Sea View Street,
5 Bedroom House,3200000.0,5.0,5.0,1.0,1400.0,53 Cowry Drive Elysium,
3 Bedroom House,755000.0,3.0,1.0,2.0,173.0,,
2 Bedroom Apartment,5950000.0,2.0,2.0,1.0,,,
6 Bedroom House,28000000.0,6.0,6.0,9.0,3364.0,1-3 Cussonia Way,
3 Bedroom Townhouse,1450000.0,3.0,2.0,2.0,,,
4 Bedroom House,1575000.0,4.0,3.0,3.0,858.0,,
3 Bedroom House,895000.0,3.0,1.0,3.0,364.0,,
3 Bedroom Townhouse,1150000.0,3.0,2.0,2.0,,,
3 Bedroom Apartment,2100000.0,3.0,2.0,3.0,,,
1 Bedroom Apartment,1495000.0,1.0,1.0,1.0,,,
3 Bedroom Townhouse,6200000.0,3.0,3.0,3.0,,1 Mvula Lane,
2 Bedroom Apartment,900000.0,2.0,1.0,,,105 Beach Road,
4 Bedroom House,6395000.0,4.0,45.0,2.0,980.0,,
3 Bedroom Apartment,780000.0,3.0,2.0,,,"Unit 11 Dolphin Court, 57 Prince Street",
5 Bedroom House,5750000.0,5.0,3.0,5.0,1375.0,,
3 Bedroom Apartment,2100000.0,3.0,2.0,3.0,,,
2 Bedroom Apartment,830000.0,2.0,2.0,2.0,,,
3 Bedroom House,2400000.0,3.0,2.0,,5000.0,,
1 Bedroom Apartment,3795000.0,1.0,1.0,2.0,,,
4 Bedroom House,11900000.0,4.0,4.0,7.0,802.0,,
5 Bedroom House,2700000.0,5.0,5.0,8.0,1015.0,,
2 Bedroom Apartment,795000.0,2.0,1.0,2.0,85.0,,
2 Bedroom Apartment,600000.0,2.0,1.0,2.0,,,
4 Bedroom House,3500000.0,4.0,3.0,6.0,1442.0,10 Highgate Place,
2 Bedroom Apartment,2650000.0,2.0,2.0,1.0,,"10 Bronze Beach, 62 Lagoon Drive",
3 Bedroom Apartment,6950000.0,3.0,25.0,4.0,,,
4 Bedroom House,2700000.0,4.0,3.0,2.0,1349.0,,
5 Bedroom Townhouse,1100000.0,5.0,3.0,2.0,7347.0,,
2 Bedroom Townhouse,650000.0,2.0,1.0,,3137.0,,
3 Bedroom House,750000.0,3.0,2.0,,691.0,,
3 Bedroom House,1595000.0,3.0,3.0,2.0,583.0,,
3 Bedroom House,1250000.0,3.0,1.0,2.0,325.0,,
4 Bedroom House,4999000.0,4.0,3.0,5.0,789.0,,
3 Bedroom Townhouse,1450000.0,3.0,15.0,2.0,8096.0,,
5 Bedroom House,2695000.0,5.0,3.0,4.0,1584.0,,
1 Bedroom Apartment,685000.0,1.0,1.0,1.0,,47 Victoria Embankment Avenue,
5 Bedroom House,1100000.0,5.0,2.0,2.0,,,
5 Bedroom House,2695000.0,5.0,3.0,4.0,1584.0,,
1 Bedroom Apartment,750000.0,1.0,1.0,1.0,,"Willern Court, 157 Victoria Embankment",
2 Bedroom Townhouse,900000.0,2.0,2.0,2.0,89896.0,1 Canterbury Drive,
1 Bedroom Apartment,599000.0,1.0,1.0,1.0,,,
2 Bedroom Apartment,510000.0,2.0,1.0,,,,
2 Bedroom Apartment,1150000.0,2.0,1.0,1.0,,,
3 Bedroom Apartment,3499000.0,3.0,2.0,2.0,,,
4 Bedroom Townhouse,3200000.0,4.0,3.0,1.0,,,
3 Bedroom Apartment,4095000.0,3.0,3.0,3.0,,,
1.5 Bedroom Apartment,795000.0,15.0,15.0,1.0,,,
2 Bedroom Townhouse,699000.0,2.0,2.0,1.0,13647.0,,
2 Bedroom Townhouse,1365000.0,2.0,1.0,1.0,4078.0,,
2 Bedroom Apartment,2150000.0,2.0,2.0,1.0,,,
3 Bedroom House,1030000.0,3.0,15.0,2.0,1386.0,,
2 Bedroom Apartment,455000.0,2.0,1.0,8.0,,,
3 Bedroom House,900000.0,3.0,2.0,9.0,933.0,,
3 Bedroom Townhouse,3695000.0,3.0,25.0,3.0,,,
1 Bedroom Apartment,595000.0,1.0,1.0,1.0,,,
3 Bedroom House,1350000.0,3.0,3.0,2.0,823.0,,
4 Bedroom House,2600000.0,4.0,15.0,6.0,4047.0,,
3 Bedroom Townhouse,1350000.0,3.0,25.0,2.0,8767.0,,
3 Bedroom Townhouse,6850000.0,3.0,25.0,4.0,4032.0,,
1 Bedroom Apartment,490000.0,1.0,1.0,1.0,,,
3 Bedroom Townhouse,6850000.0,3.0,25.0,4.0,4032.0,,
2 Bedroom Apartment,795000.0,2.0,2.0,2.0,,,
2 Bedroom Apartment,700000.0,2.0,2.0,1.0,,,
2 Bedroom Apartment,1300000.0,2.0,2.0,1.0,,,
5 Bedroom House,3150000.0,5.0,3.0,6.0,1300.0,,
4 Bedroom House,3350000.0,4.0,2.0,15.0,919.0,,
1 Bedroom Apartment,1080000.0,1.0,1.0,1.0,,,
3 Bedroom Townhouse,720000.0,3.0,3.0,2.0,10336.0,,
5 Bedroom House,1750000.0,5.0,3.0,,2199.0,,
House,3195000.0,,2.0,4.0,1871.0,673 Town Bush Rd,
Apartment,425000.0,,1.0,,,,
4 Bedroom Townhouse,2795000.0,4.0,35.0,3.0,,"26 Victoria Park, 86 Anthony Road",
3 Bedroom Townhouse,720000.0,3.0,3.0,2.0,10336.0,,
3 Bedroom House,1695000.0,3.0,2.0,21.0,3443.0,138 Chatsworth Main Road,
2 Bedroom Townhouse,3887000.0,2.0,2.0,2.0,,"7 The Verve, 1 Sagila",
3 Bedroom Apartment,2950000.0,3.0,2.0,3.0,,,
5 Bedroom House,,5.0,5.0,4.0,1311.0,80 Botanic Avenue,
2 Bedroom Townhouse,920000.0,2.0,1.0,4.0,5288.0,,
3 Bedroom House,1000000.0,3.0,2.0,1.0,960.0,,
2 Bedroom House,2300000.0,2.0,2.0,2.0,,"5 The Auroras, 9 Aurora Drive",
3 Bedroom Apartment,1499999.0,3.0,2.0,4.0,,,
1 Bedroom Apartment,1370000.0,1.0,1.0,1.0,,33 North Beach Road,
1 Bedroom Apartment,900000.0,1.0,1.0,1.0,,,
2 Bedroom House,580000.0,2.0,1.0,2.0,,,
3 Bedroom Townhouse,2700000.0,3.0,25.0,2.0,3054.0,87 Lagoon Dr,
2 Bedroom Apartment,1290000.0,2.0,1.0,1.0,,,
7 Bedroom House,1000000.0,7.0,4.0,2.0,2794.0,,
2 Bedroom House,750000.0,2.0,1.0,2.0,234.0,,
2 Bedroom Apartment,785000.0,2.0,1.0,1.0,,,
3 Bedroom Apartment,2795000.0,3.0,2.0,2.0,,,
3 Bedroom House,1550000.0,3.0,2.0,6.0,859.0,44 Avoca Hills Drive,
3 Bedroom Townhouse,890000.0,3.0,2.0,1.0,4116.0,,
4 Bedroom House,1195000.0,4.0,3.0,1.0,1025.0,"269 Wandsbeck Road, Durban",
1 Bedroom Apartment,750000.0,1.0,1.0,1.0,,,
3 Bedroom Apartment,170000.0,3.0,3.0,1.0,,10 Fernwood Estate Share Block R600 Cathkin Park Winterton 3340,
3 Bedroom House,950000.0,3.0,2.0,4.0,758.0,,
4 Bedroom Townhouse,8695000.0,4.0,35.0,2.0,2776.0,,
1 Bedroom Apartment,480000.0,1.0,1.0,1.0,,,
2 Bedroom Apartment,998000.0,2.0,2.0,1.0,,,
3 Bedroom Townhouse,1295000.0,3.0,2.0,2.0,446.0,,
9 Bedroom House,4200000.0,9.0,10.0,10.0,711.0,,
3 Bedroom House,1250000.0,3.0,2.0,3.0,657.0,,
2 Bedroom Apartment,2150000.0,2.0,2.0,1.0,,,
4 Bedroom Townhouse,8695000.0,4.0,35.0,2.0,2776.0,,
4 Bedroom House,1099000.0,4.0,2.0,5.0,410.0,,
4 Bedroom House,2500000.0,4.0,2.0,3.0,1034.0,,
3 Bedroom House,1190000.0,3.0,2.0,2.0,372.0,,
3 Bedroom Apartment,4950000.0,3.0,2.0,1.0,,"23 Ss Setai, 23 Forestwood Drive, Unit 23 Setai",
3 Bedroom House,1405985.0,3.0,2.0,1.0,220.0,,
2 Bedroom Apartment,529000.0,2.0,1.0,1.0,,441 Boomstreet,
2 Bedroom House,3950000.0,2.0,3.0,5.0,2.0,,
4 Bedroom House,1395000.0,4.0,15.0,4.0,201.0,,
3 Bedroom House,2900000.0,3.0,2.0,8.0,1858.0,,
1 Bedroom Apartment,545000.0,1.0,1.0,1.0,,,
4 Bedroom House,7000000.0,4.0,45.0,2.0,1556.0,". ., 1 Fish Eagle Drive",
0.5 Bedroom Apartment,1150000.0,5.0,1.0,1.0,,,
4 Bedroom House,,4.0,2.0,16.0,1233.0,,
6 Bedroom Townhouse,2495000.0,6.0,5.0,10.0,,,
3 Bedroom House,1790000.0,3.0,2.0,4.0,1271.0,,
2 Bedroom Apartment,2600000.0,2.0,1.0,2.0,,,
2 Bedroom Apartment,950000.0,2.0,2.0,1.0,,,
3 Bedroom Apartment,850000.0,3.0,2.0,1.0,,176 Margaret Mncadi Avenue,
3 Bedroom Townhouse,1595000.0,3.0,2.0,2.0,3934.0,,
4 Bedroom House,12500000.0,4.0,5.0,3.0,1442.0,,
3 Bedroom Townhouse,1595000.0,3.0,2.0,2.0,3934.0,,
4 Bedroom House,1800000.0,4.0,3.0,2.0,1342.0,,
2 Bedroom Apartment,3700000.0,2.0,2.0,,,Zimbali Hotel and Resort,
2 Bedroom Townhouse,920000.0,2.0,1.0,1.0,,,
2 Bedroom Apartment,799000.0,2.0,2.0,3.0,,,
2 Bedroom Apartment,3700000.0,2.0,2.0,,,,
1 Bedroom Apartment,730000.0,1.0,1.0,1.0,,,
7 Bedroom House,2995000.0,7.0,3.0,6.0,4048.0,2 Ashley Road,
3 Bedroom House,840000.0,3.0,2.0,3.0,,,
0.5 Bedroom Apartment,1586250.0,5.0,1.0,,,,
3 Bedroom House,2650000.0,3.0,2.0,8.0,3679.0,3 Darrell Crescent,
2 Bedroom House,750000.0,2.0,1.0,,260.0,,
4 Bedroom House,2400000.0,4.0,2.0,2.0,915.0,,
2 Bedroom Apartment,950000.0,2.0,1.0,1.0,,,
2 Bedroom Apartment,780000.0,2.0,1.0,1.0,,,
2 Bedroom Apartment,889000.0,2.0,2.0,1.0,,,
2 Bedroom Apartment,900000.0,2.0,1.0,1.0,,,
3 Bedroom House,440000.0,3.0,2.0,,200.0,,
2 Bedroom Townhouse,920000.0,2.0,1.0,1.0,,,
3 Bedroom House,2290000.0,3.0,1.0,5.0,,,
2 Bedroom Apartment,5300000.0,2.0,25.0,1.0,,,
1.5 Bedroom Apartment,1000000.0,15.0,1.0,1.0,,,
2 Bedroom Apartment,940000.0,2.0,1.0,2.0,,,
4 Bedroom House,8800000.0,4.0,1.0,,21.0,,
3 Bedroom House,1050000.0,3.0,1.0,3.0,1269.0,,
3 Bedroom House,1400000.0,3.0,2.0,4.0,1054.0,,
2 Bedroom Apartment,4950000.0,2.0,2.0,2.0,,,
2 Bedroom Apartment,1180000.0,2.0,1.0,3.0,,"923 Ballito Groves, 1 Lee Barnes Boulevard Street",
4 Bedroom House,2250000.0,4.0,2.0,2.0,1689.0,,
2 Bedroom Townhouse,2400000.0,2.0,1.0,2.0,22469.0,,
2 Bedroom Townhouse,1575000.0,2.0,2.0,2.0,3362.0,,
5 Bedroom House,1750000.0,5.0,5.0,4.0,1044.0,,
1 Bedroom Apartment,2195000.0,1.0,1.0,1.0,,,
2 Bedroom Townhouse,980000.0,2.0,1.0,2.0,1089.0,,
3 Bedroom House,2450000.0,3.0,2.0,4.0,2173.0,,
5 Bedroom Townhouse,10500000.0,5.0,4.0,3.0,6205.0,"7 Serra Bella, 61 Mahogany Ridge",
3 Bedroom Townhouse,980000.0,3.0,2.0,2.0,154.0,51 Dorothy Road,
2 Bedroom Apartment,950000.0,2.0,1.0,1.0,,135 Marine Drive,
4 Bedroom House,1950000.0,4.0,2.0,2.0,1011.0,,
3 Bedroom Apartment,850000.0,3.0,2.0,2.0,,11 Marine Drive,
4 Bedroom House,9800000.0,4.0,4.0,3.0,1002.0,6 Brittlewood Close,
4 Bedroom Apartment,5495000.0,4.0,55.0,2.0,,"11 Ss Sovereign Sands, 20 Umvoti Drive",
2 Bedroom Townhouse,1575000.0,2.0,2.0,2.0,3362.0,,
6 Bedroom House,2060000.0,6.0,6.0,1.0,2244.0,,
2 Bedroom Apartment,700000.0,2.0,1.0,,45.0,,
2 Bedroom House,1290000.0,2.0,15.0,2.0,,,
2 Bedroom Townhouse,1944075.0,2.0,1.0,2.0,,,
3 Bedroom Apartment,15000000.0,3.0,35.0,3.0,,,
4 Bedroom Townhouse,1310000.0,4.0,3.0,6.0,1996.0,,
1 Bedroom Apartment,1160000.0,1.0,1.0,1.0,,,
8 Bedroom House,1499000.0,8.0,25.0,12.0,1068.0,,
3 Bedroom Townhouse,1150000.0,3.0,2.0,3.0,,,
2 Bedroom Apartment,1775000.0,2.0,25.0,2.0,,"2 Newlands, 396 Musgrave Road",
3 Bedroom Townhouse,1750000.0,3.0,15.0,4.0,3730.0,,
1 Bedroom Apartment,1160000.0,1.0,1.0,1.0,,,
3 Bedroom Apartment,1735000.0,3.0,2.0,1.0,,,
2 Bedroom Apartment,695000.0,2.0,1.0,,,,
3 Bedroom Townhouse,1350000.0,3.0,2.0,2.0,,,
2 Bedroom House,1450000.0,2.0,2.0,3.0,280.0,,
3 Bedroom House,2050000.0,3.0,3.0,3.0,3415.0,,
2 Bedroom Apartment,1495000.0,2.0,1.0,2.0,,443 Musgrave Road,
4 Bedroom House,5400000.0,4.0,35.0,4.0,1626.0,"6b Hilltop Views, 574 Fish Eagle Drive",
3 Bedroom Townhouse,1300000.0,3.0,2.0,2.0,,,
5 Bedroom House,3500000.0,5.0,45.0,4.0,2499.0,,
3 Bedroom Townhouse,1368000.0,3.0,1.0,3.0,5032.0,,
3 Bedroom House,790000.0,3.0,1.0,,405.0,,
3 Bedroom Apartment,1150000.0,3.0,2.0,2.0,,,
4 Bedroom House,7950000.0,4.0,5.0,,1102.0,10 Sagewood Close,
3 Bedroom House,790000.0,3.0,2.0,1.0,1464.0,,
10 Bedroom House,1200000.0,10.0,3.0,,219.0,,
8 Bedroom House,13000000.0,8.0,65.0,16.0,2108.0,20 Salisbury Road,
4 Bedroom Townhouse,2195000.0,4.0,35.0,2.0,8034.0,"3 Tanner Close, 74 Tanner Road",
3 Bedroom Townhouse,2250000.0,3.0,2.0,1.0,4490.0,8 Pascal Drive,
2 Bedroom Apartment,1350000.0,2.0,2.0,2.0,,,
4 Bedroom House,9500000.0,4.0,4.0,4.0,692.0,35 Summit Drive,
4 Bedroom House,1395000.0,4.0,2.0,6.0,502.0,9 Sastri Circle,
4 Bedroom House,2200000.0,4.0,3.0,9.0,802.0,,
10 Bedroom House,3000000.0,10.0,6.0,7.0,4089.0,,
2 Bedroom Apartment,710000.0,2.0,1.0,1.0,,,
3 Bedroom Townhouse,1350000.0,3.0,2.0,2.0,,"2 Ss Arranmor, 95 Rapson Road",
1 Bedroom Apartment,720000.0,1.0,1.0,1.0,,88 J.b. Marks Road,
2 Bedroom Townhouse,1480000.0,2.0,1.0,4.0,4008.0,,
4 Bedroom House,1700000.0,4.0,25.0,6.0,1320.0,423 Bahama Avenue,
4 Bedroom House,24999000.0,4.0,4.0,3.0,2056.0,Corkwood Drive Signature Villas,
1 Bedroom Apartment,580000.0,1.0,1.0,1.0,,,
3 Bedroom Apartment,1790000.0,3.0,2.0,3.0,,,
2 Bedroom Townhouse,1480000.0,2.0,1.0,4.0,4008.0,,
3 Bedroom Townhouse,3800000.0,3.0,2.0,3.0,,,
6 Bedroom House,5950000.0,6.0,5.0,10.0,1800.0,,
4 Bedroom House,3800000.0,4.0,3.0,4.0,625.0,,
2 Bedroom Apartment,850000.0,2.0,2.0,1.0,,,
3 Bedroom Apartment,1200000.0,3.0,2.0,1.0,,,
2 Bedroom Apartment,1369000.0,2.0,1.0,2.0,,,
2 Bedroom Apartment,750000.0,2.0,2.0,1.0,,,
2 Bedroom Apartment,1170000.0,2.0,15.0,2.0,,,
2 Bedroom House,542850.0,2.0,1.0,2.0,61.0,,
2 Bedroom Apartment,1595000.0,2.0,1.0,1.0,,24 Norfolk Road,
4 Bedroom House,3995000.0,4.0,2.0,6.0,4047.0,,
4 Bedroom House,875000.0,4.0,15.0,,2813.0,,
4 Bedroom House,3500000.0,4.0,3.0,7.0,1019.0,,
2 Bedroom Apartment,920000.0,2.0,2.0,1.0,,,
3 Bedroom House,3395000.0,3.0,2.0,2.0,505.0,,
3 Bedroom Townhouse,1100000.0,3.0,1.0,1.0,1860.0,,
3 Bedroom Apartment,1550000.0,3.0,2.0,,,,
1 Bedroom Apartment,2075000.0,1.0,15.0,1.0,,"503 The Onyx, 38 Umhlanga Ridge Boulevard",
2 Bedroom Apartment,1895000.0,2.0,2.0,2.0,,"407 Ss 98 Gordon, 98 Gordon Road",
3 Bedroom House,9000000.0,3.0,4.0,5.0,35.0,,
3 Bedroom Apartment,1200000.0,3.0,2.0,1.0,,,
2 Bedroom Apartment,,2.0,1.0,1.0,89.0,,
3 Bedroom Apartment,810000.0,3.0,3.0,1.0,,,
0.5 Bedroom Apartment,6200000.0,5.0,,,,,
4 Bedroom Apartment,4950000.0,4.0,45.0,2.0,,,
3 Bedroom Apartment,940000.0,3.0,1.0,1.0,,,
2 Bedroom Townhouse,1000000.0,2.0,1.0,1.0,22420.0,,
2 Bedroom Apartment,2495000.0,2.0,2.0,1.0,,,
3 Bedroom House,900000.0,3.0,1.0,,,,
3 Bedroom House,850000.0,3.0,2.0,16.0,1607.0,,
3 Bedroom Apartment,2750000.0,3.0,2.0,2.0,,,
4 Bedroom House,918000.0,4.0,25.0,2.0,543.0,,
House,990000.0,,,,,,
2 Bedroom Townhouse,1170000.0,2.0,2.0,2.0,6452.0,,
3 Bedroom Apartment,685000.0,3.0,1.0,,,,
3 Bedroom House,1250000.0,3.0,2.0,2.0,1253.0,,
3 Bedroom House,395000.0,3.0,1.0,3.0,1712.0,,
3 Bedroom House,1500000.0,3.0,1.0,1.0,1322.0,,
2 Bedroom Apartment,779000.0,2.0,1.0,,,,
1 Bedroom Apartment,540000.0,1.0,1.0,,,,
1.5 Bedroom Apartment,550000.0,15.0,2.0,1.0,,,
3 Bedroom House,395000.0,3.0,1.0,3.0,1712.0,,
2 Bedroom Apartment,750000.0,2.0,2.0,1.0,,,
4 Bedroom House,2400000.0,4.0,4.0,2.0,935.0,,
1.5 Bedroom Apartment,800000.0,15.0,1.0,,,,
5 Bedroom House,1090000.0,5.0,3.0,1.0,943.0,815 Jupiter Square,
4 Bedroom Townhouse,3495000.0,4.0,35.0,2.0,,,
3 Bedroom House,695000.0,3.0,1.0,7.0,528.0,6 Platinum,
2 Bedroom Apartment,789000.0,2.0,1.0,1.0,,,
4 Bedroom House,6500000.0,4.0,4.0,6.0,640.0,,
2 Bedroom Apartment,1295000.0,2.0,1.0,1.0,,,
4 Bedroom House,3995000.0,4.0,25.0,3.0,2139.0,,
3 Bedroom Apartment,10500000.0,3.0,3.0,2.0,,,
5 Bedroom House,2680000.0,5.0,4.0,8.0,1096.0,,
2 Bedroom House,1050000.0,2.0,1.0,2.0,83.0,,
6 Bedroom House,1300000.0,6.0,4.0,2.0,1009.0,,
3 Bedroom Apartment,1140000.0,3.0,2.0,1.0,,,
3 Bedroom Townhouse,2400000.0,3.0,25.0,1.0,6944.0,,
4 Bedroom House,1700000.0,4.0,2.0,7.0,849.0,4 Mohamed Mayat Drive,
4 Bedroom House,850000.0,4.0,2.0,1.0,915.0,,
1 Bedroom Apartment,300000.0,1.0,5.0,,27.0,161 Jabu Ndlovu,
4 Bedroom House,1700000.0,4.0,2.0,7.0,849.0,4 Mohamed Mayat Drive,
5 Bedroom House,8995000.0,5.0,45.0,4.0,6184.0,,
2 Bedroom Apartment,850000.0,2.0,1.0,2.0,,,
3 Bedroom Apartment,799000.0,3.0,1.0,1.0,,,
1 Bedroom Apartment,935000.0,1.0,1.0,1.0,,,
3 Bedroom House,1380000.0,3.0,2.0,2.0,450.0,,
2 Bedroom House,5400000.0,2.0,2.0,4.0,9765.0,,
2 Bedroom Apartment,985000.0,2.0,2.0,1.0,,,
2 Bedroom Townhouse,1599000.0,2.0,15.0,2.0,11154.0,,
2 Bedroom Apartment,1370000.0,2.0,2.0,1.0,,,
3 Bedroom House,3700000.0,3.0,2.0,,20633.0,,
4 Bedroom Townhouse,3950000.0,4.0,25.0,4.0,8012.0,,
2 Bedroom Apartment,850000.0,2.0,1.0,,,,
2 Bedroom Apartment,615000.0,2.0,1.0,1.0,,,
2 Bedroom Townhouse,1599000.0,2.0,15.0,2.0,11154.0,,
2 Bedroom Apartment,1250000.0,2.0,2.0,1.0,,,
3 Bedroom Apartment,1620000.0,3.0,2.0,4.0,162.0,"2 101 Byng Avenue, 101 Byng Avenue",
5 Bedroom House,970000.0,5.0,3.0,2.0,1356.0,,
3 Bedroom Townhouse,1670000.0,3.0,1.0,2.0,,,
3 Bedroom Apartment,970000.0,3.0,1.0,2.0,,,
4 Bedroom House,1750000.0,4.0,4.0,2.0,1104.0,,
3 Bedroom Apartment,7795000.0,3.0,2.0,3.0,,"19 10 Weaver Crescent, 10 Weaver Crescent",
1 Bedroom Townhouse,630000.0,1.0,1.0,1.0,1533.0,46 Buckingham Avenue,
2 Bedroom House,1195000.0,2.0,1.0,4.0,524.0,,
2 Bedroom House,569000.0,2.0,1.0,4.0,476.0,,
3 Bedroom House,1495000.0,3.0,2.0,7.0,1149.0,,
3 Bedroom Apartment,995000.0,3.0,1.0,2.0,,,
4 Bedroom House,2095000.0,4.0,3.0,8.0,1288.0,,
2 Bedroom Apartment,2695000.0,2.0,2.0,1.0,,,
5 Bedroom House,2495000.0,5.0,25.0,4.0,2023.0,,
3 Bedroom House,3759000.0,3.0,2.0,2.0,,,
2 Bedroom Apartment,650000.0,2.0,1.0,1.0,,,
3 Bedroom House,3759000.0,3.0,2.0,2.0,,,
1.5 Bedroom Apartment,650000.0,15.0,2.0,1.0,,,
3 Bedroom House,1100000.0,3.0,2.0,9.0,617.0,,
2 Bedroom Apartment,3790000.0,2.0,2.0,4.0,,,
Apartment,450000.0,,1.0,1.0,,,
3 Bedroom House,1699000.0,3.0,2.0,2.0,1271.0,,
2 Bedroom House,250000.0,2.0,,1.0,,,
2 Bedroom Apartment,950000.0,2.0,2.0,1.0,,,
2 Bedroom Apartment,770000.0,2.0,15.0,2.0,,,
2 Bedroom Apartment,1750000.0,2.0,2.0,1.0,,,
4 Bedroom House,9575000.0,4.0,45.0,4.0,6188.0,,
3 Bedroom House,1450000.0,3.0,2.0,4.0,1491.0,,
5 Bedroom House,4950000.0,5.0,4.0,9.0,4041.0,,
5 Bedroom House,1150000.0,5.0,4.0,4.0,1041.0,,
3 Bedroom House,1678000.0,3.0,2.0,3.0,1900.0,,
7 Bedroom House,2200000.0,7.0,45.0,,930.0,,
3 Bedroom House,1480000.0,3.0,2.0,3.0,964.0,,
1 Bedroom Apartment,553000.0,1.0,1.0,1.0,,,
2 Bedroom Apartment,799000.0,2.0,1.0,2.0,,,
5 Bedroom House,2550000.0,5.0,3.0,8.0,956.0,,
4 Bedroom House,1070000.0,4.0,3.0,6.0,567.0,,
2 Bedroom Apartment,750000.0,2.0,1.0,1.0,,"1 Capital Hill Drive, Surrey Park, Bishopstowe, Pietermaritzburg",
2 Bedroom Townhouse,4295000.0,2.0,2.0,4.0,,,
2 Bedroom Apartment,680000.0,2.0,1.0,,,,
7 Bedroom House,2200000.0,7.0,45.0,,930.0,,
3 Bedroom Apartment,2650000.0,3.0,2.0,1.0,1756.0,,
6 Bedroom House,7200000.0,6.0,35.0,12.0,5163.0,,
4 Bedroom House,3500000.0,4.0,35.0,6.0,930.0,,
3 Bedroom House,1500000.0,3.0,2.0,,1156.0,,
1 Bedroom Apartment,2500000.0,1.0,1.0,1.0,,,
3 Bedroom House,1450000.0,3.0,3.0,6.0,1138.0,,
5 Bedroom House,2645000.0,5.0,3.0,4.0,2141.0,,
1 Bedroom Apartment,1925000.0,1.0,1.0,1.0,1155.0,,
2 Bedroom Townhouse,1250000.0,2.0,1.0,2.0,,,
2 Bedroom Apartment,910000.0,2.0,1.0,2.0,,,
3 Bedroom Townhouse,1060000.0,3.0,25.0,2.0,,,
3 Bedroom Apartment,1175000.0,3.0,2.0,1.0,,,
2 Bedroom Apartment,2495000.0,2.0,2.0,1.0,,"31 Ss Oceandune, 1 Heleza Boulevard",
5 Bedroom House,2149000.0,5.0,3.0,12.0,855.0,,
2 Bedroom Apartment,538000.0,2.0,1.0,1.0,,,
1 Bedroom Apartment,599000.0,1.0,1.0,1.0,,6 Lagoon Road,
2 Bedroom Townhouse,1200000.0,2.0,1.0,2.0,52505.0,,
2 Bedroom Apartment,770000.0,2.0,1.0,1.0,,,
4 Bedroom House,2350000.0,4.0,4.0,3.0,2024.0,22 & 24 Crompton Street,
8 Bedroom House,4999000.0,8.0,7.0,10.0,1900.0,36 Kings Avenue,
2 Bedroom Apartment,1190000.0,2.0,2.0,6.0,,,
2 Bedroom Apartment,2495000.0,2.0,2.0,1.0,,"31 Ss Oceandune, 1 Heleza Boulevard",
2 Bedroom Apartment,1995000.0,2.0,1.0,2.0,,,
3 Bedroom House,950000.0,3.0,15.0,6.0,,,
2 Bedroom Apartment,750000.0,2.0,15.0,2.0,,,
5 Bedroom House,5500000.0,5.0,25.0,6.0,1012.0,,
3 Bedroom Apartment,1895000.0,3.0,2.0,2.0,,,
1 Bedroom Apartment,1500000.0,1.0,1.0,3.0,,,
3 Bedroom Apartment,870000.0,3.0,2.0,1.0,,,
3 Bedroom House,1495000.0,3.0,2.0,5.0,927.0,,
1 Bedroom Apartment,1760000.0,1.0,1.0,1.0,,,
4 Bedroom House,3240000.0,4.0,4.0,3.0,2154.0,,
2 Bedroom Townhouse,1026000.0,2.0,1.0,1.0,,,
5 Bedroom House,5850000.0,5.0,4.0,7.0,1888.0,,
4 Bedroom House,2050000.0,4.0,45.0,4.0,1900.0,,
2 Bedroom Apartment,975000.0,2.0,2.0,1.0,,,
1 Bedroom Apartment,699000.0,1.0,1.0,1.0,,70 Connor Road,
3 Bedroom Apartment,999000.0,3.0,25.0,1.0,,,
4 Bedroom House,3240000.0,4.0,4.0,3.0,2154.0,,
2 Bedroom Apartment,950000.0,2.0,15.0,1.0,,,
6 Bedroom House,12000000.0,6.0,6.0,3.0,459.0,,
3 Bedroom House,700000.0,3.0,15.0,2.0,260.0,,
3 Bedroom House,880000.0,3.0,2.0,1.0,391.0,,
2 Bedroom Apartment,1295000.0,2.0,1.0,2.0,,2 Willesden 51 Lena Ahrens Road,
2 Bedroom House,990000.0,2.0,1.0,2.0,254.0,,
11 Bedroom House,6975000.0,11.0,2.0,2.0,27653.0,,
2 Bedroom House,550000.0,2.0,1.0,,1565.0,,
4 Bedroom House,1550000.0,4.0,3.0,4.0,1026.0,,
3 Bedroom House,850000.0,3.0,2.0,,550.0,,
4 Bedroom House,1500000.0,4.0,3.0,8.0,628.0,,
3 Bedroom Townhouse,1100000.0,3.0,2.0,3.0,,,
2 Bedroom Apartment,925000.0,2.0,2.0,1.0,,,
3 Bedroom House,2390000.0,3.0,2.0,2.0,35177.0,,
4 Bedroom House,800000.0,4.0,2.0,,205.0,,
4 Bedroom Townhouse,5600000.0,4.0,3.0,4.0,17200.0,,
2 Bedroom Apartment,2500000.0,2.0,2.0,2.0,,,
3 Bedroom House,1250000.0,3.0,3.0,3.0,210.0,,
2 Bedroom Apartment,650000.0,2.0,1.0,1.0,,,
2 Bedroom Apartment,2400000.0,2.0,2.0,1.0,,,
5 Bedroom House,1595000.0,5.0,2.0,6.0,319.0,,
2 Bedroom Townhouse,720000.0,2.0,1.0,,,,
0.5 Bedroom Apartment,450000.0,5.0,1.0,,47.0,,
3 Bedroom Apartment,75000000.0,3.0,4.0,3.0,,7 Lagoon Drive,
2 Bedroom Apartment,750000.0,2.0,1.0,1.0,,,
3 Bedroom Townhouse,1495000.0,3.0,2.0,3.0,4725.0,,
2 Bedroom Apartment,650000.0,2.0,1.0,1.0,,,
3 Bedroom Apartment,1200000.0,3.0,2.0,,,,
3 Bedroom House,4390000.0,3.0,3.0,4.0,508.0,,
2 Bedroom Apartment,675000.0,2.0,1.0,1.0,,,
4 Bedroom House,6190000.0,4.0,4.0,8.0,,,
3 Bedroom Apartment,6700000.0,3.0,35.0,5.0,,,
2 Bedroom Townhouse,1185000.0,2.0,2.0,2.0,,,
3 Bedroom Townhouse,1500000.0,3.0,2.0,4.0,4054.0,,
2 Bedroom Apartment,630000.0,2.0,1.0,1.0,,,
2 Bedroom House,420000.0,2.0,1.0,1.0,1200.0,,
2 Bedroom Apartment,730000.0,2.0,1.0,1.0,,,
2 Bedroom Apartment,730000.0,2.0,1.0,1.0,,,
2 Bedroom Apartment,849000.0,2.0,15.0,1.0,,,
4 Bedroom House,750000.0,4.0,1.0,1.0,348.0,,
Apartment,520000.0,,1.0,1.0,,,
Apartment,835000.0,,1.0,,,,
2 Bedroom Apartment,1750000.0,2.0,2.0,1.0,,,
3 Bedroom Apartment,2500000.0,3.0,25.0,4.0,,,
3 Bedroom Apartment,2800000.0,3.0,2.0,3.0,,"17 La Mustique, 94b Compensation Beach Roadroad, Ballito",
3 Bedroom Apartment,1350000.0,3.0,2.0,3.0,,,
1 Bedroom Apartment,680000.0,1.0,1.0,1.0,,37 Cromwell Road,
4 Bedroom House,1050000.0,4.0,2.0,3.0,552.0,,
3 Bedroom House,1780000.0,3.0,2.0,7.0,1002.0,,
3 Bedroom Townhouse,11000000.0,3.0,3.0,12.0,2762.0,,
2 Bedroom Apartment,960000.0,2.0,2.0,2.0,,,
2 Bedroom Apartment,2150000.0,2.0,1.0,1.0,,,
2 Bedroom Apartment,1995000.0,2.0,2.0,1.0,,,
5 Bedroom House,650000.0,5.0,1.0,1.0,,,
3 Bedroom House,1199000.0,3.0,1.0,9.0,757.0,,
3 Bedroom Townhouse,3195000.0,3.0,3.0,2.0,,,
3 Bedroom Townhouse,1150000.0,3.0,2.0,4.0,,,
2 Bedroom House,1350000.0,2.0,2.0,,755.0,,
3 Bedroom Apartment,2985000.0,3.0,25.0,2.0,,,
3 Bedroom Townhouse,3195000.0,3.0,3.0,2.0,,,
3 Bedroom Townhouse,3199000.0,3.0,2.0,2.0,162.0,,
6 Bedroom House,2200000.0,6.0,4.0,12.0,1375.0,817 Woodgrange Road,
4 Bedroom House,2495000.0,4.0,3.0,8.0,3245.0,,
2 Bedroom Apartment,1699000.0,2.0,2.0,2.0,,,
2 Bedroom Apartment,1850000.0,2.0,2.0,,,,
4 Bedroom House,950000.0,4.0,2.0,1.0,,,
2 Bedroom Apartment,935000.0,2.0,1.0,1.0,,,
2 Bedroom Apartment,1900000.0,2.0,2.0,2.0,,,
2 Bedroom Apartment,2595000.0,2.0,2.0,2.0,,,
4 Bedroom House,3250000.0,4.0,4.0,3.0,668.0,,
2 Bedroom House,495000.0,2.0,1.0,1.0,283.0,,
3 Bedroom Apartment,1600000.0,3.0,15.0,2.0,,,
2 Bedroom Apartment,2250000.0,2.0,1.0,2.0,,,
2 Bedroom Apartment,2499000.0,2.0,2.0,2.0,,,
2 Bedroom Apartment,1550000.0,2.0,1.0,1.0,,,
4 Bedroom Townhouse,4350000.0,4.0,3.0,8.0,,,
3 Bedroom Townhouse,2995000.0,3.0,3.0,4.0,22295.0,,
2 Bedroom Apartment,930000.0,2.0,2.0,1.0,,"3 47 On Morcom, 47 Morcom Road",
1 Bedroom Apartment,460000.0,1.0,1.0,,,,
1 Bedroom Apartment,851760.0,1.0,1.0,,,,
4 Bedroom House,1230000.0,4.0,2.0,3.0,344.0,,
3 Bedroom House,895000.0,3.0,2.0,10.0,1070.0,,
2 Bedroom Apartment,445000.0,2.0,1.0,,,,
3 Bedroom House,1695000.0,3.0,2.0,11.0,936.0,247 Ohrtmann Road,
4 Bedroom House,3850000.0,4.0,4.0,3.0,5349.0,,
2 Bedroom Apartment,1395000.0,2.0,2.0,2.0,,"316 Ballito Groves, 1 Lee Barns Blvd",
3 Bedroom Apartment,4150000.0,3.0,2.0,2.0,,,
2 Bedroom Apartment,850000.0,2.0,2.0,2.0,,,
3 Bedroom Townhouse,1695000.0,3.0,2.0,2.0,47945.0,,
3 Bedroom Apartment,3250000.0,3.0,2.0,1.0,,,
2 Bedroom Apartment,930000.0,2.0,2.0,1.0,,"3 47 On Morcom, 47 Morcom Road",
2 Bedroom Apartment,869000.0,2.0,2.0,2.0,,,
4 Bedroom Townhouse,1190000.0,4.0,4.0,4.0,66474.0,,
4 Bedroom Townhouse,2699000.0,4.0,3.0,2.0,2210.0,"2 Ss 197 On Lambert, 197 Lambert Road",
1.5 Bedroom Apartment,780000.0,15.0,1.0,1.0,,,
3 Bedroom Townhouse,3695000.0,3.0,2.0,3.0,17512.0,1 Elaleni,
2 Bedroom Apartment,2000000.0,2.0,1.0,2.0,,"128 Ss Zimbali Boulevard Suites, 1 Boulevard Drive, 128 Boulevard Suites",
2 Bedroom Apartment,850000.0,2.0,1.0,1.0,,,
2 Bedroom Apartment,2450000.0,2.0,2.0,,,,
2 Bedroom Apartment,1030000.0,2.0,1.0,1.0,,"4 Aride, 89 Colin Street",
3 Bedroom Apartment,2790000.0,3.0,2.0,2.0,,,
3 Bedroom House,1499000.0,3.0,2.0,3.0,4005.0,1155 Glenmarkie Drive,
2 Bedroom Apartment,750000.0,2.0,1.0,1.0,,"3 Kwabiela, 3 Lawrence Rocks Street",
3 Bedroom Apartment,895000.0,3.0,1.0,1.0,,"33 Ss Ocean Ridge, 33 South Beach Avenue",
3 Bedroom Apartment,7350000.0,3.0,3.0,2.0,,". ., 4 Plantations",
3 Bedroom Apartment,1240000.0,3.0,2.0,2.0,,"326 Hesketh Estate, 275 Gladys Manzini Road",
3 Bedroom Apartment,2790000.0,3.0,2.0,2.0,,,
5 Bedroom House,9950000.0,5.0,4.0,6.0,1551.0,P228 Sheffield Beach Road,
8 Bedroom House,2950000.0,8.0,4.0,10.0,3013.0,"Tugela Mouth, 11 Tugela Mouth",
4 Bedroom House,14950000.0,4.0,5.0,3.0,1001.0,,
4 Bedroom House,5998000.0,4.0,1.0,5.0,1430.0,,
3 Bedroom House,730000.0,3.0,1.0,,406.0,,
3 Bedroom House,7920000.0,3.0,3.0,4.0,,,
2 Bedroom Apartment,1650000.0,2.0,1.0,2.0,,"130 Ss Zimbali Boulevard Suites, 326 Albizia Drive, Unit 130 Boulevard Suites",
5 Bedroom House,800000.0,5.0,2.0,1.0,510.0,,
3 Bedroom House,550000.0,3.0,3.0,10.0,2000.0,,
2 Bedroom Townhouse,660000.0,2.0,2.0,1.0,,,
2 Bedroom Apartment,1295000.0,2.0,1.0,,,,
5 Bedroom Townhouse,6500000.0,5.0,55.0,4.0,,,
4 Bedroom House,1500000.0,4.0,4.0,5.0,1138.0,,
2 Bedroom Apartment,2375000.0,2.0,2.0,1.0,,,
2 Bedroom Apartment,698000.0,2.0,1.0,1.0,,,
4 Bedroom House,1450000.0,4.0,3.0,5.0,1194.0,,
2 Bedroom Apartment,820000.0,2.0,1.0,,,,
3 Bedroom Townhouse,1200000.0,3.0,2.0,2.0,43955.0,,
4 Bedroom House,1750000.0,4.0,2.0,,7956.0,,
4 Bedroom Apartment,8950000.0,4.0,4.0,2.0,,,
2 Bedroom Apartment,1150000.0,2.0,2.0,1.0,,,
2 Bedroom Apartment,1190000.0,2.0,1.0,2.0,,,
1 Bedroom Apartment,1250000.0,1.0,1.0,1.0,,,
2 Bedroom Apartment,820000.0,2.0,1.0,,,,
3 Bedroom Townhouse,660000.0,3.0,2.0,1.0,171.0,,
3 Bedroom Townhouse,2650000.0,3.0,25.0,4.0,4049.0,,
2.5 Bedroom Townhouse,1300000.0,25.0,3.0,2.0,,,
1 Bedroom Apartment,750000.0,1.0,15.0,1.0,,,
3 Bedroom Apartment,795000.0,3.0,2.0,1.0,,,
6 Bedroom House,1295000.0,6.0,2.0,6.0,1291.0,,
3 Bedroom Apartment,795000.0,3.0,15.0,1.0,,,
3 Bedroom Townhouse,1650000.0,3.0,25.0,3.0,9834.0,"Sea Village, 1 Rivulet Road",
3 Bedroom Apartment,1080000.0,3.0,2.0,2.0,,,
4 Bedroom House,12900000.0,4.0,6.0,10.0,1457.0,96 Forest Drive,
2 Bedroom House,620000.0,2.0,1.0,6.0,352.0,,
2 Bedroom Apartment,3199000.0,2.0,2.0,2.0,,,
3 Bedroom House,1095000.0,3.0,2.0,2.0,1111.0,,
3 Bedroom Townhouse,4300000.0,3.0,3.0,4.0,10500.0,2 Kirby Close,
6 Bedroom Townhouse,7995000.0,6.0,6.0,10.0,6457.0,"1 + 5 Ss The Aloes, 53 Ernest Whitcutt Road",
3 Bedroom Apartment,6300000.0,3.0,3.0,3.0,,,
3 Bedroom House,3650000.0,3.0,25.0,2.0,541.0,57 Lake Turquoise,
1 Bedroom Apartment,575000.0,1.0,1.0,,,,
8 Bedroom House,2895000.0,8.0,7.0,2.0,5153.0,,
3 Bedroom House,1450000.0,3.0,2.0,2.0,929.0,,
4 Bedroom House,3395000.0,4.0,4.0,12.0,2199.0,,
3 Bedroom House,680000.0,3.0,1.0,2.0,912.0,,
2 Bedroom House,1250000.0,2.0,1.0,1.0,243.0,,
3 Bedroom House,875000.0,3.0,3.0,2.0,801.0,,
5 Bedroom House,1650000.0,5.0,2.0,4.0,649.0,,
3 Bedroom House,900000.0,3.0,1.0,1.0,451.0,,
3 Bedroom Townhouse,1650000.0,3.0,25.0,3.0,9834.0,"Sea Village, 1 Rivulet Road",
3 Bedroom Apartment,1495000.0,3.0,2.0,2.0,,,
1.5 Bedroom Apartment,950000.0,15.0,1.0,,,,
3 Bedroom Apartment,1300000.0,3.0,2.0,1.0,,,
2 Bedroom Apartment,3450000.0,2.0,2.0,2.0,,,
2 Bedroom Apartment,1450000.0,2.0,2.0,1.0,,"34 Ss Sahara Sands, 25 Nathaniel Isaacs Crescent",
3 Bedroom Townhouse,1095000.0,3.0,2.0,3.0,4070.0,"2 Villa Marina, 706/4 Casaurina Road",
3 Bedroom Townhouse,3800000.0,3.0,25.0,4.0,,,
3 Bedroom Townhouse,1190000.0,3.0,2.0,1.0,6304.0,,
1 Bedroom Apartment,550000.0,1.0,1.0,,,,
1.5 Bedroom Apartment,800000.0,15.0,1.0,,,,
3 Bedroom Townhouse,1190000.0,3.0,2.0,1.0,6304.0,,
3 Bedroom Townhouse,2250000.0,3.0,2.0,2.0,11660.0,,
4 Bedroom Apartment,1850000.0,4.0,2.0,2.0,,,
3 Bedroom Apartment,830000.0,3.0,1.0,2.0,,,
2 Bedroom Apartment,780000.0,2.0,1.0,2.0,,"42 Sunset Beach, 1 Nicolson",
2 Bedroom Townhouse,2700000.0,2.0,2.0,1.0,,,
4 Bedroom House,3950000.0,4.0,3.0,7.0,1500.0,90 Saint Helier Road,
3 Bedroom Apartment,670000.0,3.0,1.0,,,,
4 Bedroom House,2250000.0,4.0,3.0,4.0,1464.0,16 Ferndale Avenue,
3 Bedroom House,3695000.0,3.0,3.0,3.0,257.0,,
3 Bedroom Townhouse,2795000.0,3.0,3.0,2.0,,,
2 Bedroom Apartment,650000.0,2.0,1.0,,,,
1 Bedroom Apartment,970000.0,1.0,1.0,1.0,,,
2 Bedroom Apartment,2200000.0,2.0,2.0,2.0,,,
3 Bedroom House,1890000.0,3.0,2.0,7.0,1331.0,,
4 Bedroom House,2495000.0,4.0,4.0,2.0,2449.0,,
3 Bedroom House,895000.0,3.0,1.0,1.0,307.0,,
3 Bedroom House,2300000.0,3.0,3.0,12.0,865.0,,
3 Bedroom House,1350000.0,3.0,2.0,2.0,2230.0,18 Benjamin Drive,
3 Bedroom House,650000.0,3.0,1.0,2.0,375.0,,
3 Bedroom Townhouse,880000.0,3.0,1.0,1.0,,,
3 Bedroom Apartment,5000000.0,3.0,3.0,2.0,,"3 115 On Lambert, 115 Lambert Road",
2 Bedroom Apartment,1650000.0,2.0,2.0,1.0,,,
14 Bedroom House,5999000.0,14.0,15.0,12.0,8225.0,,
3 Bedroom House,1890000.0,3.0,2.0,7.0,1331.0,,
2 Bedroom Apartment,995000.0,2.0,2.0,,,,
3 Bedroom Apartment,75000000.0,3.0,5.0,3.0,,,
4 Bedroom Apartment,2285000.0,4.0,2.0,,,,
2 Bedroom Apartment,1650000.0,2.0,2.0,1.0,,,
3 Bedroom Townhouse,2100000.0,3.0,1.0,3.0,,,
3 Bedroom House,880000.0,3.0,1.0,2.0,,,
3 Bedroom Apartment,2950000.0,3.0,2.0,2.0,,,
3 Bedroom Townhouse,1950000.0,3.0,2.0,2.0,94000.0,"Unit 117 Greenhaven Estate, 109 Padfield Rd",
2 Bedroom Apartment,740000.0,2.0,2.0,3.0,,"1 Monteray, 114 Marine Drive",
3 Bedroom Apartment,1300000.0,3.0,1.0,1.0,,,
5 Bedroom House,1250000.0,5.0,3.0,4.0,900.0,,
3 Bedroom Townhouse,1950000.0,3.0,2.0,2.0,94000.0,"Unit 117 Greenhaven Estate, 109 Padfield Rd",
1 Bedroom Apartment,750000.0,1.0,1.0,1.0,,,
3 Bedroom House,6950000.0,3.0,3.0,3.0,1012.0,,
3 Bedroom House,1150000.0,3.0,1.0,5.0,1366.0,,
3 Bedroom Apartment,1350000.0,3.0,2.0,2.0,,,
2 Bedroom Apartment,4200000.0,2.0,2.0,2.0,,,
2 Bedroom Apartment,870000.0,2.0,2.0,1.0,,,
3 Bedroom Apartment,2695000.0,3.0,25.0,4.0,,,
4 Bedroom Townhouse,1950000.0,4.0,2.0,4.0,,,
2 Bedroom Apartment,702000.0,2.0,15.0,,,,
3 Bedroom Apartment,2800000.0,3.0,35.0,5.0,,,
3 Bedroom House,1399000.0,3.0,2.0,8.0,466.0,,
3 Bedroom House,920000.0,3.0,25.0,,677.0,,
3 Bedroom Townhouse,2990000.0,3.0,2.0,4.0,4012.0,"2 Balmoral, 52 Somerset Drive",
3 Bedroom Townhouse,1450000.0,3.0,2.0,1.0,4047.0,,
4 Bedroom House,2250000.0,4.0,2.0,6.0,,,
2 Bedroom Apartment,765000.0,2.0,1.0,1.0,,,
22 Bedroom House,5495000.0,22.0,14.0,7.0,1653.0,80 Hendry Road,
2.5 Bedroom Apartment,1350000.0,25.0,15.0,3.0,,,
1 Bedroom Apartment,600000.0,1.0,1.0,1.0,,,
3 Bedroom Apartment,1700000.0,3.0,3.0,,,1 Duke Road,
5 Bedroom House,1100000.0,5.0,3.0,1.0,1813.0,,
3 Bedroom House,1350000.0,3.0,15.0,4.0,253.0,4 Rosehaven Road,
3 Bedroom House,4320000.0,3.0,1.0,,7200.0,735 Main Road,
6 Bedroom House,5495000.0,6.0,35.0,18.0,3339.0,32 Davenport Road,
2 Bedroom Apartment,925000.0,2.0,2.0,1.0,,,
3 Bedroom House,1350000.0,3.0,15.0,4.0,253.0,4 Rosehaven Road,
7 Bedroom House,1595000.0,7.0,4.0,5.0,2372.0,,
1 Bedroom Apartment,950900.0,1.0,1.0,,,8 Palm Boulevard,
3 Bedroom Apartment,6950000.0,3.0,3.0,2.0,,,
3 Bedroom Apartment,770000.0,3.0,2.0,2.0,,"13 Athlone Heights, 32 Athlone Drive Drive",
3 Bedroom House,1230000.0,3.0,2.0,3.0,1048.0,15 Kingfisher Crescent,
2 Bedroom House,1425000.0,2.0,2.0,3.0,1103.0,3 Vikings Road,
3 Bedroom House,2190000.0,3.0,25.0,8.0,902.0,,
4 Bedroom House,3600000.0,4.0,3.0,3.0,1192.0,,
1 Bedroom Apartment,730000.0,1.0,1.0,2.0,,,
2 Bedroom Apartment,950000.0,2.0,2.0,1.0,,,
5 Bedroom House,3500000.0,5.0,5.0,,1365.0,74 Elliot Street,
5 Bedroom House,2080000.0,5.0,4.0,3.0,,54 Venice Drive,
2 Bedroom House,995000.0,2.0,2.0,2.0,1482.0,737 Daimal Road,
1 Bedroom Apartment,1750000.0,1.0,1.0,2.0,,,
2 Bedroom Apartment,795000.0,2.0,2.0,1.0,2003.0,,
3 Bedroom Townhouse,1470000.0,3.0,2.0,2.0,3178.0,,
2 Bedroom Apartment,650000.0,2.0,2.0,1.0,,,
1 Bedroom Apartment,1800000.0,1.0,1.0,1.0,,,
3 Bedroom Townhouse,1700000.0,3.0,2.0,1.0,,86 Paterson Street,
2 Bedroom Apartment,895000.0,2.0,1.0,1.0,,,
1 Bedroom Apartment,699000.0,1.0,1.0,1.0,,,
4 Bedroom Apartment,2820000.0,4.0,3.0,2.0,,,
6 Bedroom House,5500000.0,6.0,45.0,4.0,9336.0,2 Link Road,
2 Bedroom House,4800000.0,2.0,2.0,1.0,699.0,19 Yellowwood Avenue,
3 Bedroom Townhouse,4700000.0,3.0,3.0,5.0,,,
3 Bedroom Townhouse,950000.0,3.0,25.0,2.0,7044.0,,
3 Bedroom Townhouse,4700000.0,3.0,3.0,5.0,,,
3 Bedroom House,869000.0,3.0,1.0,2.0,,,
1.5 Bedroom Apartment,1350000.0,15.0,1.0,,,,
3 Bedroom Townhouse,1695000.0,3.0,2.0,4.0,11377.0,7 Valley Rd,
3 Bedroom House,2500000.0,3.0,3.0,6.0,,,
4 Bedroom House,4095000.0,4.0,3.0,7.0,2690.0,,
2 Bedroom Townhouse,795000.0,2.0,1.0,1.0,933.0,,
3 Bedroom Apartment,1295000.0,3.0,2.0,2.0,,,
3 Bedroom House,870000.0,3.0,15.0,1.0,371.0,,
2 Bedroom Apartment,2750000.0,2.0,2.0,2.0,,,
3 Bedroom Apartment,4495000.0,3.0,2.0,2.0,,,
3 Bedroom Apartment,690000.0,3.0,2.0,1.0,,,
3 Bedroom Townhouse,1950000.0,3.0,3.0,2.0,,,
2 Bedroom Apartment,750000.0,2.0,2.0,1.0,,,
2 Bedroom Townhouse,750000.0,2.0,1.0,2.0,2042.0,,
1 Bedroom Apartment,1595000.0,1.0,1.0,,,,
2 Bedroom Apartment,3700000.0,2.0,2.0,1.0,,,
4 Bedroom Townhouse,2875000.0,4.0,25.0,2.0,483.0,,
2 Bedroom Apartment,3700000.0,2.0,2.0,1.0,,,
2 Bedroom Apartment,550000.0,2.0,1.0,1.0,,,
2 Bedroom Apartment,790000.0,2.0,1.0,1.0,,,
5 Bedroom House,1060000.0,5.0,2.0,,987.0,,
3 Bedroom House,2350000.0,3.0,2.0,4.0,2000.0,,
2 Bedroom Apartment,1850000.0,2.0,2.0,1.0,,,
3 Bedroom House,2295000.0,3.0,2.0,1.0,807.0,,
3 Bedroom House,950000.0,3.0,1.0,2.0,730.0,,
3 Bedroom Townhouse,1350000.0,3.0,1.0,2.0,,,
3 Bedroom Townhouse,1350000.0,3.0,25.0,3.0,,,
3 Bedroom Apartment,950000.0,3.0,2.0,1.0,,,
4 Bedroom House,3700000.0,4.0,4.0,4.0,1155.0,,
3 Bedroom House,1580000.0,3.0,1.0,2.0,981.0,,
3 Bedroom House,890000.0,3.0,2.0,5.0,650.0,,
2 Bedroom Apartment,1195000.0,2.0,1.0,1.0,,,
4 Bedroom House,4950000.0,4.0,35.0,2.0,24.0,29 Emoyeni,
1 Bedroom Apartment,1995000.0,1.0,2.0,1.0,,72 Brettenwood Lakes,
4 Bedroom House,849000.0,4.0,1.0,3.0,372.0,,
5 Bedroom House,1890000.0,5.0,3.0,10.0,1768.0,,
5 Bedroom House,4499000.0,5.0,5.0,8.0,1207.0,,
4 Bedroom House,1985000.0,4.0,25.0,6.0,1820.0,,
2 Bedroom Apartment,799000.0,2.0,2.0,2.0,,123 Marine Drive,
2 Bedroom House,750000.0,2.0,1.0,,141.0,,
3 Bedroom House,1165000.0,3.0,1.0,3.0,,45 Mayors Walk Street,
2 Bedroom Apartment,840000.0,2.0,1.0,1.0,,88 J.b. Marks Road,
4 Bedroom House,1615000.0,4.0,2.0,4.0,,,
2 Bedroom Townhouse,880000.0,2.0,2.0,1.0,19052.0,,
2 Bedroom Apartment,1090000.0,2.0,2.0,1.0,,,
3 Bedroom House,1580000.0,3.0,1.0,2.0,981.0,,
2 Bedroom Townhouse,2670000.0,2.0,2.0,3.0,,"1 La Colina, 1 Ballito Gardens Estate",
3 Bedroom Townhouse,1780000.0,3.0,2.0,4.0,,,
3 Bedroom Apartment,780000.0,3.0,1.0,1.0,,,
2 Bedroom Apartment,630000.0,2.0,1.0,2.0,,,
2 Bedroom Apartment,3500000.0,2.0,2.0,2.0,,,
2 Bedroom Apartment,899000.0,2.0,2.0,2.0,,,
3 Bedroom Apartment,849000.0,3.0,1.0,2.0,,,
3 Bedroom Apartment,3900000.0,3.0,2.0,2.0,,,
5 Bedroom Townhouse,2500000.0,5.0,4.0,3.0,20302.0,,
2 Bedroom Apartment,695000.0,2.0,1.0,1.0,,,
3 Bedroom Apartment,650000.0,3.0,1.0,1.0,,,
2 Bedroom House,880000.0,2.0,1.0,4.0,203.0,,
4 Bedroom House,19950000.0,4.0,45.0,3.0,1723.0,21 Plumbago Way,
2 Bedroom Apartment,650000.0,2.0,1.0,1.0,,,
3 Bedroom Apartment,1470000.0,3.0,2.0,1.0,,,
1 Bedroom Apartment,367000.0,1.0,1.0,,,"14 Ss Ruslynn, 47 Diakonia Avenue",
1 Bedroom Apartment,550000.0,1.0,2.0,1.0,,,
3 Bedroom Townhouse,2550000.0,3.0,2.0,4.0,,,
3 Bedroom House,2450000.0,3.0,2.0,2.0,1887.0,35 Berlin Drive,
2 Bedroom Apartment,850000.0,2.0,1.0,1.0,,,
3 Bedroom Apartment,1470000.0,3.0,2.0,1.0,,,
2 Bedroom Apartment,695000.0,2.0,1.0,1.0,,,
2 Bedroom Apartment,919000.0,2.0,2.0,2.0,,76 Colin Street,
3 Bedroom Apartment,1490000.0,3.0,2.0,2.0,,,
2 Bedroom Apartment,3496612.0,2.0,2.0,2.0,,9 Vuna Close,
3 Bedroom Apartment,1391000.0,3.0,2.0,2.0,,111 Marine Drive (whale Rock),
1.5 Bedroom Apartment,1150000.0,15.0,1.0,2.0,,"21 Ss Whitehall Court, 1 Northway Road",
3 Bedroom Apartment,2527125.0,3.0,2.0,2.0,,,
1 Bedroom Apartment,350000.0,1.0,1.0,1.0,,,
3 Bedroom House,1350000.0,3.0,2.0,1.0,2353.0,,
3 Bedroom Townhouse,900000.0,3.0,3.0,1.0,159.0,,
2 Bedroom Apartment,820000.0,2.0,15.0,1.0,,,
3 Bedroom House,980000.0,3.0,25.0,2.0,8770.0,,
3 Bedroom House,980000.0,3.0,2.0,2.0,4116.0,,
3 Bedroom Apartment,3150000.0,3.0,2.0,2.0,,,
2 Bedroom Apartment,2690000.0,2.0,2.0,2.0,,477 Musgrave Road,
4 Bedroom House,3850000.0,4.0,2.0,10.0,,,
2 Bedroom Apartment,820000.0,2.0,15.0,1.0,,,
Apartment,1190000.0,,1.0,,,,
4 Bedroom House,840000.0,4.0,2.0,5.0,546.0,9 Dove Place,
2 Bedroom Apartment,2600000.0,2.0,2.0,1.0,,,
1 Bedroom Apartment,550000.0,1.0,1.0,1.0,,"Knightsbridge, 40 James Herbert Road",
4 Bedroom Townhouse,1600000.0,4.0,2.0,3.0,240.0,"1 Capital Hill Dr, Surrey Park, Pietermaritzburg, 3201",
1.5 Bedroom Apartment,1295000.0,15.0,1.0,1.0,,,
3 Bedroom House,950000.0,3.0,2.0,2.0,1009.0,,
3 Bedroom Townhouse,1940000.0,3.0,2.0,4.0,13218.0,,
2 Bedroom Townhouse,849000.0,2.0,15.0,1.0,,,
5 Bedroom House,3700000.0,5.0,5.0,4.0,995.0,,
2 Bedroom Apartment,890000.0,2.0,2.0,1.0,,,
3 Bedroom House,1800000.0,3.0,25.0,10.0,1972.0,,
2 Bedroom Apartment,495000.0,2.0,2.0,2.0,,,
3 Bedroom House,895000.0,3.0,2.0,1.0,2023.0,,
3 Bedroom Apartment,5195000.0,3.0,3.0,2.0,,,
3 Bedroom Townhouse,1800000.0,3.0,2.0,2.0,9322.0,,
2 Bedroom Apartment,720000.0,2.0,2.0,2.0,,,
2 Bedroom Apartment,2750000.0,2.0,2.0,2.0,,,
2 Bedroom Apartment,1850000.0,2.0,2.0,2.0,,,
4 Bedroom Townhouse,5950000.0,4.0,35.0,2.0,,,
3 Bedroom House,910000.0,3.0,2.0,1.0,650.0,,
1 Bedroom Apartment,720000.0,1.0,1.0,1.0,,,
2 Bedroom Apartment,585000.0,2.0,1.0,,,,
1.5 Bedroom Apartment,1300000.0,15.0,15.0,,,,
1 Bedroom Apartment,720000.0,1.0,1.0,1.0,,,
12 Bedroom House,4490000.0,12.0,10.0,9.0,4978.0,,
4 Bedroom House,3850000.0,4.0,35.0,3.0,864.0,,
6 Bedroom House,3099000.0,6.0,45.0,8.0,1694.0,,
3 Bedroom Apartment,1250000.0,3.0,2.0,1.0,,,
4 Bedroom House,2385000.0,4.0,4.0,6.0,1968.0,280 Weston Road,
1.5 Bedroom Apartment,550000.0,15.0,1.0,1.0,,,
3 Bedroom Townhouse,4995000.0,3.0,2.0,3.0,2240.0,,
7 Bedroom House,2949999.0,7.0,6.0,8.0,1125.0,,
3 Bedroom Townhouse,1500000.0,3.0,3.0,2.0,,15 Sylvan Grove,
4 Bedroom Apartment,6995000.0,4.0,45.0,4.0,,,
3 Bedroom Apartment,1750000.0,3.0,2.0,1.0,,"18 Praslin, 2442 National Road",
6 Bedroom House,3195000.0,6.0,4.0,4.0,6689.0,,
2 Bedroom Apartment,1290000.0,2.0,2.0,2.0,,93 Claribel Road,
2.5 Bedroom Apartment,950000.0,25.0,15.0,2.0,,,
1 Bedroom House,300000.0,1.0,1.0,1.0,,,
4 Bedroom House,3750000.0,4.0,3.0,9.0,1280.0,8 Tiger Rocks,
4 Bedroom House,850000.0,4.0,15.0,4.0,540.0,,
4 Bedroom House,8995000.0,4.0,4.0,6.0,1244.0,"Beverley Hills Estate, 25 Coral Ridge Road",
3 Bedroom Apartment,730000.0,3.0,2.0,3.0,,"3 Ss Gough Heights, 19 Crown Road",
4 Bedroom House,5800000.0,4.0,5.0,4.0,2830.0,,
5 Bedroom House,4199999.0,5.0,25.0,4.0,1754.0,19 Westminster Pl,
3 Bedroom Townhouse,4995000.0,3.0,2.0,3.0,2240.0,,
2 Bedroom Apartment,1350000.0,2.0,2.0,2.0,,,
3 Bedroom Apartment,1100000.0,3.0,2.0,2.0,,,
3 Bedroom Townhouse,780000.0,3.0,2.0,2.0,,,
3 Bedroom House,1550000.0,3.0,2.0,4.0,2023.0,,
7 Bedroom House,7000000.0,7.0,7.0,3.0,1429.0,,
6 Bedroom House,2480000.0,6.0,4.0,1.0,1155.0,,
2 Bedroom Apartment,1500000.0,2.0,2.0,2.0,,,
4 Bedroom House,2450000.0,4.0,4.0,2.0,976.0,,
4 Bedroom House,1699000.0,4.0,3.0,4.0,297.0,,
3 Bedroom House,895000.0,3.0,15.0,3.0,199.0,,
3 Bedroom Apartment,5500000.0,3.0,25.0,,,,
3 Bedroom Townhouse,1700000.0,3.0,2.0,2.0,,,
6 Bedroom House,3600000.0,6.0,4.0,4.0,585.0,,
2 Bedroom Apartment,2700000.0,2.0,1.0,2.0,793.0,33 Elaleni Coastal Forest,
3 Bedroom House,1100000.0,3.0,2.0,2.0,972.0,,
3 Bedroom Townhouse,3700000.0,3.0,4.0,,180.0,,
3 Bedroom Apartment,1620000.0,3.0,2.0,2.0,,1 Konrad Drive,
2 Bedroom Apartment,1850000.0,2.0,2.0,1.0,,,
6 Bedroom House,6395000.0,6.0,6.0,9.0,1800.0,,
3 Bedroom Townhouse,3700000.0,3.0,4.0,,180.0,,
4 Bedroom Townhouse,5500000.0,4.0,4.0,3.0,,,
4 Bedroom House,1395000.0,4.0,3.0,2.0,272962.0,,
3 Bedroom Apartment,3950000.0,3.0,2.0,2.0,,,
2 Bedroom Apartment,1700000.0,2.0,2.0,1.0,,,
3 Bedroom Townhouse,890000.0,3.0,2.0,3.0,131.0,,
3 Bedroom Apartment,1495000.0,3.0,2.0,1.0,,,
2 Bedroom Apartment,650000.0,2.0,1.0,,,,
1 Bedroom Apartment,1650000.0,1.0,1.0,1.0,,,
4 Bedroom House,6940000.0,4.0,5.0,6.0,842.0,,
1.5 Bedroom Apartment,660000.0,15.0,1.0,,,,
3 Bedroom Apartment,3950000.0,3.0,2.0,2.0,,,
2 Bedroom Apartment,1150000.0,2.0,1.0,1.0,,,
2.5 Bedroom Apartment,999000.0,25.0,2.0,1.0,,,
2 Bedroom Townhouse,1049000.0,2.0,1.0,2.0,10881.0,,
3 Bedroom House,800000.0,3.0,1.0,2.0,350.0,,
3 Bedroom Apartment,1035000.0,3.0,2.0,2.0,,,
3 Bedroom Apartment,1550000.0,3.0,2.0,1.0,,,
2 Bedroom Apartment,3700000.0,2.0,2.0,1.0,,,
3 Bedroom Apartment,2150000.0,3.0,2.0,4.0,,,
5 Bedroom House,1950000.0,5.0,4.0,2.0,1480.0,,
2 Bedroom Apartment,1975000.0,2.0,2.0,2.0,,,
4 Bedroom Apartment,4700000.0,4.0,3.0,,,,
5 Bedroom House,19975000.0,5.0,55.0,7.0,786.0,,
2 Bedroom Apartment,1250000.0,2.0,1.0,,,,
2 Bedroom Apartment,2695000.0,2.0,2.0,2.0,,,
3 Bedroom Townhouse,5695000.0,3.0,35.0,2.0,,,
2 Bedroom Apartment,790000.0,2.0,1.0,,,,
1 Bedroom Apartment,790000.0,1.0,1.0,1.0,,,
3 Bedroom Apartment,1320000.0,3.0,2.0,2.0,,,
5 Bedroom Townhouse,8995000.0,5.0,45.0,4.0,,,
3 Bedroom House,2099000.0,3.0,25.0,5.0,1875.0,,
3 Bedroom Townhouse,875000.0,3.0,1.0,3.0,3000.0,,
5 Bedroom House,2200000.0,5.0,5.0,6.0,,,
2 Bedroom Apartment,1875000.0,2.0,2.0,1.0,,,
2 Bedroom Apartment,1875000.0,2.0,2.0,1.0,,,
3 Bedroom Townhouse,995000.0,3.0,1.0,1.0,184559.0,,
5 Bedroom House,3250000.0,5.0,4.0,1.0,668.0,,
3 Bedroom House,950000.0,3.0,2.0,4.0,703.0,,
2 Bedroom Apartment,795000.0,2.0,2.0,2.0,,,
3 Bedroom Apartment,1949000.0,3.0,2.0,1.0,,,
2 Bedroom House,680000.0,2.0,1.0,1.0,465.0,,
2 Bedroom Apartment,780000.0,2.0,1.0,1.0,,,
3 Bedroom Apartment,9900000.0,3.0,35.0,2.0,,,
4 Bedroom House,5500000.0,4.0,35.0,3.0,1309.0,"Abrams Crest, 15 Phil Abrams Boulevard",
2 Bedroom Apartment,4600000.0,2.0,2.0,1.0,,,
3 Bedroom Townhouse,850000.0,3.0,2.0,14.0,49954.0,,
2 Bedroom Townhouse,650000.0,2.0,1.0,1.0,10223.0,,
5 Bedroom House,1850000.0,5.0,3.0,6.0,1098.0,,
2 Bedroom Apartment,950000.0,2.0,1.0,1.0,,,
7 Bedroom House,2850000.0,7.0,5.0,,900.0,,
0.5 Bedroom Apartment,486000.0,5.0,1.0,,,,
3 Bedroom House,2105000.0,3.0,1.0,8.0,934.0,,
2 Bedroom Apartment,1350000.0,2.0,2.0,2.0,,,
2 Bedroom Townhouse,650000.0,2.0,1.0,1.0,10223.0,,
6 Bedroom Townhouse,1900000.0,6.0,35.0,4.0,17660.0,,
6 Bedroom House,799999.0,6.0,4.0,4.0,1250.0,,
4 Bedroom House,540000.0,4.0,1.0,1.0,465.0,,
2 Bedroom Apartment,4500000.0,2.0,2.0,5.0,,"23 Seaford Park, 5 Weaver Crescent",
3 Bedroom House,3400000.0,3.0,2.0,2.0,,,
2.5 Bedroom Apartment,892500.0,25.0,1.0,,,22 Prince Street,
2 Bedroom Apartment,800000.0,2.0,1.0,,,,
2 Bedroom Apartment,750000.0,2.0,1.0,1.0,,,
3 Bedroom House,4750000.0,3.0,25.0,2.0,440.0,14 The Reserve,
3 Bedroom Apartment,5700000.0,3.0,3.0,2.0,,,
2 Bedroom Apartment,985000.0,2.0,2.0,1.0,,,
5 Bedroom House,2050000.0,5.0,3.0,6.0,1484.0,,
4 Bedroom House,4995000.0,4.0,3.0,12.0,1360.0,,
5 Bedroom House,4700000.0,5.0,3.0,4.0,1165.0,,
3 Bedroom Townhouse,1175000.0,3.0,2.0,3.0,43955.0,"29 Ss Cherry Lane, 129 Loon Road",
3 Bedroom Apartment,6750000.0,3.0,3.0,1.0,,"Unit 23, One On Seaton",
3 Bedroom House,950000.0,3.0,2.0,6.0,403.0,,
3 Bedroom House,3595000.0,3.0,2.0,4.0,1857.0,,
3 Bedroom Apartment,3795000.0,3.0,25.0,4.0,,"14 Ss Sovereign Sands, 20 Salmon Street",
3 Bedroom House,2200000.0,3.0,1.0,5.0,980.0,725 Bluff Road,
3 Bedroom Townhouse,4950000.0,3.0,25.0,4.0,,,
4 Bedroom House,1070000.0,4.0,15.0,3.0,1646.0,,
1 Bedroom Apartment,895000.0,1.0,1.0,2.0,,"39 Innes Mansions, 151 Innes Road",
1 Bedroom Apartment,550000.0,1.0,1.0,,,,
3 Bedroom Townhouse,2800000.0,3.0,35.0,5.0,,"Horizon Edge, 112 Mount Edgecombe Drive",
5 Bedroom House,6500000.0,5.0,45.0,6.0,1230.0,67 Wetherly Crescent,
2 Bedroom Apartment,850000.0,2.0,2.0,1.0,,5 Topham Road,
3 Bedroom Townhouse,1575000.0,3.0,2.0,4.0,497.0,,
2 Bedroom House,1580000.0,2.0,2.0,2.0,,,
3 Bedroom House,945000.0,3.0,2.0,2.0,250.0,"Ramsay St, Meadow Brook, Port Edward, 4295",
3 Bedroom House,950000.0,3.0,2.0,6.0,403.0,,
3 Bedroom House,485000.0,3.0,1.0,2.0,,,
3 Bedroom Townhouse,849000.0,3.0,2.0,1.0,1965.0,,
3 Bedroom Townhouse,975000.0,3.0,2.0,1.0,1965.0,,
3 Bedroom House,1700000.0,3.0,3.0,2.0,1026.0,"8 Tulip Road, Hazelwood",
3 Bedroom Townhouse,849000.0,3.0,2.0,1.0,1965.0,,
5 Bedroom House,1850000.0,5.0,4.0,4.0,1260.0,,
4 Bedroom House,7036641.0,4.0,45.0,3.0,5071.0,,
4 Bedroom House,2395000.0,4.0,2.0,4.0,1029.0,,
2 Bedroom Apartment,1899000.0,2.0,1.0,1.0,,,
1 Bedroom Apartment,450000.0,1.0,1.0,,,,
3 Bedroom House,2400000.0,3.0,2.0,4.0,794.0,,
5 Bedroom House,700000.0,5.0,3.0,2.0,49954.0,,
Apartment,1200000.0,,,,,,
2 Bedroom Apartment,850000.0,2.0,2.0,1.0,,,
5 Bedroom House,930000.0,5.0,2.0,3.0,299.0,,
2 Bedroom Apartment,1165000.0,2.0,1.0,1.0,,,
3 Bedroom Apartment,2150000.0,3.0,2.0,2.0,,,
2.5 Bedroom Apartment,1300000.0,25.0,15.0,3.0,,,
3 Bedroom House,750000.0,3.0,1.0,1.0,974.0,,
4 Bedroom House,1600000.0,4.0,25.0,2.0,301.0,,
2 Bedroom Apartment,695000.0,2.0,2.0,1.0,,,
2 Bedroom Apartment,650000.0,2.0,2.0,2.0,,7 Uplands Road,
4 Bedroom House,1299000.0,4.0,25.0,8.0,778.0,,
3 Bedroom Apartment,2450000.0,3.0,2.0,2.0,,,
1 Bedroom Apartment,1500000.0,1.0,1.0,1.0,,,
4 Bedroom House,2995000.0,4.0,3.0,2.0,2020.0,47 Monzali Drive,
3 Bedroom Apartment,4250000.0,3.0,2.0,2.0,,1 North Beach,
3 Bedroom Townhouse,3995000.0,3.0,2.0,8.0,,,
2 Bedroom Townhouse,1190000.0,2.0,1.0,2.0,,,
3 Bedroom House,2965000.0,3.0,2.0,2.0,1995.0,,
3 Bedroom House,4750000.0,3.0,2.0,6.0,1416.0,9 Forest Drive,
3 Bedroom Apartment,10605000.0,3.0,3.0,,265.0,9 Beachwood Place,
3 Bedroom House,3950000.0,3.0,2.0,2.0,723.0,,
2 Bedroom Apartment,1599000.0,2.0,2.0,2.0,,,
2 Bedroom House,700000.0,2.0,1.0,6.0,300.0,,
3 Bedroom House,750000.0,3.0,1.0,1.0,,,
3 Bedroom Apartment,2190000.0,3.0,2.0,2.0,,"18 Ss Kaitaia, 6 Jabu Ngcobo Drive",
4 Bedroom House,8200000.0,4.0,3.0,14.0,1341.0,,
2 Bedroom Apartment,640000.0,2.0,15.0,2.0,,,
3 Bedroom House,3950000.0,3.0,2.0,2.0,723.0,,
2 Bedroom Townhouse,1099000.0,2.0,2.0,2.0,,"Mountain View Estate, 1b Dennis Shepstone Drive",
2 Bedroom House,999000.0,2.0,25.0,2.0,12.0,,
2 Bedroom Apartment,1632425.0,2.0,2.0,1.0,,"10 Odyssey Mall, 1 Simbithi Drive",
5 Bedroom House,1800000.0,5.0,5.0,6.0,3998.0,,
2 Bedroom Townhouse,880000.0,2.0,2.0,3.0,89896.0,"76 Faerie Glen, 9 Canterbury",
5 Bedroom House,3395000.0,5.0,35.0,2.0,9030.0,,
3 Bedroom Townhouse,890000.0,3.0,1.0,,,,
3 Bedroom House,3450000.0,3.0,2.0,4.0,2092.0,,
2 Bedroom Apartment,795000.0,2.0,15.0,1.0,,,
3 Bedroom House,1850000.0,3.0,2.0,3.0,,,
4 Bedroom House,1595000.0,4.0,2.0,4.0,326.0,,
3 Bedroom Townhouse,2550000.0,3.0,2.0,2.0,,"9 Ss Everglades, 132 Prospect Hall Road",
3 Bedroom Apartment,1295000.0,3.0,3.0,,,,
3 Bedroom House,1755000.0,3.0,2.0,2.0,1106.0,,
3 Bedroom House,1795000.0,3.0,2.0,3.0,1078.0,,
4 Bedroom House,950000.0,4.0,2.0,10.0,3678000.0,,
2 Bedroom Apartment,750000.0,2.0,1.0,2.0,,,
House,2995000.0,,,,522.0,,
3 Bedroom Townhouse,1550000.0,3.0,2.0,2.0,553.0,"33 Mkhamba Garden, 1 Dunsby Avenue",
2 Bedroom Townhouse,600000.0,2.0,1.0,1.0,55922.0,"48 Ss San Miguel, 772 Kinderstrand Street",
2 Bedroom House,685000.0,2.0,1.0,1.0,,,
3 Bedroom Apartment,2100000.0,3.0,2.0,3.0,,4 Umkhuhlu Close,
2 Bedroom Townhouse,880000.0,2.0,2.0,3.0,89896.0,"76 Faerie Glen, 9 Canterbury",
2 Bedroom Apartment,1595000.0,2.0,1.0,1.0,,82 Summerway Lane Lane,
1 Bedroom Apartment,850000.0,1.0,1.0,1.0,,,
3 Bedroom Apartment,1450000.0,3.0,2.0,,,46 Acacia Crescent,
3 Bedroom Apartment,1750000.0,3.0,25.0,3.0,,"4 Ss Eastern Shores, 120 South Beach Road, Unit 4 Eastern Shores",
2 Bedroom Apartment,1595000.0,2.0,25.0,1.0,,,
4 Bedroom House,3190000.0,4.0,2.0,4.0,1133.0,,
4 Bedroom House,8950000.0,4.0,2.0,3.0,19.0,,
3 Bedroom House,1100000.0,3.0,2.0,3.0,657.0,,
12 Bedroom House,4995000.0,12.0,65.0,12.0,709.0,,
5 Bedroom House,1495000.0,5.0,2.0,5.0,837.0,,
5 Bedroom House,9020000.0,5.0,5.0,3.0,1177.0,,
4 Bedroom Townhouse,1350000.0,4.0,3.0,1.0,18056.0,,
1 Bedroom Apartment,1350000.0,1.0,1.0,1.0,,"205 Ss Marine Point, 27 Timeball Boulevard",
5 Bedroom House,4800000.0,5.0,4.0,6.0,1640.0,17 Umvoti Drive,
4 Bedroom Townhouse,1350000.0,4.0,3.0,1.0,18056.0,,
3 Bedroom Townhouse,6500000.0,3.0,25.0,2.0,16877.0,"11 Ss Setai, 1c Forestwood Drive, Unit 11 Setai",
2 Bedroom Townhouse,760000.0,2.0,2.0,2.0,113.0,5 Canterbury Drive,
3 Bedroom Townhouse,2700000.0,3.0,2.0,2.0,,"Douglas Crowe Dr, Ballitoville, Ballito, 4420",
1.5 Bedroom Apartment,995000.0,15.0,1.0,1.0,,,
4 Bedroom House,12995000.0,4.0,5.0,12.0,1126.0,95 Inanda Road,
2 Bedroom Apartment,495000.0,2.0,1.0,,,,
3 Bedroom House,1177000.0,3.0,1.0,5.0,817.0,39 Mayors Walk,
3 Bedroom House,1595000.0,3.0,2.0,5.0,1196.0,,
2 Bedroom Apartment,750000.0,2.0,2.0,1.0,,,
2 Bedroom Townhouse,960000.0,2.0,2.0,2.0,66474.0,,
3 Bedroom Apartment,4800000.0,3.0,35.0,2.0,,,
3 Bedroom Townhouse,599000.0,3.0,2.0,6.0,14479.0,,
3 Bedroom Apartment,1300000.0,3.0,2.0,1.0,,"4 Ss Libra, 86 Lilliecrona Boulevard",
4 Bedroom House,1250000.0,4.0,3.0,1.0,483.0,,
2 Bedroom Apartment,2895000.0,2.0,2.0,2.0,,"154 Ocean Dune, 154 Oceandune Boulevard",
3 Bedroom House,1240000.0,3.0,2.0,7.0,1870.0,,
3 Bedroom Apartment,1049000.0,3.0,2.0,2.0,,,
2 Bedroom Apartment,495000.0,2.0,1.0,1.0,,,
3 Bedroom Townhouse,3950000.0,3.0,25.0,2.0,,1 Zululami Blvd,
2 Bedroom Apartment,2895000.0,2.0,2.0,2.0,,"154 Ocean Dune, 154 Oceandune Boulevard",
3 Bedroom Apartment,2199000.0,3.0,2.0,1.0,,,
4 Bedroom Apartment,1380000.0,4.0,2.0,2.0,,,
3 Bedroom House,1600000.0,3.0,1.0,3.0,1936.0,,
3 Bedroom Townhouse,9750000.0,3.0,4.0,2.0,5885.0,,
3 Bedroom House,3999000.0,3.0,2.0,4.0,447.0,,
3 Bedroom Apartment,3900000.0,3.0,35.0,6.0,,,
2 Bedroom House,290000.0,2.0,1.0,1.0,,,
1 Bedroom Apartment,540000.0,1.0,1.0,1.0,,14 Farewell Road,
3 Bedroom House,1490000.0,3.0,25.0,4.0,1561.0,,
6 Bedroom House,1500000.0,6.0,4.0,2.0,1833.0,,
10 Bedroom House,1995000.0,10.0,2.0,12.0,1962.0,,
3 Bedroom House,595000.0,3.0,1.0,,515.0,,
2 Bedroom Apartment,670000.0,2.0,1.0,1.0,,,
4 Bedroom House,3599000.0,4.0,4.0,2.0,982.0,"349 Vulintaba Country Estate, 96 District Road",
2 Bedroom Apartment,2974155.0,2.0,2.0,1.0,,9 East Row,
7 Bedroom House,2200000.0,7.0,3.0,10.0,,,
3 Bedroom House,1400000.0,3.0,3.0,4.0,1518.0,,
3 Bedroom House,1400000.0,3.0,3.0,3.0,1518.0,,
3 Bedroom House,1150000.0,3.0,2.0,5.0,2457.0,,
2 Bedroom Apartment,1250000.0,2.0,15.0,2.0,,,
3 Bedroom House,1400000.0,3.0,3.0,4.0,1518.0,,
4 Bedroom House,2750000.0,4.0,3.0,7.0,1634.0,960 Fascadale,
3 Bedroom Townhouse,7250000.0,3.0,3.0,4.0,,"3 Baraka Read, 21 Izinga Drive",
2.5 Bedroom Apartment,585000.0,25.0,1.0,2.0,,,
4 Bedroom House,2400000.0,4.0,6.0,1.0,1943.0,,
1 Bedroom Apartment,399000.0,1.0,1.0,1.0,,,
3 Bedroom House,1195000.0,3.0,2.0,1.0,1180.0,,
3 Bedroom House,850000.0,3.0,1.0,6.0,517.0,,
3 Bedroom Apartment,2695000.0,3.0,2.0,2.0,,"66 King Shaka Estate, 50 Valley Road",
5 Bedroom House,2750000.0,5.0,2.0,8.0,2702.0,14 Grays Inn Crescent,
2 Bedroom Apartment,1399000.0,2.0,2.0,2.0,,,
3 Bedroom House,1550000.0,3.0,25.0,2.0,2087.0,,
2 Bedroom Apartment,2300000.0,2.0,2.0,1.0,,,
3 Bedroom House,3895000.0,3.0,2.0,2.0,7000.0,2 Zululami Villas,
3 Bedroom Apartment,1625000.0,3.0,2.0,2.0,,,
6 Bedroom House,11950000.0,6.0,45.0,4.0,800.0,58 Mahogany Road,
3 Bedroom House,1450000.0,3.0,2.0,6.0,118.0,,
1.5 Bedroom Apartment,650000.0,15.0,1.0,1.0,,,
3 Bedroom House,1700000.0,3.0,2.0,5.0,1041.0,,
2 Bedroom Apartment,685000.0,2.0,1.0,,,,
2 Bedroom Townhouse,820000.0,2.0,1.0,3.0,8402.0,,
3 Bedroom Townhouse,800000.0,3.0,2.0,2.0,68.0,,
2 Bedroom Apartment,1100000.0,2.0,2.0,4.0,,,
6 Bedroom House,11950000.0,6.0,45.0,4.0,800.0,58 Mahogany Road,
2 Bedroom Apartment,1200000.0,2.0,2.0,2.0,,,
2 Bedroom Apartment,2850000.0,2.0,2.0,2.0,,,
2 Bedroom Apartment,860000.0,2.0,1.0,1.0,,,
4 Bedroom House,2295000.0,4.0,3.0,4.0,1286.0,,
3 Bedroom House,690000.0,3.0,1.0,,,737 Q17 Street,
2 Bedroom Apartment,879800.0,2.0,2.0,2.0,,,
8 Bedroom House,3300000.0,8.0,6.0,6.0,6405.0,,
3 Bedroom Townhouse,780000.0,3.0,2.0,1.0,4116.0,,
3 Bedroom House,650000.0,3.0,1.0,1.0,,,
2 Bedroom Apartment,3200000.0,2.0,2.0,3.0,,,
4 Bedroom House,1699000.0,4.0,2.0,4.0,4016.0,,
3 Bedroom Townhouse,849000.0,3.0,2.0,4.0,,,
3 Bedroom Townhouse,1650000.0,3.0,2.0,2.0,4008.0,,
3 Bedroom Townhouse,780000.0,3.0,2.0,1.0,4116.0,,
2 Bedroom Apartment,1100000.0,2.0,1.0,2.0,,,
2 Bedroom Apartment,1060000.0,2.0,2.0,2.0,,,
14 Bedroom House,5500000.0,14.0,2.0,6.0,7888.0,,
3 Bedroom House,499000.0,3.0,1.0,,169.0,,
3 Bedroom Townhouse,2650000.0,3.0,2.0,2.0,,,
4 Bedroom House,1295000.0,4.0,25.0,4.0,1408.0,,
24 Bedroom Apartment,7000000.0,24.0,18.0,18.0,,,
2 Bedroom Apartment,2200000.0,2.0,2.0,1.0,,,
3 Bedroom House,3895000.0,3.0,25.0,4.0,,,
3 Bedroom House,3895000.0,3.0,25.0,4.0,,,
3 Bedroom Townhouse,4495000.0,3.0,2.0,4.0,,,
1 Bedroom Apartment,4100000.0,1.0,1.0,1.0,,,
2 Bedroom Apartment,2280000.0,2.0,2.0,2.0,,,
2 Bedroom Townhouse,1099000.0,2.0,1.0,1.0,57.0,,
4 Bedroom House,1150000.0,4.0,2.0,4.0,318.0,,
3 Bedroom House,2350000.0,3.0,2.0,20.0,,,
3 Bedroom House,3000000.0,3.0,25.0,6.0,4100.0,,
3 Bedroom Apartment,2550000.0,3.0,2.0,2.0,,29 Marine Drive,
4 Bedroom House,1899000.0,4.0,3.0,6.0,2052.0,,
3 Bedroom House,1200000.0,3.0,25.0,4.0,,,
4 Bedroom House,2750000.0,4.0,3.0,3.0,1056.0,,
2 Bedroom Apartment,580000.0,2.0,1.0,1.0,,,
1 Bedroom Apartment,490000.0,1.0,1.0,,,"21 Ss Kings Mansions and Essenhyrst, 30 Acutt Street",
4 Bedroom House,2795000.0,4.0,3.0,4.0,472.0,"7 Dreyer Avenue, 11 R102 Road, Panorama Park",
5 Bedroom House,3950000.0,5.0,4.0,3.0,1503.0,,
4 Bedroom House,1350000.0,4.0,2.0,9.0,383.0,,
3 Bedroom Townhouse,1520000.0,3.0,3.0,2.0,7009.0,,
2 Bedroom Apartment,580000.0,2.0,1.0,1.0,,,
5 Bedroom House,1750000.0,5.0,45.0,6.0,740.0,22 Larkspur Drive,
2 Bedroom Apartment,350000.0,2.0,1.0,,,,
2 Bedroom Apartment,5950000.0,2.0,2.0,2.0,,,
3 Bedroom House,2095000.0,3.0,2.0,10.0,940.0,,
3 Bedroom House,4750000.0,3.0,3.0,3.0,380.0,,
5 Bedroom House,5999000.0,5.0,3.0,7.0,1018.0,11 Durban View Road,
5 Bedroom House,3750000.0,5.0,3.0,6.0,894.0,17 Holstead Gardens,
13 Bedroom House,,13.0,10.0,5.0,1134.0,"Lavinio, 53 Valley View Avenue",
2 Bedroom Townhouse,995000.0,2.0,1.0,2.0,,,
3 Bedroom House,5750000.0,3.0,2.0,2.0,290.0,,
3 Bedroom Apartment,1100000.0,3.0,2.0,2.0,,2437 Marine Drive,
4 Bedroom House,1250000.0,4.0,2.0,8.0,1417.0,,
5 Bedroom House,2500000.0,5.0,3.0,2.0,1072.0,37 Churchill Street,
House,4000000.0,,1.0,,3773.0,116 South Beach Road,
5 Bedroom House,2050000.0,5.0,3.0,8.0,1688.0,52 Manton Crescent,
3 Bedroom House,1800000.0,3.0,2.0,1.0,1884.0,,
3 Bedroom Townhouse,2300000.0,3.0,3.0,4.0,,"Unit 23 Section 27 Ss Eagles Ayre, 10 Scott Street",
2 Bedroom Apartment,800000.0,2.0,1.0,2.0,,,
3 Bedroom House,1800000.0,3.0,2.0,1.0,1884.0,,
2 Bedroom Townhouse,1099000.0,2.0,2.0,1.0,,"2 Bedroom Tenanted Simplex Mountain View Estate, 1b Dennis Shepstone Drive",
1 Bedroom Townhouse,1300000.0,1.0,1.0,1.0,,,
4 Bedroom House,2950000.0,4.0,2.0,6.0,4651.0,29 Beryldene Road,
2 Bedroom Apartment,785000.0,2.0,1.0,2.0,,"19 Ss Forest Walk, 3030 Forest Road",
4 Bedroom House,2850000.0,4.0,2.0,3.0,400.0,6 Isabella Boulevard,
6 Bedroom House,5950000.0,6.0,3.0,4.0,1100.0,,
3 Bedroom House,1295000.0,3.0,15.0,3.0,2263.0,,
2 Bedroom House,620000.0,2.0,1.0,3.0,2023.0,1 Glen Road,
2 Bedroom Apartment,910000.0,2.0,1.0,1.0,,,
2 Bedroom Apartment,770000.0,2.0,1.0,1.0,,,
3 Bedroom Apartment,890000.0,3.0,2.0,1.0,,,
4 Bedroom House,1295000.0,4.0,3.0,4.0,1098.0,,
2 Bedroom Apartment,990000.0,2.0,2.0,3.0,,,
2 Bedroom Apartment,1850000.0,2.0,2.0,2.0,,,
2 Bedroom Apartment,996000.0,2.0,1.0,1.0,,,
3 Bedroom Apartment,2650000.0,3.0,2.0,2.0,,,
2 Bedroom Apartment,850000.0,2.0,1.0,1.0,,,
3 Bedroom Apartment,1800000.0,3.0,2.0,1.0,,,
2 Bedroom Apartment,1160000.0,2.0,2.0,1.0,,,
2 Bedroom Apartment,880000.0,2.0,15.0,1.0,,,
4 Bedroom House,4200000.0,4.0,3.0,2.0,520.0,,
4 Bedroom House,9995000.0,4.0,3.0,3.0,1223.0,,
2 Bedroom Apartment,2750000.0,2.0,2.0,2.0,,,
2 Bedroom Apartment,1650000.0,2.0,2.0,,,"Urban Park, 101 Umhlanga Ridge Boulevard",
2 Bedroom Townhouse,3300000.0,2.0,2.0,3.0,5500.0,,
4 Bedroom House,9995000.0,4.0,3.0,3.0,1223.0,,
2 Bedroom Apartment,750000.0,2.0,2.0,1.0,,,
1 Bedroom Apartment,1550000.0,1.0,1.0,1.0,,,
3 Bedroom Apartment,1300000.0,3.0,2.0,2.0,,,
3 Bedroom Townhouse,1595000.0,3.0,2.0,2.0,15846.0,,
2 Bedroom Apartment,5850000.0,2.0,2.0,2.0,,,
3 Bedroom Apartment,1599000.0,3.0,2.0,2.0,4047.0,,
2 Bedroom Apartment,5850000.0,2.0,2.0,2.0,,,
3 Bedroom Townhouse,1200000.0,3.0,1.0,1.0,10336.0,,
4 Bedroom House,6500000.0,4.0,4.0,2.0,134041.0,,
4 Bedroom Apartment,1590000.0,4.0,2.0,3.0,,"2 Ss La Maree, 30 Collison Street",
2 Bedroom House,4515000.0,2.0,2.0,1.0,,3/669 Zimbali Drive,
1 Bedroom Apartment,895000.0,1.0,1.0,,,48 Clyde Avenue,
3 Bedroom House,725000.0,3.0,1.0,2.0,450.0,,
1 Bedroom Apartment,980000.0,1.0,1.0,1.0,,,
3 Bedroom Apartment,1390000.0,3.0,2.0,2.0,,"9 Ss Seester, 67 Queen Street",
3 Bedroom Townhouse,5350000.0,3.0,3.0,4.0,,,
House,660000.0,,,,500.0,,
9 Bedroom House,12500000.0,9.0,95.0,4.0,1343.0,,
1 Bedroom Apartment,600000.0,1.0,1.0,1.0,,13 Broad Street,
3 Bedroom House,900000.0,3.0,2.0,5.0,297.0,,
4 Bedroom House,1350000.0,4.0,2.0,6.0,420.0,,
4 Bedroom House,1350000.0,4.0,3.0,2.0,712.0,65 Steel,
3 Bedroom House,600000.0,3.0,1.0,2.0,189.0,,
4 Bedroom House,2349000.0,4.0,3.0,6.0,2671.0,,
6 Bedroom House,3995000.0,6.0,5.0,4.0,1012.0,,
5 Bedroom House,4395000.0,5.0,5.0,6.0,132468.0,,
3 Bedroom House,3500000.0,3.0,25.0,4.0,,,
3 Bedroom House,4950000.0,3.0,3.0,4.0,1087.0,33 Portland Place,
4 Bedroom House,1400000.0,4.0,2.0,4.0,1180.0,,
4 Bedroom House,2850000.0,4.0,5.0,4.0,2780.0,,
3 Bedroom Apartment,2100000.0,3.0,2.0,2.0,,"132 Shortens Country Estate, . Lee Barnes Boulevard",
2 Bedroom Apartment,700000.0,2.0,1.0,,,,
3 Bedroom Apartment,6600000.0,3.0,3.0,2.0,,477 Musgrave Road,
5 Bedroom House,920000.0,5.0,3.0,3.0,409.0,,
3 Bedroom Townhouse,1490000.0,3.0,2.0,1.0,,"Unit 16 Malaba Hills, 222 South Beach Road, La Mercy",
3 Bedroom House,3500000.0,3.0,2.0,2.0,467.0,66 Salt Rock City,
3 Bedroom House,1308000.0,3.0,2.0,2.0,230.0,R102 Shakaskraal,
2 Bedroom Townhouse,1050000.0,2.0,15.0,1.0,,"7 Ss Glenross, 227 Brand Road",
4 Bedroom House,1400000.0,4.0,2.0,4.0,1180.0,,
3 Bedroom Townhouse,1375000.0,3.0,2.0,3.0,9382.0,,
3 Bedroom House,1390000.0,3.0,1.0,2.0,250.0,193 Brand Road,
6 Bedroom House,3995000.0,6.0,55.0,10.0,758.0,,
2 Bedroom Apartment,1495000.0,2.0,2.0,1.0,,,
4 Bedroom Apartment,7695000.0,4.0,4.0,3.0,,1095 Seaton Drive,
3 Bedroom Apartment,1140000.0,3.0,2.0,1.0,,,
1 Bedroom Apartment,3395000.0,1.0,1.0,1.0,,7 Lagoon Drive,
4 Bedroom Townhouse,8500000.0,4.0,5.0,4.0,,,
2 Bedroom Apartment,1650000.0,2.0,1.0,1.0,,,
2 Bedroom Apartment,1575000.0,2.0,2.0,2.0,,"16 Ss Jesmond Court, 69 Berea Park Road",
5 Bedroom House,3500000.0,5.0,3.0,5.0,728.0,,
2 Bedroom Apartment,900000.0,2.0,2.0,1.0,,,
2 Bedroom Apartment,830000.0,2.0,1.0,1.0,,,
2 Bedroom Apartment,700000.0,2.0,2.0,1.0,,,
3 Bedroom House,470000.0,3.0,1.0,2.0,420.0,,
1 Bedroom Apartment,640000.0,1.0,1.0,1.0,,,
2 Bedroom Apartment,950000.0,2.0,1.0,1.0,,,
1 Bedroom Apartment,458000.0,1.0,1.0,1.0,,,
4 Bedroom House,1450000.0,4.0,3.0,2.0,1292.0,,
3 Bedroom House,680000.0,3.0,1.0,2.0,471.0,,
4 Bedroom House,4500000.0,4.0,35.0,4.0,,"6 Bali Ridge, 24 Cuyler Drive",
2 Bedroom Apartment,900000.0,2.0,2.0,1.0,,,
4 Bedroom House,850000.0,4.0,2.0,2.0,200.0,,
1 Bedroom Apartment,650000.0,1.0,1.0,1.0,,"3 Grafton Estates, 49 Musgrave Road",
1 Bedroom Apartment,1400000.0,1.0,1.0,2.0,,,
4 Bedroom House,1350000.0,4.0,3.0,3.0,738.0,,
3 Bedroom House,500000.0,3.0,1.0,3.0,320.0,1406 N30 Road,
2 Bedroom Apartment,2995000.0,2.0,2.0,1.0,,,
1 Bedroom Apartment,750000.0,1.0,1.0,1.0,,,
4 Bedroom House,1595000.0,4.0,3.0,7.0,674.0,,
2 Bedroom Townhouse,1195000.0,2.0,15.0,2.0,,,
3 Bedroom Townhouse,750000.0,3.0,25.0,2.0,2676.0,,
7 Bedroom Townhouse,3695000.0,7.0,4.0,4.0,1150.0,,
3 Bedroom House,2950000.0,3.0,2.0,2.0,300.0,,
9 Bedroom House,1650000.0,9.0,5.0,4.0,7089.0,,
5 Bedroom House,1295000.0,5.0,3.0,6.0,1078.0,,
7 Bedroom House,6500000.0,7.0,8.0,2.0,1727.0,,
9 Bedroom House,1650000.0,9.0,5.0,4.0,7089.0,,
4 Bedroom House,3125000.0,4.0,3.0,2.0,2047.0,,
6 Bedroom House,1695000.0,6.0,35.0,9.0,1474.0,,
3 Bedroom House,2950000.0,3.0,2.0,2.0,,,
3 Bedroom Apartment,5500000.0,3.0,2.0,2.0,,,
4 Bedroom House,20900000.0,4.0,5.0,6.0,,,
3 Bedroom Apartment,5370000.0,3.0,3.0,,,9 Vuna Close,
3 Bedroom Townhouse,950000.0,3.0,2.0,1.0,4057.0,1 Marine Dr,
4 Bedroom House,4300000.0,4.0,4.0,2.0,1061.0,,
2 Bedroom Apartment,795000.0,2.0,1.0,2.0,,,
2 Bedroom Apartment,550000.0,2.0,1.0,1.0,,,
4 Bedroom House,3350000.0,4.0,2.0,7.0,2141.0,,
2 Bedroom Apartment,1500000.0,2.0,2.0,2.0,,,
4 Bedroom House,11999000.0,4.0,4.0,6.0,1021.0,,
2 Bedroom Apartment,960000.0,2.0,2.0,1.0,,,
2 Bedroom House,720000.0,2.0,1.0,1.0,154.0,,
6 Bedroom House,16900000.0,6.0,5.0,7.0,2708.0,,
5 Bedroom House,1999000.0,5.0,3.0,4.0,953.0,,
3 Bedroom House,950000.0,3.0,2.0,3.0,572.0,,
2 Bedroom Townhouse,550000.0,2.0,2.0,1.0,39418.0,,
2 Bedroom Apartment,1050000.0,2.0,1.0,1.0,,,
3 Bedroom Apartment,2799000.0,3.0,2.0,2.0,,"502 Le Boulevard, 47 Aurora Drive",
4 Bedroom House,3500000.0,4.0,3.0,8.0,1603.0,,
2 Bedroom Apartment,895000.0,2.0,1.0,2.0,,,
2 Bedroom Apartment,950000.0,2.0,2.0,1.0,,,
4 Bedroom House,3350000.0,4.0,2.0,7.0,2141.0,,
1 Bedroom Apartment,1295000.0,1.0,15.0,1.0,,675 Musgrave Road,
1 Bedroom Townhouse,595000.0,1.0,1.0,1.0,,,
4 Bedroom Townhouse,5700000.0,4.0,45.0,4.0,7439.0,,
2 Bedroom Apartment,1250000.0,2.0,1.0,1.0,,,
5 Bedroom House,2995000.0,5.0,3.0,7.0,932.0,,
2 Bedroom Apartment,3500000.0,2.0,2.0,2.0,,,
1 Bedroom Apartment,1380000.0,1.0,1.0,1.0,,,
2 Bedroom Townhouse,820000.0,2.0,2.0,1.0,6970.0,,
3 Bedroom Apartment,600000.0,3.0,3.0,2.0,,,
2 Bedroom Apartment,665000.0,2.0,1.0,1.0,81.0,170 the Cheguevara Street,
1 Bedroom Townhouse,2150000.0,1.0,1.0,2.0,5566.0,,
4 Bedroom House,1749000.0,4.0,2.0,4.0,1961.0,,
2 Bedroom Apartment,1399999.0,2.0,1.0,1.0,,,
3 Bedroom House,1495000.0,3.0,1.0,5.0,930.0,,
6 Bedroom House,2699000.0,6.0,5.0,6.0,686.0,,
2 Bedroom Apartment,970000.0,2.0,2.0,1.0,,,
3 Bedroom House,1380000.0,3.0,2.0,2.0,1013.0,,
3 Bedroom Apartment,8700000.0,3.0,3.0,2.0,,,
8 Bedroom House,3300000.0,8.0,4.0,12.0,3635.0,,
3 Bedroom House,1550000.0,3.0,2.0,4.0,1035.0,,
3 Bedroom Townhouse,749000.0,3.0,2.0,1.0,8744.0,,
2 Bedroom Apartment,800000.0,2.0,2.0,2.0,,2042 Fascadale Road,
2 Bedroom Apartment,665000.0,2.0,1.0,1.0,81.0,170 the Cheguevara Street,
2 Bedroom Apartment,1050000.0,2.0,2.0,1.0,,,
3 Bedroom House,1350000.0,3.0,2.0,6.0,1012.0,,
8 Bedroom House,1395000.0,8.0,5.0,4.0,350.0,,
3 Bedroom Apartment,3150000.0,3.0,2.0,2.0,,,
2 Bedroom Apartment,1750000.0,2.0,2.0,1.0,,,
2 Bedroom Apartment,1750000.0,2.0,2.0,1.0,,,
2 Bedroom Townhouse,850000.0,2.0,2.0,1.0,35272.0,,
3 Bedroom House,860000.0,3.0,1.0,,630.0,,
3 Bedroom House,1295000.0,3.0,15.0,5.0,201.0,44 Heathbury Place,
4 Bedroom Townhouse,690000.0,4.0,2.0,,700.0,,
2 Bedroom Townhouse,1200000.0,2.0,2.0,1.0,,,
12 Bedroom House,3750000.0,12.0,6.0,6.0,,,
2 Bedroom Apartment,2495000.0,2.0,1.0,2.0,,"24 Chakas Rock Chalets, 68 Ocean Street",
1.5 Bedroom Apartment,1395000.0,15.0,15.0,1.0,,"187 Grosvenor Court, 41 Snell Parade",
4 Bedroom House,2500000.0,4.0,3.0,12.0,991.0,,
3 Bedroom House,1850000.0,3.0,2.0,3.0,929.0,,
2 Bedroom Apartment,690000.0,2.0,1.0,1.0,,,
2.5 Bedroom Apartment,795000.0,25.0,15.0,2.0,,"1 Lawson Mansions, 136 Alan Paton Road",
5 Bedroom House,660000.0,5.0,2.0,,338.0,,
3 Bedroom House,720000.0,3.0,2.0,1.0,,,
3 Bedroom Apartment,4150000.0,3.0,2.0,1.0,,"9 Albizia Drive, Zimbali Lakes",
4 Bedroom House,4750000.0,4.0,35.0,2.0,1107.0,5 Michelle Street,
5 Bedroom House,8500000.0,5.0,5.0,8.0,830.0,8 Feilden Drive,
2 Bedroom Townhouse,3000000.0,2.0,2.0,3.0,,"37 The Woods, 1 Elaleni Drive",
4 Bedroom Townhouse,5800000.0,4.0,4.0,4.0,7439.0,,
2 Bedroom Apartment,6850000.0,2.0,25.0,2.0,,,
7 Bedroom House,6900000.0,7.0,45.0,4.0,5314.0,36 Cato Road,
1 Bedroom Apartment,1300000.0,1.0,1.0,1.0,,,
3 Bedroom House,5990000.0,3.0,25.0,6.0,,,
3 Bedroom Townhouse,4450000.0,3.0,3.0,4.0,12415.0,18 North Shore,
2 Bedroom Apartment,695000.0,2.0,1.0,1.0,,,
2 Bedroom Apartment,1195000.0,2.0,1.0,2.0,,,
4 Bedroom House,5295000.0,4.0,3.0,5.0,525.0,,
3 Bedroom Apartment,12500000.0,3.0,3.0,2.0,,2 Lighthouse Road,
2 Bedroom Apartment,700000.0,2.0,1.0,1.0,,,
2 Bedroom Townhouse,795000.0,2.0,15.0,4.0,271.0,,
2 Bedroom Apartment,750000.0,2.0,1.0,2.0,,,
2 Bedroom Townhouse,795000.0,2.0,15.0,4.0,271.0,,
8 Bedroom House,4500000.0,8.0,3.0,6.0,,105 Clark Road,
2 Bedroom Apartment,920000.0,2.0,1.0,1.0,,,
2 Bedroom House,765000.0,2.0,15.0,1.0,130.0,,
2 Bedroom Apartment,2200000.0,2.0,2.0,2.0,,"303 The Onyx, 38 Umhlanga Ridge Boulevard",
12 Bedroom House,3950000.0,12.0,8.0,10.0,2504.0,14 Tweed Road,
3 Bedroom House,4500000.0,3.0,3.0,4.0,642.0,,
4 Bedroom House,1500000.0,4.0,4.0,5.0,1160.0,19 Collingwood Avenue,
2 Bedroom Townhouse,2300000.0,2.0,2.0,2.0,3486.0,,
3 Bedroom House,3295000.0,3.0,2.0,2.0,300.0,,
1 Bedroom Apartment,995000.0,1.0,1.0,,,,
3 Bedroom Townhouse,794000.0,3.0,2.0,3.0,2325.0,,
2 Bedroom Apartment,799999.0,2.0,1.0,1.0,,22 Donnelly Road,
4 Bedroom Townhouse,3350000.0,4.0,3.0,2.0,,,
3 Bedroom Apartment,799000.0,3.0,1.0,1.0,,,
2 Bedroom Apartment,3500000.0,2.0,2.0,1.0,,"106 The Address, Boulevard Precinct, 7 Albizia Drive",
4 Bedroom House,8100000.0,4.0,45.0,6.0,,". ., 1 Altura",
2 Bedroom Apartment,1600000.0,2.0,2.0,1.0,,,
3 Bedroom Townhouse,794000.0,3.0,2.0,3.0,2325.0,,
6 Bedroom House,2499000.0,6.0,4.0,6.0,978.0,,
1 Bedroom Apartment,450000.0,1.0,1.0,1.0,,,
13 Bedroom House,4500000.0,13.0,4.0,6.0,1012.0,,
3 Bedroom Apartment,985000.0,3.0,1.0,1.0,,"4 Ss Ketamina Flats, 987 Henry Road",
3 Bedroom Apartment,3600000.0,3.0,2.0,2.0,,,
2 Bedroom Apartment,4300000.0,2.0,2.0,2.0,,,
3 Bedroom Apartment,995000.0,3.0,15.0,1.0,,,
3 Bedroom Apartment,1290000.0,3.0,2.0,2.0,,,
3 Bedroom House,850000.0,3.0,2.0,,856.0,,
3 Bedroom House,950000.0,3.0,1.0,1.0,200.0,,
6 Bedroom House,3295000.0,6.0,4.0,6.0,1012.0,,
2 Bedroom Apartment,2400000.0,2.0,2.0,2.0,,,
4 Bedroom House,8950000.0,4.0,35.0,7.0,1250.0,,
3 Bedroom House,2300000.0,3.0,2.0,2.0,,,
3 Bedroom House,1595000.0,3.0,2.0,2.0,45963.0,,
2 Bedroom Townhouse,580000.0,2.0,2.0,1.0,2022.0,,
3 Bedroom Apartment,890000.0,3.0,2.0,2.0,,,
7 Bedroom House,13000000.0,7.0,7.0,7.0,1335.0,,
2 Bedroom Apartment,1999000.0,2.0,2.0,2.0,,,
2 Bedroom Apartment,780000.0,2.0,1.0,1.0,,,
1.5 Bedroom Apartment,650000.0,15.0,1.0,1.0,,,
3 Bedroom Townhouse,999000.0,3.0,3.0,2.0,2369.0,,
1 Bedroom Apartment,595000.0,1.0,1.0,1.0,,,
4 Bedroom House,9995000.0,4.0,4.0,7.0,,,
3 Bedroom Apartment,4500000.0,3.0,25.0,4.0,,,
0.5 Bedroom Apartment,1350000.0,5.0,1.0,1.0,,,
2 Bedroom Apartment,1575000.0,2.0,1.0,2.0,,,
6 Bedroom House,3295000.0,6.0,4.0,6.0,1012.0,,
2 Bedroom Apartment,720000.0,2.0,2.0,1.0,,,
3 Bedroom Apartment,1068000.0,3.0,2.0,2.0,,,
3 Bedroom Townhouse,3150000.0,3.0,2.0,2.0,,,
6 Bedroom House,3000000.0,6.0,7.0,2.0,1988.0,,
3 Bedroom Townhouse,850000.0,3.0,1.0,,,,
2 Bedroom Apartment,695000.0,2.0,1.0,1.0,,,
1 Bedroom Apartment,560000.0,1.0,1.0,1.0,,,
3 Bedroom House,650000.0,3.0,2.0,1.0,338.0,,
2 Bedroom House,640000.0,2.0,1.0,1.0,497.0,,
2.5 Bedroom Apartment,775000.0,25.0,1.0,,,,
2 Bedroom Townhouse,636000.0,2.0,2.0,1.0,,,
4 Bedroom House,975000.0,4.0,2.0,2.0,1372.0,,
4 Bedroom House,2295000.0,4.0,1.0,2.0,2749.0,,
2 Bedroom House,1350000.0,2.0,2.0,1.0,1599.0,,
6 Bedroom House,1295000.0,6.0,2.0,6.0,1132.0,,
3 Bedroom House,1130000.0,3.0,,1.0,1013.0,,
4 Bedroom Townhouse,1300000.0,4.0,2.0,2.0,,Tongaat Central,
1 Bedroom Apartment,545000.0,1.0,1.0,1.0,,,
3 Bedroom House,1050000.0,3.0,15.0,3.0,539.0,,
3 Bedroom House,820000.0,3.0,2.0,2.0,315.0,,
4 Bedroom Apartment,4950000.0,4.0,2.0,1.0,,,
4 Bedroom House,4000000.0,4.0,3.0,2.0,3020.0,,
1 Bedroom Apartment,545000.0,1.0,1.0,1.0,,,
2 Bedroom Apartment,550000.0,2.0,1.0,2.0,,,
4 Bedroom Apartment,1750000.0,4.0,2.0,2.0,,,
3 Bedroom Apartment,750000.0,3.0,2.0,1.0,98.0,,
3 Bedroom House,1350000.0,3.0,2.0,4.0,275.0,,
3 Bedroom House,2095000.0,3.0,2.0,3.0,3830.0,,
3 Bedroom Apartment,2890000.0,3.0,2.0,1.0,,"5 The Atrium, 4 Chagupe Place",
4 Bedroom Townhouse,2300000.0,4.0,2.0,3.0,20020.0,,
2 Bedroom Apartment,890000.0,2.0,1.0,1.0,,,
3 Bedroom Townhouse,2550000.0,3.0,2.0,3.0,,,
3 Bedroom House,1899999.0,3.0,2.0,9.0,1612.0,,
3 Bedroom Townhouse,1500000.0,3.0,2.0,4.0,3999.0,,
2 Bedroom Apartment,760000.0,2.0,1.0,2.0,,24 Ibis Road,
4 Bedroom House,3350000.0,4.0,3.0,4.0,412.0,17 San Te Fe,
3 Bedroom House,1750000.0,3.0,2.0,9.0,1216.0,52 Gemsbok Avenue,
2 Bedroom Apartment,995000.0,2.0,1.0,1.0,,,
3 Bedroom House,3900000.0,3.0,3.0,4.0,,23 Valley Road,
3 Bedroom Apartment,6200000.0,3.0,3.0,3.0,,,
3 Bedroom House,930000.0,3.0,1.0,3.0,200.0,,
3 Bedroom House,1950000.0,3.0,2.0,2.0,1987.0,"8 Haynes Road, Bisley",
3 Bedroom Apartment,750000.0,3.0,2.0,1.0,98.0,,
2 Bedroom Townhouse,1490000.0,2.0,1.0,1.0,88.0,,
2 Bedroom Apartment,990000.0,2.0,2.0,2.0,,,
3 Bedroom House,1271000.0,3.0,15.0,2.0,300.0,,
4 Bedroom House,750000.0,4.0,3.0,4.0,282.0,,
2 Bedroom Apartment,1150000.0,2.0,1.0,1.0,,,
3 Bedroom Townhouse,1080000.0,3.0,2.0,1.0,,,
4 Bedroom House,7995000.0,4.0,4.0,4.0,,,
5 Bedroom House,840000.0,5.0,1.0,1.0,,,
3 Bedroom House,475000.0,3.0,1.0,3.0,1000.0,,
3 Bedroom House,600000.0,3.0,2.0,3.0,411.0,,
5 Bedroom House,1550000.0,5.0,3.0,3.0,,,
2 Bedroom Townhouse,700000.0,2.0,1.0,2.0,,,
6 Bedroom House,1749000.0,6.0,2.0,4.0,557.0,,
2 Bedroom Apartment,1500000.0,2.0,1.0,,3482.0,,
24 Bedroom Apartment,3900000.0,24.0,12.0,12.0,4707.0,,
3 Bedroom Apartment,950000.0,3.0,2.0,1.0,112.0,,
2 Bedroom Townhouse,800000.0,2.0,1.0,1.0,,,
3 Bedroom House,1250000.0,3.0,25.0,,,,
3 Bedroom Townhouse,1080000.0,3.0,2.0,1.0,,,
1 Bedroom Apartment,530000.0,1.0,1.0,1.0,,,
2 Bedroom Apartment,6660000.0,2.0,2.0,1.0,,,
4 Bedroom Townhouse,2995000.0,4.0,45.0,2.0,,,
2 Bedroom House,650000.0,2.0,1.0,1.0,,,
2 Bedroom Apartment,1095000.0,2.0,1.0,2.0,,1 Intengu Avenue,
2 Bedroom Apartment,2550000.0,2.0,2.0,2.0,,"306 The Onyx, 38 Umhlanga Ridge Boulevard",
3 Bedroom House,1795000.0,3.0,2.0,3.0,901.0,,
4 Bedroom House,7900000.0,4.0,5.0,12.0,20400.0,,
3 Bedroom Townhouse,1500000.0,3.0,25.0,2.0,4857.0,,
2 Bedroom Apartment,595000.0,2.0,1.0,1.0,,"Unit 4 Burg Mansions, 271 Alexandra Road, Pelham",
4 Bedroom House,1650000.0,4.0,3.0,3.0,1599.0,,
3 Bedroom House,800000.0,3.0,2.0,4.0,,,
4 Bedroom House,7500000.0,4.0,4.0,2.0,2030.0,,
3 Bedroom House,1695000.0,3.0,2.0,6.0,1573.0,,
3 Bedroom House,1020000.0,3.0,15.0,4.0,983.0,,
4 Bedroom House,1300000.0,4.0,3.0,2.0,1971.0,,
4 Bedroom Townhouse,1599000.0,4.0,3.0,9.0,,,
2 Bedroom Townhouse,2995000.0,2.0,2.0,2.0,136800.0,,
4 Bedroom House,8600000.0,4.0,3.0,9.0,9940.0,,
3 Bedroom House,1020000.0,3.0,15.0,4.0,983.0,,
2 Bedroom Townhouse,2150000.0,2.0,25.0,2.0,1671.0,,
4 Bedroom House,2995000.0,4.0,35.0,5.0,1350.0,,
2 Bedroom Apartment,739000.0,2.0,1.0,1.0,,,
3 Bedroom Apartment,10561250.0,3.0,3.0,,49925.0,,
3 Bedroom House,695000.0,3.0,1.0,4.0,272.0,,
3 Bedroom Apartment,1950000.0,3.0,2.0,2.0,,,
2 Bedroom Apartment,1950000.0,2.0,2.0,1.0,,5a Summit Row,
3 Bedroom House,850000.0,3.0,2.0,6.0,,,
2 Bedroom Townhouse,1450000.0,2.0,2.0,1.0,94000.0,"Unit 377 Greenhaven Estate, 109 Padfield Rd",
3 Bedroom House,1500000.0,3.0,2.0,5.0,2392.0,,
2 Bedroom Townhouse,790000.0,2.0,2.0,2.0,,Margate Mews 71 Cock Street,
4 Bedroom House,1800000.0,4.0,2.0,4.0,300.0,,
5 Bedroom House,3531000.0,5.0,3.0,4.0,1532.0,,
6 Bedroom House,3500000.0,6.0,6.0,,1036.0,,
3 Bedroom House,695000.0,3.0,1.0,7.0,,,
6 Bedroom House,10500000.0,6.0,5.0,6.0,2295.0,,
3 Bedroom Apartment,1735000.0,3.0,2.0,,,,
3 Bedroom House,5360000.0,3.0,2.0,2.0,800.0,1 Lower Loteni Road,
4 Bedroom House,6500000.0,4.0,45.0,4.0,1090.0,60 Peter Mokaba Road,
9 Bedroom House,4750000.0,9.0,9.0,8.0,1196.0,,
3 Bedroom House,1500000.0,3.0,2.0,5.0,2392.0,,
1 Bedroom Apartment,1046000.0,1.0,1.0,1.0,,,
2 Bedroom Townhouse,899000.0,2.0,15.0,1.0,2603.0,,
3 Bedroom Townhouse,1125000.0,3.0,1.0,1.0,6134.0,,
2 Bedroom Townhouse,1170000.0,2.0,1.0,1.0,22.0,,
1 Bedroom Apartment,699000.0,1.0,1.0,1.0,,,
3 Bedroom Townhouse,2595000.0,3.0,2.0,2.0,,"7 Lantau, 58 Anthony Road",
3 Bedroom Townhouse,380000.0,3.0,2.0,1.0,,374q+px Southbroom,
1 Bedroom Apartment,,1.0,1.0,2.0,,,
4 Bedroom House,2350000.0,4.0,2.0,5.0,1367.0,,
2 Bedroom House,1920000.0,2.0,2.0,1.0,200.0,"344 San Lameer Estate, Lower South Cost Road, Kwa-Zulu Natal, N2s R61.",
1 Bedroom Apartment,2199000.0,1.0,1.0,1.0,,,
3 Bedroom House,3200000.0,3.0,2.0,7.0,1820.0,,
3 Bedroom House,,3.0,,1.0,,,
2 Bedroom Apartment,900000.0,2.0,1.0,1.0,,,
2 Bedroom Apartment,1200000.0,2.0,2.0,1.0,,,
2 Bedroom Apartment,1610000.0,2.0,15.0,1.0,,,
3 Bedroom House,750000.0,3.0,25.0,,216.0,,
3 Bedroom House,1800000.0,3.0,3.0,5.0,275.0,,
2 Bedroom Apartment,890000.0,2.0,1.0,1.0,,30 Bonamour Avenue,
3 Bedroom House,2999000.0,3.0,25.0,6.0,1800.0,,
3 Bedroom House,1485000.0,3.0,2.0,7.0,,78 Ridge Road,
4 Bedroom House,1300000.0,4.0,35.0,7.0,,,
6 Bedroom House,1725000.0,6.0,3.0,1.0,1144.0,,
7 Bedroom House,2200000.0,7.0,4.0,6.0,804.0,,
3 Bedroom Apartment,4095000.0,3.0,2.0,3.0,,,
3 Bedroom Townhouse,380000.0,3.0,2.0,1.0,,374q+px Southbroom,
4 Bedroom House,850000.0,4.0,3.0,2.0,1020.0,,
2 Bedroom Apartment,1070000.0,2.0,2.0,1.0,,"4114 Hesketh Estate, 40 Albert Oliff Road",
1 Bedroom Apartment,550000.0,1.0,1.0,1.0,,,
3 Bedroom House,1200000.0,3.0,2.0,2.0,1344.0,". ., 1 Duiker Road",
4 Bedroom House,6125000.0,4.0,3.0,4.0,568.0,38 Plantations,
Apartment,549000.0,,1.0,1.0,,,
1 Bedroom Apartment,550000.0,1.0,1.0,1.0,,,
4 Bedroom House,2150000.0,4.0,3.0,2.0,1302.0,,
3 Bedroom House,599000.0,3.0,1.0,2.0,451.0,,
2 Bedroom House,693000.0,2.0,1.0,5.0,270.0,,
3 Bedroom House,1750000.0,3.0,2.0,7.0,893.0,,
3 Bedroom Townhouse,700000.0,3.0,1.0,1.0,833.0,,
5 Bedroom House,550000.0,5.0,1.0,8.0,,,
3 Bedroom House,1095000.0,3.0,2.0,6.0,343.0,,
3 Bedroom House,4095000.0,3.0,25.0,2.0,561.0,,
2 Bedroom Apartment,1995000.0,2.0,2.0,2.0,,,
4 Bedroom House,3295000.0,4.0,3.0,3.0,629.0,,
4 Bedroom House,16800000.0,4.0,3.0,2.0,14000.0,2 Cliffdale Road,
2 Bedroom Apartment,1550000.0,2.0,15.0,1.0,,3 Rob Roy Crescent,
2 Bedroom House,1900000.0,2.0,2.0,,2444.0,6 Beach Road,
2 Bedroom Apartment,700000.0,2.0,1.0,,,,
3 Bedroom Apartment,1100000.0,3.0,2.0,3.0,,,
3 Bedroom Apartment,830000.0,3.0,2.0,1.0,,,
3 Bedroom Apartment,1100000.0,3.0,2.0,3.0,,,
3 Bedroom Townhouse,1600000.0,3.0,2.0,2.0,,,
1 Bedroom Apartment,510000.0,1.0,1.0,1.0,,,
6 Bedroom House,1999000.0,6.0,25.0,3.0,715.0,27c Loxton Road,
5 Bedroom House,1350000.0,5.0,2.0,2.0,625.0,,
1 Bedroom Apartment,595000.0,1.0,1.0,,,,
2 Bedroom Apartment,549000.0,2.0,1.0,1.0,,,
3 Bedroom Apartment,1075000.0,3.0,1.0,1.0,,,
5 Bedroom Townhouse,5350000.0,5.0,4.0,4.0,,,
2.5 Bedroom Apartment,2500000.0,25.0,2.0,,,,
2 Bedroom House,500000.0,2.0,1.0,,519.0,,
2 Bedroom Apartment,2500000.0,2.0,2.0,1.0,,,
2 Bedroom Apartment,450000.0,2.0,1.0,1.0,,,
1.5 Bedroom Apartment,875000.0,15.0,1.0,,,,
2 Bedroom Apartment,1100000.0,2.0,2.0,1.0,,,
1 Bedroom House,530000.0,1.0,1.0,2.0,,,
3 Bedroom Apartment,2250000.0,3.0,2.0,2.0,,,
2 Bedroom Apartment,998000.0,2.0,2.0,1.0,,,
0.5 Bedroom Apartment,858600.0,5.0,1.0,1.0,,,
4 Bedroom House,4975000.0,4.0,4.0,3.0,517.0,293 Sub 6,
2 Bedroom House,975000.0,2.0,1.0,4.0,,,
4 Bedroom House,825000.0,4.0,2.0,16.0,2816.0,,
2 Bedroom Apartment,1150000.0,2.0,1.0,1.0,,,
4 Bedroom Apartment,7695000.0,4.0,3.0,4.0,,"25 One On Seaton, 1 Seaton Boulevard",
4 Bedroom House,3850000.0,4.0,3.0,3.0,5534.0,,
4 Bedroom Townhouse,3400000.0,4.0,3.0,4.0,,,
1 Bedroom Apartment,370000.0,1.0,1.0,,,,
4 Bedroom Townhouse,,4.0,3.0,2.0,241.0,77 Kindlewood Drive,
4 Bedroom House,3350000.0,4.0,25.0,2.0,1501.0,,
4 Bedroom House,2950000.0,4.0,2.0,6.0,1011.0,,
4 Bedroom Townhouse,,4.0,3.0,2.0,241.0,77 Kindlewood Drive,
1 Bedroom Apartment,890000.0,1.0,1.0,1.0,,,
4 Bedroom House,2300000.0,4.0,2.0,3.0,1000.0,,
4 Bedroom Apartment,1600000.0,4.0,2.0,1.0,,,
2 Bedroom Townhouse,975000.0,2.0,1.0,1.0,6424.0,,
3 Bedroom House,1400000.0,3.0,25.0,5.0,1705.0,105 Palm Grove,
3 Bedroom House,3550000.0,3.0,2.0,4.0,500.0,95 New Salt Rock Drive,
3 Bedroom House,3815000.0,3.0,2.0,4.0,519.0,69 New Salt Rock Drive,
2 Bedroom Apartment,680000.0,2.0,1.0,1.0,,,
2 Bedroom Townhouse,5400000.0,2.0,2.0,4.0,,,
3 Bedroom Apartment,8950000.0,3.0,3.0,2.0,,"5 Ezulweni, 1 Tamboti Drive",
1 Bedroom Apartment,790000.0,1.0,1.0,2.0,,,
5 Bedroom House,2950000.0,5.0,45.0,6.0,912.0,38 Svea Avenue,
2 Bedroom Apartment,750000.0,2.0,2.0,1.0,,,
3 Bedroom Townhouse,1350000.0,3.0,2.0,2.0,,,
3 Bedroom Apartment,14200000.0,3.0,45.0,,423037.0,9 Beachwood Place,
3 Bedroom Apartment,3800000.0,3.0,3.0,1.0,,"414 San Lameer Lower South Coast Kwa-Zulu Natal N2s R61, San Lameer.",
2 Bedroom Townhouse,640000.0,2.0,1.0,,20636.0,,
4 Bedroom House,2690000.0,4.0,2.0,6.0,908.0,,
1 Bedroom Apartment,670000.0,1.0,1.0,,,,
4 Bedroom House,2490000.0,4.0,3.0,4.0,1900.0,,
4 Bedroom House,220000.0,4.0,2.0,1.0,,,
3 Bedroom House,750000.0,3.0,1.0,1.0,438.0,,
3 Bedroom Apartment,1400000.0,3.0,2.0,2.0,,,
4 Bedroom House,1600000.0,4.0,1.0,1.0,770.0,,
4 Bedroom House,220000.0,4.0,2.0,1.0,,,
3 Bedroom Apartment,3450000.0,3.0,2.0,1.0,,,
2 Bedroom Apartment,1585000.0,2.0,1.0,2.0,,17 Douglas Crow Street,
2 Bedroom Apartment,1150000.0,2.0,2.0,,,,
2 Bedroom Apartment,870000.0,2.0,1.0,2.0,,,
2 Bedroom Apartment,1800000.0,2.0,2.0,2.0,,,
1 Bedroom Apartment,1100000.0,1.0,1.0,1.0,,,
2 Bedroom Apartment,1240000.0,2.0,1.0,2.0,,"14 Warner Court, 720 Stephen Dlamini Road",
6 Bedroom House,15500000.0,6.0,6.0,9.0,1337.0,,
3 Bedroom Apartment,8975000.0,3.0,3.0,2.0,,,
1 Bedroom Apartment,375000.0,1.0,1.0,,,,
2 Bedroom Apartment,795000.0,2.0,1.0,1.0,,"101 Tyger Avenue, Kenville, Durban, South Africa",
4 Bedroom House,3300000.0,4.0,3.0,2.0,1545.0,,
4 Bedroom House,1350000.0,4.0,3.0,3.0,929.0,3 Mimosa Avenue,
2 Bedroom Apartment,1240000.0,2.0,1.0,2.0,,"14 Warner Court, 720 Stephen Dlamini Road",
2 Bedroom Apartment,1245000.0,2.0,2.0,2.0,,2 Brackenhill Road,
3 Bedroom Apartment,2200000.0,3.0,35.0,1.0,,,
3 Bedroom House,1305000.0,3.0,25.0,3.0,601.0,,
3 Bedroom Townhouse,3825000.0,3.0,25.0,2.0,22.0,17 Weaver's Nest,
3 Bedroom House,885000.0,3.0,1.0,2.0,411.0,,
2 Bedroom House,2795000.0,2.0,2.0,2.0,1482.0,,
3 Bedroom Apartment,1195000.0,3.0,15.0,2.0,,"Ss Vermont, 15 Valley View Road",
2 Bedroom Apartment,1395000.0,2.0,2.0,2.0,,,
3 Bedroom Apartment,1300000.0,3.0,2.0,1.0,,,
4 Bedroom House,5900000.0,4.0,2.0,20.0,2056.0,,
3 Bedroom House,4500000.0,3.0,3.0,4.0,600.0,,
4 Bedroom Apartment,10950000.0,4.0,35.0,20.0,,,
3 Bedroom Townhouse,2850000.0,3.0,2.0,2.0,,,
1 Bedroom Apartment,1399000.0,1.0,1.0,2.0,,3 Lunar Row,
2 Bedroom House,740000.0,2.0,2.0,3.0,1059.0,,
3 Bedroom House,3495000.0,3.0,15.0,6.0,1153.0,,
5 Bedroom House,3700000.0,5.0,4.0,6.0,2348.0,,
4 Bedroom House,13995000.0,4.0,4.0,3.0,1056.0,,
3 Bedroom House,1400000.0,3.0,2.0,9.0,,,
2 Bedroom House,885000.0,2.0,2.0,,1659.0,,
12 Bedroom House,4200000.0,12.0,9.0,8.0,1931.0,17 Collison Street,
3 Bedroom Apartment,15342000.0,3.0,3.0,2.0,,7 Lagoon Drive,
2 Bedroom Apartment,650000.0,2.0,2.0,2.0,,856 Oswald Road,
2 Bedroom Apartment,990000.0,2.0,1.0,1.0,,,
2.5 Bedroom Apartment,1850000.0,25.0,15.0,2.0,,,
3 Bedroom Townhouse,1249000.0,3.0,2.0,3.0,,,
2 Bedroom Apartment,6250000.0,2.0,2.0,1.0,,"2704 Pearl Sky, 6 Lagoon Drive",
2 Bedroom Apartment,1199000.0,2.0,1.0,2.0,,Unit 1 8 Maud Road,
2 Bedroom House,380000.0,2.0,1.0,,331.0,,
5 Bedroom House,8500000.0,5.0,4.0,4.0,2745.0,1 Dorwin Road,
1 Bedroom Townhouse,375000.0,1.0,2.0,1.0,110735.0,,
16 Bedroom Townhouse,7500000.0,16.0,9.0,5.0,1046.0,,
2 Bedroom Apartment,6250000.0,2.0,2.0,1.0,,"2704 Pearl Sky, 6 Lagoon Drive",
3 Bedroom House,1150000.0,3.0,1.0,1.0,1396.0,,
3 Bedroom Townhouse,4450000.0,3.0,2.0,2.0,,,
3 Bedroom House,2280000.0,3.0,2.0,4.0,1100.0,,
13 Bedroom House,8900000.0,13.0,12.0,18.0,2335.0,,
2 Bedroom Apartment,385000.0,2.0,1.0,2.0,,,
16 Bedroom House,14990000.0,16.0,16.0,13.0,1012.0,,
4 Bedroom House,990000.0,4.0,2.0,2.0,,,
3 Bedroom Townhouse,890000.0,3.0,1.0,2.0,,,
3 Bedroom Townhouse,8250000.0,3.0,2.0,1.0,9376.0,,
3 Bedroom House,2340000.0,3.0,2.0,2.0,1474.0,,
15 Bedroom House,4900000.0,15.0,10.0,,4048.0,,
3 Bedroom Townhouse,6500000.0,3.0,35.0,2.0,426.0,,
2 Bedroom Apartment,575000.0,2.0,1.0,1.0,,,
Apartment,450000.0,,1.0,,,,
3 Bedroom House,700000.0,3.0,2.0,1.0,384.0,,
2 Bedroom House,850000.0,2.0,2.0,9.0,,,
3 Bedroom Apartment,1400000.0,3.0,1.0,3.0,,,
8 Bedroom House,3500000.0,8.0,5.0,9.0,705.0,,
5 Bedroom House,10000000.0,5.0,5.0,14.0,3730.0,,
2 Bedroom Apartment,385000.0,2.0,1.0,2.0,,,
2 Bedroom Apartment,2929000.0,2.0,2.0,3.0,,,
4 Bedroom House,2500000.0,4.0,35.0,6.0,726.0,,
2 Bedroom Apartment,550000.0,2.0,1.0,1.0,,"604 Capella, 71 Gillespie Street",
4 Bedroom House,2500000.0,4.0,4.0,2.0,1303.0,,
3 Bedroom Apartment,2950000.0,3.0,2.0,3.0,,"57 Ilala, Simbithi Eco Estate",
4 Bedroom House,1550000.0,4.0,2.0,8.0,1318.0,,
3 Bedroom House,3500000.0,3.0,25.0,7.0,2086.0,,
3 Bedroom House,1180000.0,3.0,2.0,1.0,245.0,,
4 Bedroom House,2050000.0,4.0,2.0,2.0,2040.0,,
2 Bedroom Apartment,700000.0,2.0,1.0,1.0,,,
2 Bedroom Apartment,2999000.0,2.0,2.0,1.0,,,
5 Bedroom House,1980000.0,5.0,3.0,6.0,1433.0,,
2 Bedroom Townhouse,690000.0,2.0,1.0,2.0,40272.0,,
2 Bedroom Apartment,700000.0,2.0,1.0,2.0,,,
3 Bedroom Apartment,3250000.0,3.0,2.0,1.0,,,
1 Bedroom Apartment,895000.0,1.0,15.0,1.0,,,
2 Bedroom House,1450000.0,2.0,2.0,1.0,,,
4 Bedroom House,3000000.0,4.0,4.0,3.0,19021.0,,
Apartment,539500.0,,1.0,1.0,,,
2 Bedroom Apartment,3000000.0,2.0,2.0,2.0,,,
3 Bedroom Apartment,6990000.0,3.0,3.0,2.0,,,
4 Bedroom House,2050000.0,4.0,2.0,2.0,2040.0,,
1.5 Bedroom Apartment,595000.0,15.0,1.0,1.0,,"205 Ss Suttonmere, 2 Sutton Crescent",
2 Bedroom House,795000.0,2.0,1.0,4.0,372.0,,
4 Bedroom House,2250000.0,4.0,2.0,2.0,1689.0,,
3 Bedroom Townhouse,780000.0,3.0,2.0,2.0,,,
3 Bedroom Townhouse,1245000.0,3.0,2.0,,,1 Ngwele Rd,
2 Bedroom Apartment,545000.0,2.0,2.0,1.0,,"2 Ss Pumula, 2 Duke Road",
4 Bedroom House,3800000.0,4.0,3.0,4.0,1123.0,856 Hythe Road,
2 Bedroom Apartment,545000.0,2.0,2.0,1.0,,"2 Ss Pumula, 2 Duke Road",
1 Bedroom Apartment,1150000.0,1.0,1.0,1.0,,,
2 Bedroom Apartment,450000.0,2.0,1.0,1.0,49.0,,
2 Bedroom Apartment,699000.0,2.0,1.0,2.0,,"85 Ss Carillon, 22 Prince Street",
3 Bedroom Apartment,1195000.0,3.0,2.0,1.0,,"4 Ss Club Cabana, 2129 Shore Drive",
3 Bedroom Townhouse,4500000.0,3.0,2.0,4.0,,1 Zululami Drive,
3 Bedroom House,900000.0,3.0,2.0,2.0,,,
3 Bedroom House,1500000.0,3.0,3.0,5.0,903.0,,
1 Bedroom Apartment,1150000.0,1.0,1.0,1.0,,,
3 Bedroom House,2800000.0,3.0,3.0,2.0,1000.0,31a Broad Street,
4 Bedroom House,5695000.0,4.0,35.0,4.0,989.0,,
4 Bedroom House,700000.0,4.0,4.0,2.0,517.0,,
1 Bedroom Apartment,787500.0,1.0,1.0,1.0,,,
2 Bedroom House,600000.0,2.0,1.0,3.0,370.0,,
3 Bedroom Apartment,5600000.0,3.0,3.0,2.0,,,
2 Bedroom Apartment,975000.0,2.0,1.0,2.0,,,
6 Bedroom House,1250000.0,6.0,4.0,3.0,,,
1 Bedroom Apartment,530000.0,1.0,1.0,1.0,,,
4 Bedroom House,875000.0,4.0,2.0,1.0,,250 Ashwood Drive,
3 Bedroom Apartment,920000.0,3.0,1.0,1.0,,,
2 Bedroom Apartment,1650000.0,2.0,2.0,,,,
1 Bedroom Apartment,595000.0,1.0,1.0,1.0,,,
3 Bedroom House,6900000.0,3.0,3.0,5.0,2850.0,,
3 Bedroom House,2275000.0,3.0,15.0,3.0,998.0,,
4 Bedroom House,1945000.0,4.0,2.0,2.0,,,
3 Bedroom House,950000.0,3.0,2.0,2.0,248.0,,
4 Bedroom House,1198000.0,4.0,2.0,10.0,,,
3 Bedroom Apartment,948000.0,3.0,2.0,1.0,,,
3 Bedroom House,,3.0,2.0,4.0,2125.0,,
4 Bedroom House,3995000.0,4.0,3.0,7.0,1577.0,,
2 Bedroom Apartment,775000.0,2.0,1.0,1.0,,,
4 Bedroom House,3700000.0,4.0,3.0,4.0,2.0,,
1.5 Bedroom Apartment,698000.0,15.0,1.0,1.0,,,
3 Bedroom House,2275000.0,3.0,15.0,3.0,998.0,,
2 Bedroom House,600000.0,2.0,1.0,5.0,1029.0,,
1 Bedroom Apartment,650000.0,1.0,1.0,,,,
3 Bedroom Apartment,1699000.0,3.0,2.0,1.0,,,
1.5 Bedroom Apartment,680000.0,15.0,1.0,1.0,,,
3 Bedroom House,,3.0,1.0,4.0,1350.0,,
1 Bedroom Apartment,995000.0,1.0,1.0,1.0,,,
3 Bedroom House,950000.0,3.0,2.0,2.0,,,
11 Bedroom House,2500000.0,11.0,4.0,12.0,2023.0,,
3 Bedroom Apartment,1100000.0,3.0,2.0,,24553.0,,
House,8400000.0,,,,933.0,,
3 Bedroom House,670000.0,3.0,1.0,3.0,314.0,,
3 Bedroom Apartment,975000.0,3.0,2.0,1.0,,,
4 Bedroom House,5950000.0,4.0,3.0,14.0,699.0,,
2 Bedroom Apartment,1350000.0,2.0,2.0,,,,
4 Bedroom House,1500000.0,4.0,2.0,5.0,1103.0,,
6 Bedroom House,2351800.0,6.0,4.0,7.0,888.0,,
3 Bedroom House,1300000.0,3.0,3.0,9.0,900.0,,
4 Bedroom House,6900000.0,4.0,4.0,4.0,,,
3 Bedroom House,1895000.0,3.0,2.0,2.0,559.0,,
1 Bedroom Apartment,350000.0,1.0,1.0,1.0,,,
3 Bedroom House,4750000.0,3.0,2.0,1.0,,"Zululami Coastal Estate, The Reserve, 35 Sheffield Beach Road",
6 Bedroom House,2351800.0,6.0,4.0,7.0,888.0,,
1 Bedroom Apartment,750000.0,1.0,1.0,1.0,,"4 Ss Burnage, 125 Currie Road",
3 Bedroom Apartment,1100000.0,3.0,2.0,2.0,,,
3 Bedroom Townhouse,6528305.0,3.0,2.0,4.0,245.0,,
3 Bedroom House,170000.0,3.0,25.0,6.0,2056.0,112 Nkwazi Drive,
2 Bedroom Apartment,2890000.0,2.0,2.0,2.0,,477 Musgrave Road,
1 Bedroom Apartment,1850000.0,1.0,15.0,3.0,,,
3 Bedroom House,1200000.0,3.0,2.0,3.0,1064.0,,
2 Bedroom Apartment,700000.0,2.0,2.0,1.0,,,
4 Bedroom House,1750000.0,4.0,3.0,8.0,1449.0,,
2 Bedroom House,650000.0,2.0,1.0,1.0,426.0,,
3 Bedroom Apartment,1450000.0,3.0,2.0,2.0,,"101 Windermere Centre, 163 Lilian Ngoyi Road",
1 Bedroom Apartment,480000.0,1.0,1.0,1.0,,,
3 Bedroom Apartment,1450000.0,3.0,2.0,2.0,,"101 Windermere Centre, 163 Lilian Ngoyi Road",
2 Bedroom Apartment,2000000.0,2.0,2.0,2.0,,"3 Santana Pebbles, 164 South Beach Road",
3 Bedroom House,1350000.0,3.0,1.0,4.0,780.0,,
4 Bedroom Apartment,1650000.0,4.0,2.0,3.0,,,
2 Bedroom Apartment,1250000.0,2.0,2.0,2.0,,,
6 Bedroom House,2499999.0,6.0,5.0,7.0,1420.0,,
4 Bedroom House,4295000.0,4.0,4.0,6.0,1408.0,,
5 Bedroom House,1250000.0,5.0,4.0,6.0,1407.0,,
3 Bedroom Townhouse,995000.0,3.0,15.0,2.0,,,
2 Bedroom Apartment,1950000.0,2.0,2.0,1.0,,"91 Ss THE Madison, 22 Umhlanga Ridge Boulevard",
2 Bedroom Apartment,3100000.0,2.0,2.0,2.0,,"C14 Ss Ocean Club Zimbali, 1 Ocean Club Drive",
3 Bedroom House,849000.0,3.0,2.0,11.0,391.0,,
6 Bedroom House,1400000.0,6.0,4.0,1.0,,,
3 Bedroom Apartment,2700000.0,3.0,2.0,2.0,,"1 Golden Beach, 148 South Beach Road, Unit 1 Golden Beach",
3 Bedroom House,3560000.0,3.0,2.0,4.0,525.0,7 Baron Lane,
1 Bedroom Apartment,1690000.0,1.0,1.0,2.0,,,
3 Bedroom Apartment,3850000.0,3.0,3.0,1.0,,,
11 Bedroom House,5949000.0,11.0,7.0,,1050.0,139 Botanic Gardens Road,
1 Bedroom Apartment,2950000.0,1.0,1.0,2.0,,,
3 Bedroom Apartment,920000.0,3.0,2.0,1.0,,,
1 Bedroom Apartment,1995000.0,1.0,1.0,1.0,,1 Elaleni,
Apartment,1900000.0,,1.0,,,,
3 Bedroom Townhouse,2700000.0,3.0,2.0,1.0,,,
3 Bedroom Townhouse,,3.0,3.0,2.0,4141.0,"Manderley Mews, 4 Newlands Drive",
5 Bedroom House,975000.0,5.0,3.0,,1042.0,,
1 Bedroom Apartment,5000000.0,1.0,1.0,1.0,,,
2 Bedroom Apartment,630000.0,2.0,1.0,1.0,,,
Apartment,1900000.0,,1.0,,,,
4 Bedroom House,5900000.0,4.0,4.0,2.0,51.0,6 Impala Ridge Drive,
6 Bedroom House,10950000.0,6.0,65.0,3.0,1049.0,22a Minerva South Road,
3 Bedroom House,450000.0,3.0,1.0,1.0,,,
2 Bedroom Apartment,650000.0,2.0,2.0,2.0,,,
4 Bedroom Townhouse,5500000.0,4.0,4.0,3.0,17200.0,,
4 Bedroom House,1500000.0,4.0,2.0,9.0,1858.0,,
3 Bedroom House,1600000.0,3.0,2.0,2.0,8094.0,,
4 Bedroom Townhouse,1950000.0,4.0,2.0,4.0,,,
2 Bedroom Apartment,2680000.0,2.0,2.0,1.0,,115 Musgrave Avenue,
2 Bedroom Apartment,2350000.0,2.0,2.0,2.0,,,
4 Bedroom Townhouse,5495000.0,4.0,45.0,4.0,12500.0,"11 Sovereign Sands, 20 Salmon Avenue",
2 Bedroom Apartment,1600000.0,2.0,2.0,1.0,,,
2 Bedroom Apartment,1999995.0,2.0,2.0,2.0,,,
5 Bedroom House,2650000.0,5.0,2.0,4.0,1858.0,,
2 Bedroom Apartment,1750000.0,2.0,2.0,2.0,,"196 Ballito Village, 8 Douglas Crowe Drive, Unit 196 Ballito Village",
3 Bedroom Townhouse,1800000.0,3.0,25.0,2.0,,,
3 Bedroom Apartment,5699999.0,3.0,3.0,2.0,,,
1 Bedroom Apartment,1460000.0,1.0,1.0,1.0,,,
3 Bedroom Townhouse,1050000.0,3.0,2.0,1.0,225.0,,
2 Bedroom Apartment,1600000.0,2.0,2.0,1.0,,,
3 Bedroom Townhouse,5195000.0,3.0,35.0,2.0,6675.0,,
4 Bedroom House,2750000.0,4.0,2.0,3.0,896.0,60 Albersville Road,
2 Bedroom Apartment,2395000.0,2.0,2.0,,,,
2 Bedroom Apartment,1150000.0,2.0,2.0,1.0,,,
4 Bedroom Apartment,4295000.0,4.0,35.0,3.0,,,
3 Bedroom Apartment,2375000.0,3.0,25.0,2.0,,,
6 Bedroom House,1800000.0,6.0,4.0,2.0,1138.0,511 7th Street,
3 Bedroom Apartment,5785000.0,3.0,3.0,2.0,,,
1 Bedroom Apartment,370000.0,1.0,1.0,,24.0,,
4 Bedroom House,1650000.0,4.0,3.0,2.0,1127.0,,
2 Bedroom Apartment,799000.0,2.0,1.0,2.0,,,
2 Bedroom Apartment,1690000.0,2.0,2.0,1.0,,,
3 Bedroom House,1850000.0,3.0,2.0,2.0,1329.0,,
3 Bedroom Townhouse,2095000.0,3.0,2.0,1.0,,275 Gladys Manzi Road,
1 Bedroom Apartment,3490000.0,1.0,1.0,2.0,,,
2 Bedroom House,1550000.0,2.0,2.0,2.0,195307.0,,
3 Bedroom House,945000.0,3.0,15.0,2.0,207.0,,
3 Bedroom Apartment,1670550.0,3.0,2.0,1.0,,,
4 Bedroom House,12995000.0,4.0,4.0,6.0,,,
5 Bedroom House,,5.0,6.0,3.0,1393.0,,
7 Bedroom House,6000000.0,7.0,7.0,8.0,1100.0,,
2 Bedroom Apartment,2250000.0,2.0,2.0,1.0,,,
2 Bedroom Apartment,2800000.0,2.0,2.0,2.0,,,
2 Bedroom Apartment,799000.0,2.0,1.0,2.0,,,
4 Bedroom House,1599000.0,4.0,3.0,6.0,1813.0,,
3 Bedroom House,2500000.0,3.0,2.0,6.0,936.0,,
2 Bedroom Apartment,775000.0,2.0,1.0,2.0,,,
2 Bedroom Apartment,895000.0,2.0,1.0,1.0,,,
2 Bedroom Townhouse,1575000.0,2.0,1.0,2.0,,"4 Pioneer Park Retirement Village, 6 Pioneer Close",
4 Bedroom House,3200000.0,4.0,4.0,3.0,2233.0,"5 Ss Godshaven, 32 Scotston Road",
4 Bedroom House,2100000.0,4.0,2.0,2.0,680.0,,
3 Bedroom House,1690000.0,3.0,3.0,6.0,718.0,,
2 Bedroom House,730000.0,2.0,1.0,7.0,260.0,,
2 Bedroom Apartment,550000.0,2.0,1.0,1.0,,"45 Cupido Gardens, 100 Woodhurst Drive",
3 Bedroom House,899000.0,3.0,15.0,,900.0,,
3 Bedroom House,899000.0,3.0,1.0,2.0,910.0,,
2 Bedroom Apartment,1495000.0,2.0,15.0,1.0,,,
4 Bedroom House,7995000.0,4.0,45.0,3.0,1233.0,,
4 Bedroom Townhouse,11999000.0,4.0,45.0,6.0,610.0,,
5 Bedroom House,1470000.0,5.0,3.0,2.0,1058.0,335 Carlisle Crescent,
2 Bedroom Apartment,2980000.0,2.0,2.0,1.0,,23 Weaver Crescent Umhlanga Rocks,
2 Bedroom Apartment,1495000.0,2.0,15.0,1.0,,,
2 Bedroom House,2250000.0,2.0,3.0,4.0,330.0,,
5 Bedroom House,1499500.0,5.0,2.0,3.0,367.0,,
5 Bedroom House,1350000.0,5.0,3.0,7.0,1217.0,,
3 Bedroom House,640000.0,3.0,2.0,1.0,,,
5 Bedroom House,1695000.0,5.0,4.0,8.0,749.0,29 Grundel Road,
3 Bedroom Townhouse,3750000.0,3.0,2.0,5.0,,,
1 Bedroom Apartment,545000.0,1.0,1.0,1.0,,,
3 Bedroom Townhouse,3750000.0,3.0,2.0,5.0,,,
Townhouse,600000.0,,1.0,1.0,12074.0,,
3 Bedroom Apartment,11500000.0,3.0,3.0,2.0,,,
2 Bedroom Apartment,7762500.0,2.0,2.0,2.0,,,
4 Bedroom Apartment,2995000.0,4.0,3.0,2.0,,,
4 Bedroom Apartment,1590000.0,4.0,25.0,3.0,,,
3 Bedroom Townhouse,1650000.0,3.0,3.0,3.0,,"3 Newgate Hall, 386 New Germany Road",
2 Bedroom Apartment,4700000.0,2.0,2.0,1.0,,,
3 Bedroom Apartment,1295000.0,3.0,2.0,2.0,,,
2 Bedroom Townhouse,780000.0,2.0,15.0,1.0,2765.0,,
1 Bedroom Townhouse,660000.0,1.0,1.0,,50.0,,
2 Bedroom Apartment,590000.0,2.0,1.0,1.0,,,
2 Bedroom House,995000.0,2.0,2.0,1.0,1389.0,,
2.5 Bedroom Apartment,699000.0,25.0,2.0,1.0,,,
2 Bedroom Townhouse,2600000.0,2.0,2.0,2.0,7018.0,,
2 Bedroom Apartment,850000.0,2.0,15.0,1.0,,,
3 Bedroom Townhouse,5800000.0,3.0,3.0,4.0,,21 Baraka Read,
4 Bedroom House,2950000.0,4.0,35.0,6.0,1567.0,,
2 Bedroom Apartment,875000.0,2.0,1.0,2.0,,,
3 Bedroom House,2995000.0,3.0,3.0,4.0,2000.0,,
2 Bedroom Apartment,540000.0,2.0,1.0,1.0,,,
2 Bedroom Apartment,350000.0,2.0,1.0,,,,
2 Bedroom Apartment,1049000.0,2.0,1.0,1.0,,,
2 Bedroom Apartment,750000.0,2.0,1.0,2.0,,,
4 Bedroom House,1495000.0,4.0,2.0,1.0,605.0,,
3 Bedroom Apartment,2750000.0,3.0,2.0,1.0,,,
3 Bedroom Townhouse,3150000.0,3.0,2.0,2.0,24.0,,
6 Bedroom House,1295000.0,6.0,4.0,,1063.0,,
5 Bedroom House,4650000.0,5.0,2.0,6.0,1089.0,,
6 Bedroom Apartment,5700000.0,6.0,3.0,3.0,,,
2 Bedroom Apartment,895000.0,2.0,2.0,1.0,,,
2 Bedroom Townhouse,850000.0,2.0,2.0,1.0,19052.0,,
2 Bedroom Apartment,695000.0,2.0,1.0,1.0,,,
5 Bedroom House,3800000.0,5.0,4.0,3.0,945.0,,
2 Bedroom Apartment,350000.0,2.0,1.0,,,,
2 Bedroom Apartment,3400000.0,2.0,2.0,4.0,,,
2.5 Bedroom Apartment,760000.0,25.0,2.0,1.0,,,
3 Bedroom House,950000.0,3.0,2.0,3.0,600.0,,
2 Bedroom Apartment,799000.0,2.0,1.0,1.0,,,
1 Bedroom Apartment,795000.0,1.0,1.0,1.0,,,
3 Bedroom House,1095000.0,3.0,2.0,1.0,,,
2 Bedroom House,420000.0,2.0,1.0,1.0,600.0,"33 Sixth Avenue, Forderville",
2 Bedroom Apartment,970000.0,2.0,1.0,1.0,,,
2 Bedroom Apartment,880000.0,2.0,1.0,1.0,,,
3 Bedroom House,2990000.0,3.0,2.0,10.0,,,
3 Bedroom Townhouse,1500000.0,3.0,2.0,4.0,,,
1.5 Bedroom Apartment,760000.0,15.0,1.0,1.0,,,
3 Bedroom Townhouse,4500000.0,3.0,2.0,2.0,,,
3 Bedroom House,1000000.0,3.0,1.0,1.0,469.0,15a Ricky's Terrace,
3 Bedroom House,1100000.0,3.0,2.0,1.0,1175.0,,
4 Bedroom House,1855000.0,4.0,2.0,4.0,871.0,,
3 Bedroom House,3150000.0,3.0,25.0,3.0,,"7 The Abrey, 120 Abrey Road",
3 Bedroom House,3800000.0,3.0,25.0,4.0,,"22 The Abrey, 120 Abey Road",
2 Bedroom Apartment,1100000.0,2.0,1.0,2.0,,,
2 Bedroom Apartment,2100000.0,2.0,1.0,1.0,,,
3 Bedroom House,1395000.0,3.0,2.0,,495.0,,
3 Bedroom House,1495000.0,3.0,2.0,4.0,1211.0,,
3 Bedroom House,1495000.0,3.0,2.0,4.0,1211.0,,
5 Bedroom House,3500000.0,5.0,4.0,2.0,929.0,,
2 Bedroom Apartment,1795000.0,2.0,2.0,1.0,,,
2 Bedroom Apartment,800000.0,2.0,2.0,1.0,,,
2 Bedroom Apartment,850000.0,2.0,15.0,2.0,6071.0,,
3 Bedroom Apartment,1750000.0,3.0,2.0,3.0,,,
2 Bedroom Townhouse,2450000.0,2.0,2.0,2.0,170.0,215 9th Ave,
3 Bedroom Townhouse,850000.0,3.0,15.0,3.0,89.0,,
3 Bedroom House,1550000.0,3.0,25.0,8.0,547.0,26 Payne Road,
3 Bedroom House,1900000.0,3.0,2.0,7.0,1858.0,,
5 Bedroom House,10500000.0,5.0,5.0,7.0,583.0,53 Second Avenue,
2 Bedroom Townhouse,1250000.0,2.0,2.0,2.0,,,
1 Bedroom Apartment,420000.0,1.0,1.0,1.0,,,
4 Bedroom House,1599000.0,4.0,25.0,8.0,1237.0,28 Sandpiper Street,
3 Bedroom Apartment,3500000.0,3.0,2.0,1.0,,,
2 Bedroom Apartment,610000.0,2.0,1.0,1.0,,,
2 Bedroom Apartment,795000.0,2.0,2.0,3.0,,"1 Ss Michaelpointe, 22 Orange Rocks Road",
2 Bedroom Apartment,4300000.0,2.0,25.0,2.0,,,
2 Bedroom Apartment,650000.0,2.0,15.0,1.0,,,
3 Bedroom House,2500000.0,3.0,2.0,8.0,320000.0,,
2 Bedroom Apartment,930000.0,2.0,1.0,2.0,,2 Lillie Croner Boulevard,
3 Bedroom Townhouse,1580000.0,3.0,25.0,4.0,2259.0,,
2 Bedroom Apartment,795000.0,2.0,2.0,3.0,,"1 Ss Michaelpointe, 22 Orange Rocks Road",
2 Bedroom Apartment,1595000.0,2.0,2.0,2.0,,,
2 Bedroom Apartment,900000.0,2.0,1.0,1.0,,,
5 Bedroom House,2380000.0,5.0,2.0,7.0,742.0,,
4 Bedroom House,5500000.0,4.0,4.0,3.0,1567.0,,
94 Bedroom House,31000000.0,94.0,15.0,21.0,8046.0,"3a Dulwich Road,scottsville",
3 Bedroom Apartment,3395000.0,3.0,2.0,3.0,,,
3 Bedroom House,3999999.0,3.0,2.0,3.0,53833.0,,
3 Bedroom House,2495000.0,3.0,2.0,7.0,2630.0,,
3 Bedroom Townhouse,1650000.0,3.0,2.0,1.0,15846.0,,
5 Bedroom House,1600000.0,5.0,4.0,4.0,1095.0,,
3 Bedroom House,2495000.0,3.0,2.0,7.0,2630.0,,
3 Bedroom House,2375000.0,3.0,3.0,4.0,781067.0,"A13 Ss Selborne Park, A13 Selborne",
3 Bedroom House,8950000.0,3.0,35.0,2.0,1445.0,,
3 Bedroom House,3190000.0,3.0,3.0,4.0,1363.0,,
6 Bedroom House,4890000.0,6.0,4.0,6.0,2475.0,,
1 Bedroom Apartment,899000.0,1.0,1.0,1.0,,"8 Ivanhoe, 5 Kendall Road",
3 Bedroom Townhouse,4800000.0,3.0,25.0,6.0,316.0,"3 Ferox, 1 Elaleni Drive",
4 Bedroom Townhouse,2795000.0,4.0,35.0,3.0,,,
3 Bedroom House,4500000.0,3.0,3.0,1.0,586.0,,
5 Bedroom House,2550000.0,5.0,3.0,7.0,1397.0,,
3 Bedroom Townhouse,2450000.0,3.0,2.0,2.0,25.0,,
2 Bedroom Apartment,900000.0,2.0,2.0,1.0,,,
5 Bedroom House,2600000.0,5.0,45.0,6.0,,,
4 Bedroom House,1150000.0,4.0,2.0,6.0,941.0,,
2 Bedroom Townhouse,2150000.0,2.0,25.0,2.0,,,
3 Bedroom Apartment,5295000.0,3.0,2.0,1.0,,102 Compensation Beach Road,
3 Bedroom House,2995000.0,3.0,3.0,8.0,3641.0,,
5 Bedroom House,1450000.0,5.0,2.0,3.0,952.0,,
3 Bedroom House,3200000.0,3.0,3.0,2.0,2014.0,,
2 Bedroom House,1150000.0,2.0,2.0,1.0,121.0,,
7 Bedroom House,999000.0,7.0,1.0,,250.0,,
3 Bedroom Apartment,1360000.0,3.0,2.0,1.0,,80 Streetdavids Lane,
4 Bedroom House,2900000.0,4.0,35.0,8.0,1180.0,,
9 Bedroom House,22000000.0,9.0,9.0,9.0,2800.0,,
1 Bedroom Apartment,520000.0,1.0,1.0,,88.0,,
3 Bedroom House,3200000.0,3.0,3.0,2.0,2014.0,,
2 Bedroom Apartment,652000.0,2.0,2.0,1.0,,51 Marine Drive,
3 Bedroom Apartment,4995000.0,3.0,3.0,9.0,,"B31 Ss La Palma Terraces, 8 Glendining Court",
4 Bedroom House,2495000.0,4.0,2.0,4.0,2219.0,,
2 Bedroom Apartment,2270000.0,2.0,2.0,2.0,,,
3 Bedroom Townhouse,4450000.0,3.0,3.0,3.0,,,
3 Bedroom House,2150000.0,3.0,2.0,3.0,,,
2.5 Bedroom Apartment,850000.0,25.0,15.0,1.0,,,
3 Bedroom House,1270000.0,3.0,1.0,3.0,260.0,,
1 Bedroom Apartment,599000.0,1.0,1.0,,,,
4 Bedroom House,1680000.0,4.0,2.0,2.0,2690.0,13 & 14 Lilypond Lane,
4 Bedroom House,1750000.0,4.0,4.0,3.0,1202.0,,
3 Bedroom Apartment,6250000.0,3.0,25.0,4.0,,,
2 Bedroom Apartment,900000.0,2.0,1.0,1.0,,,
2 Bedroom House,1185000.0,2.0,2.0,2.0,24000.0,,
3 Bedroom House,1550000.0,3.0,1.0,5.0,773.0,,
2 Bedroom Apartment,1199000.0,2.0,2.0,1.0,,,
2 Bedroom Townhouse,3195000.0,2.0,2.0,4.0,1388958.0,,
2 Bedroom Apartment,850000.0,2.0,1.0,1.0,,2049 Ray Road,
3 Bedroom House,1395000.0,3.0,2.0,2.0,965.0,,
3 Bedroom Townhouse,3500000.0,3.0,3.0,8.0,615.0,"17 Plantations Estate, 47 Shongweni Road",
2 Bedroom Apartment,1420000.0,2.0,1.0,1.0,,,
2 Bedroom Apartment,1000000.0,2.0,2.0,1.0,,29 Marine Drive Maldonaldo,
1 Bedroom Apartment,445000.0,1.0,1.0,1.0,,,
2 Bedroom Apartment,1420000.0,2.0,1.0,1.0,,,
4 Bedroom House,3995000.0,4.0,3.0,8.0,1159.0,,
3 Bedroom House,1250000.0,3.0,2.0,2.0,,,
2 Bedroom Townhouse,2100000.0,2.0,2.0,2.0,94000.0,"Unit 64 Greenhaven Estate, 109 Padfield Rd",
3 Bedroom House,650000.0,3.0,1.0,1.0,248.0,,
3 Bedroom House,1850000.0,3.0,2.0,2.0,2397.0,,
1 Bedroom Apartment,500000.0,1.0,1.0,1.0,,,
2 Bedroom Apartment,950000.0,2.0,1.0,2.0,,,
3 Bedroom House,2499000.0,3.0,25.0,3.0,2019.0,,
3 Bedroom House,2000000.0,3.0,2.0,3.0,,,
2 Bedroom Apartment,690000.0,2.0,1.0,1.0,,38 Dunne Road,
2 Bedroom House,591000.0,2.0,1.0,1.0,1033.0,,
3 Bedroom House,870000.0,3.0,15.0,1.0,200.0,,
2 Bedroom Apartment,1100000.0,2.0,1.0,2.0,,"12 Morningview, 30 Bridge View Road",
3 Bedroom House,2000000.0,3.0,2.0,3.0,,,
2 Bedroom House,2150000.0,2.0,2.0,10.0,1019.0,,
3 Bedroom House,850000.0,3.0,1.0,3.0,287.0,,
4 Bedroom House,2500000.0,4.0,2.0,,2902.0,,
2 Bedroom Apartment,695000.0,2.0,1.0,1.0,,,
3 Bedroom House,3600000.0,3.0,2.0,2.0,,P474,
1 Bedroom Apartment,520000.0,1.0,1.0,,,180 Prince St,
3 Bedroom Townhouse,3350000.0,3.0,2.0,1.0,,,
3 Bedroom House,1550000.0,3.0,2.0,1.0,922.0,,
1.5 Bedroom Apartment,1404000.0,15.0,1.0,,,,
4 Bedroom House,2782000.0,4.0,35.0,3.0,7145.0,,
4 Bedroom House,3000000.0,4.0,4.0,6.0,1186.0,Churchill Street,
3 Bedroom Apartment,745000.0,3.0,2.0,1.0,,Edgeware Road Erf 436 Port Edward,
1 Bedroom Apartment,1900000.0,1.0,1.0,1.0,,Ss Zimbali Hotel and Resort 5 Corkwood Drive,
3 Bedroom Townhouse,5695000.0,3.0,35.0,,,1 Main Road,
4 Bedroom House,2990000.0,4.0,4.0,6.0,854.0,,
2 Bedroom House,1489000.0,2.0,1.0,2.0,116.0,149 Inanda Road,
2 Bedroom Townhouse,875000.0,2.0,1.0,,,,
3 Bedroom House,1350000.0,3.0,2.0,8.0,1012.0,,
3 Bedroom Townhouse,1690000.0,3.0,2.0,3.0,,,
House,550000.0,,,,1000.0,,
2 Bedroom Apartment,790000.0,2.0,2.0,1.0,,,
2 Bedroom Apartment,1730000.0,2.0,2.0,2.0,,,
1 Bedroom Apartment,1900000.0,1.0,1.0,1.0,,Ss Zimbali Hotel and Resort 5 Corkwood Drive,
3 Bedroom House,875000.0,3.0,1.0,6.0,333.0,,
2 Bedroom Apartment,880000.0,2.0,15.0,1.0,,35 Worlds View Road,
2 Bedroom House,3495000.0,2.0,2.0,2.0,294.0,,
3 Bedroom House,4995000.0,3.0,2.0,4.0,,10 Intaba Terrace,
4 Bedroom Apartment,3200000.0,4.0,2.0,4.0,,,
3 Bedroom Townhouse,2449000.0,3.0,2.0,2.0,785.0,,
4 Bedroom House,11950000.0,4.0,4.0,3.0,1212.0,,
3 Bedroom House,2945000.0,3.0,2.0,2.0,220.0,,
3 Bedroom Apartment,1080000.0,3.0,2.0,1.0,,,
3 Bedroom House,1495000.0,3.0,2.0,2.0,1080.0,,
4 Bedroom House,1150000.0,4.0,1.0,8.0,324.0,,
2 Bedroom Apartment,1580000.0,2.0,2.0,1.0,,,
4 Bedroom House,3350000.0,4.0,3.0,2.0,,,
15 Bedroom House,10950000.0,15.0,10.0,10.0,3695.0,,
3 Bedroom House,980000.0,3.0,2.0,9.0,471.0,,
3 Bedroom Townhouse,1415000.0,3.0,2.0,,,,
3 Bedroom Apartment,3500000.0,3.0,3.0,1.0,,,
Apartment,450000.0,,1.0,,,,
3 Bedroom Townhouse,1500000.0,3.0,2.0,2.0,,,
3 Bedroom House,1345000.0,3.0,1.0,,450.0,,
1 Bedroom Apartment,1100000.0,1.0,1.0,1.0,,"317 The Cube, 37 Zenith Drive",
2 Bedroom Townhouse,3250000.0,2.0,2.0,2.0,,,
3 Bedroom Townhouse,2350000.0,3.0,2.0,9.0,1883.0,,
5 Bedroom House,950000.0,5.0,2.0,4.0,1004.0,,
3 Bedroom House,1200000.0,3.0,1.0,1.0,1518.0,,
2 Bedroom House,670000.0,2.0,1.0,,337.0,,
3 Bedroom Apartment,165000.0,3.0,3.0,1.0,,#15 Fernwood Cathkin Valley Kwa Zulu Natal,
4 Bedroom House,1900000.0,4.0,4.0,2.0,1349.0,,
3 Bedroom Apartment,1080000.0,3.0,2.0,1.0,,,
4 Bedroom House,2260000.0,4.0,2.0,4.0,,,
1 Bedroom Apartment,2250000.0,1.0,1.0,2.0,,,
2 Bedroom Townhouse,930000.0,2.0,2.0,2.0,10336.0,,
2 Bedroom Townhouse,850000.0,2.0,1.0,2.0,64097.0,,
1 Bedroom Apartment,350000.0,1.0,1.0,,,,
1.5 Bedroom Apartment,1100000.0,15.0,15.0,,,,
3 Bedroom House,1395000.0,3.0,3.0,3.0,,,
3 Bedroom House,860000.0,3.0,2.0,6.0,,,
3 Bedroom House,1395000.0,3.0,3.0,3.0,,,
3 Bedroom House,980000.0,3.0,2.0,3.0,,,
3 Bedroom House,1590000.0,3.0,2.0,5.0,993.0,,
2 Bedroom Apartment,740000.0,2.0,1.0,1.0,,,
2 Bedroom Apartment,850000.0,2.0,1.0,,,,
1 Bedroom Apartment,665000.0,1.0,1.0,,,,
4 Bedroom Townhouse,8000000.0,4.0,3.0,9.0,1000.0,,
3 Bedroom Townhouse,,3.0,1.0,3.0,650.0,"1343 Queen Nandi Avenue, Steadville",
4 Bedroom House,5995000.0,4.0,2.0,2.0,1533.0,,
3 Bedroom House,1299000.0,3.0,1.0,2.0,918.0,,
2 Bedroom Apartment,490000.0,2.0,1.0,1.0,,,
2 Bedroom Townhouse,1200000.0,2.0,1.0,,60.0,,
4 Bedroom House,7949000.0,4.0,4.0,8.0,700.0,,
6 Bedroom House,,6.0,3.0,2.0,,4 Ramsey Avenue,
6 Bedroom House,,6.0,3.0,2.0,,4 Ramsey Avenue,
2 Bedroom Apartment,1000000.0,2.0,1.0,1.0,,,
2 Bedroom Apartment,745000.0,2.0,1.0,1.0,,,
6 Bedroom House,2500000.0,6.0,4.0,7.0,700.0,,
3 Bedroom Apartment,1050000.0,3.0,2.0,1.0,,,
4 Bedroom Apartment,1585000.0,4.0,2.0,1.0,,,
3 Bedroom Apartment,1170000.0,3.0,2.0,2.0,,67 Queen Street,
4 Bedroom House,2215000.0,4.0,2.0,2.0,3800.0,,
2 Bedroom Apartment,1599000.0,2.0,2.0,1.0,,,
3 Bedroom Townhouse,2650000.0,3.0,25.0,2.0,,"7 Ss Four One Six Musgrave Road, 416 Musgrave Road",
5 Bedroom House,3475000.0,5.0,3.0,12.0,1183.0,10 Marula Way,
2 Bedroom Apartment,1140000.0,2.0,1.0,1.0,,,
3 Bedroom House,2200000.0,3.0,2.0,6.0,1012.0,,
2 Bedroom Apartment,,2.0,1.0,1.0,,,
1 Bedroom Apartment,729000.0,1.0,1.0,,,,
1 Bedroom Apartment,725000.0,1.0,1.0,1.0,,,
13 Bedroom House,5799000.0,13.0,135.0,10.0,1533.0,,
2 Bedroom House,799000.0,2.0,15.0,1.0,285.0,,
18 Bedroom Apartment,5500000.0,18.0,12.0,12.0,,,
3 Bedroom House,995000.0,3.0,15.0,2.0,218.0,,
3 Bedroom House,1900000.0,3.0,2.0,16.0,2672.0,,
3 Bedroom House,1250000.0,3.0,2.0,7.0,1368.0,,
3 Bedroom House,800000.0,3.0,1.0,1.0,450.0,,
3 Bedroom House,975000.0,3.0,1.0,2.0,,,
8 Bedroom House,4700000.0,8.0,7.0,14.0,1399.0,83 Sormany Road,
2 Bedroom Apartment,870000.0,2.0,2.0,1.0,,81 Eton Road,
3 Bedroom Townhouse,780000.0,3.0,2.0,2.0,2045.0,,
4 Bedroom House,3500000.0,4.0,3.0,1.0,1464.0,,
4 Bedroom House,4800000.0,4.0,45.0,3.0,1278.0,48 Panorama Drive,
4 Bedroom Townhouse,2800000.0,4.0,4.0,4.0,195307.0,,
4 Bedroom Townhouse,1720000.0,4.0,2.0,1.0,,1 Ngwele Rd,
2 Bedroom House,540000.0,2.0,2.0,2.0,325.0,,
5 Bedroom House,999000.0,5.0,3.0,1.0,806.0,293 Alpine Drive,
2 Bedroom Apartment,480000.0,2.0,1.0,1.0,,,
2 Bedroom House,590000.0,2.0,1.0,1.0,,,
5 Bedroom House,9950000.0,5.0,45.0,7.0,1002.0,"Zimbali Estate, 26 Club Drive",
6 Bedroom House,760000.0,6.0,2.0,,258.0,,
24 Bedroom Apartment,13700000.0,24.0,,,,,
3 Bedroom Townhouse,780000.0,3.0,2.0,2.0,2045.0,,
3 Bedroom House,1100000.0,3.0,2.0,2.0,1844.0,165 Shad Road,
2 Bedroom Apartment,645000.0,2.0,1.0,1.0,,,
3 Bedroom House,1500000.0,3.0,2.0,12.0,522.0,107 Desai Crescent,
4 Bedroom House,2950000.0,4.0,4.0,14.0,1366.0,268 Lena Ahrens Road,
1 Bedroom Apartment,575000.0,1.0,1.0,,,613 Peter Mokaba Ridge Road,
3 Bedroom Townhouse,1597000.0,3.0,2.0,1.0,,2 Kay Road,
2 Bedroom Apartment,5850000.0,2.0,2.0,1.0,,8 Lagoon Drive,
2 Bedroom Apartment,460000.0,2.0,1.0,1.0,,7 Uplands Road,
3 Bedroom Apartment,4500000.0,3.0,4.0,4.0,,"4 Ss Artego Bay, 19 Nkwazi Drive",
2 Bedroom Apartment,1600000.0,2.0,2.0,2.0,,57 Ballito Village,
4 Bedroom House,1400000.0,4.0,25.0,3.0,,,
2 Bedroom Apartment,1650000.0,2.0,2.0,2.0,,"12,18 Ss Le Boulevard, 47 Aurora Drive",
3 Bedroom House,2350000.0,3.0,3.0,5.0,1135.0,,
3 Bedroom Apartment,5850000.0,3.0,25.0,4.0,,1 Sicklebush Lane,
2 Bedroom Apartment,2200000.0,2.0,2.0,2.0,,2 Main Road,
4 Bedroom House,2950000.0,4.0,4.0,14.0,1366.0,268 Lena Ahrens Road,
Apartment,745000.0,,1.0,2.0,,105 School Road,
5 Bedroom House,2750000.0,5.0,4.0,2.0,1331.0,14 Honeysuckle Place,
3 Bedroom Apartment,1695000.0,3.0,2.0,2.0,,"Ss 5 Ss Wellington Lodge, 16 Hamilton Crescent",
3 Bedroom Townhouse,2850000.0,3.0,3.0,2.0,24074.0,"24 Ss Cedar Ridge, 37 Jan Hofmeyer Road",
3 Bedroom Townhouse,1650000.0,3.0,2.0,5.0,1909.0,"5 Ss Abbeylea, 117 Marine Terrace",
3 Bedroom House,1595000.0,3.0,4.0,9.0,957.0,9 Dahlia Road,
3 Bedroom Townhouse,1685000.0,3.0,2.0,6.0,6.0,,
3 Bedroom Apartment,1650000.0,3.0,2.0,2.0,,570 Peter Mokaba Ridge,
3 Bedroom House,1150000.0,3.0,1.0,1.0,975.0,,
1 Bedroom Apartment,2250000.0,1.0,1.0,1.0,,,
3 Bedroom Townhouse,5900000.0,3.0,2.0,2.0,188.0,35 Sheffield Beach Road,
2 Bedroom Apartment,1270000.0,2.0,2.0,1.0,,,
1 Bedroom Apartment,,1.0,1.0,1.0,,"Door No 303, Millennium Towers, 8 Solstice Road, Gateway",
3 Bedroom House,3000000.0,3.0,2.0,4.0,4098.0,,
2 Bedroom House,650000.0,2.0,1.0,2.0,1012.0,49 Saville Road,
5 Bedroom House,21995000.0,5.0,6.0,16.0,1550.0,631 Musgrave Road,
3 Bedroom Apartment,2185000.0,3.0,2.0,3.0,,81 Bellevue Rd,
4 Bedroom Apartment,2800000.0,4.0,5.0,1.0,,,
2.5 Bedroom House,1895000.0,25.0,1.0,3.0,601.0,,
3 Bedroom House,4200000.0,3.0,2.0,3.0,2007.0,,
5 Bedroom House,1850000.0,5.0,35.0,2.0,1276.0,7 Gall Road,
1.5 Bedroom Apartment,1150000.0,15.0,5.0,1.0,,333 Musgrave Road,
3 Bedroom Apartment,1299000.0,3.0,2.0,2.0,,,
1 Bedroom Apartment,830000.0,1.0,1.0,1.0,,,
3 Bedroom Apartment,6995000.0,3.0,3.0,2.0,,,
2 Bedroom Apartment,1270000.0,2.0,2.0,1.0,,,
3 Bedroom House,3250000.0,3.0,2.0,2.0,1647.0,,
3 Bedroom Apartment,1750000.0,3.0,3.0,2.0,,,
3 Bedroom Townhouse,899000.0,3.0,1.0,1.0,,,
2 Bedroom Apartment,4300000.0,2.0,25.0,2.0,,,
House,950000.0,,,,,,
4 Bedroom House,1200000.0,4.0,3.0,1.0,263.0,,
2 Bedroom House,850000.0,2.0,15.0,1.0,1821.0,,
2 Bedroom Apartment,1850000.0,2.0,2.0,1.0,,,
3 Bedroom House,1050000.0,3.0,2.0,3.0,300.0,,
3 Bedroom Apartment,790000.0,3.0,2.0,,,,
3 Bedroom House,1650000.0,3.0,3.0,2.0,1036.0,,
Apartment,325000.0,,1.0,,,,
4 Bedroom Townhouse,3700000.0,4.0,35.0,2.0,42603.0,,
4 Bedroom House,4450000.0,4.0,3.0,2.0,,,
2 Bedroom Apartment,3200000.0,2.0,2.0,2.0,,,
1 Bedroom Apartment,570000.0,1.0,1.0,2.0,,,
4 Bedroom House,2300000.0,4.0,3.0,1.0,1005.0,,
2 Bedroom Apartment,890000.0,2.0,1.0,2.0,,,
4 Bedroom House,2300000.0,4.0,3.0,1.0,1005.0,,
3 Bedroom House,1249000.0,3.0,2.0,8.0,,,
3 Bedroom House,785000.0,3.0,1.0,4.0,226.0,,
3 Bedroom House,3200000.0,3.0,2.0,4.0,608.0,,
2 Bedroom House,895000.0,2.0,1.0,3.0,1482.0,,
2 Bedroom House,2330000.0,2.0,2.0,2.0,1500.0,,
10 Bedroom House,1650000.0,10.0,6.0,3.0,,,
4 Bedroom Townhouse,5500000.0,4.0,3.0,2.0,10856.0,"56 Marine Drive, 27 Coralhead",
3 Bedroom Apartment,3599000.0,3.0,25.0,2.0,,,
1 Bedroom Apartment,1500000.0,1.0,1.0,1.0,,"604 Yarningdale, 199 Marine Parade",
4 Bedroom Townhouse,1805000.0,4.0,3.0,2.0,15.0,,
10 Bedroom House,1650000.0,10.0,6.0,3.0,,,
4 Bedroom House,4495000.0,4.0,2.0,3.0,1012.0,,
5 Bedroom House,2950000.0,5.0,3.0,2.0,1356.0,,
4 Bedroom House,8121103.0,4.0,45.0,2.0,,1 Main Road,
4 Bedroom House,5750000.0,4.0,4.0,12.0,1789.0,,
3 Bedroom House,1090000.0,3.0,1.0,2.0,240.0,,
3 Bedroom Townhouse,4950000.0,3.0,3.0,2.0,,,
2 Bedroom Apartment,890000.0,2.0,1.0,1.0,,"25 Tugela Court, 317 Avondale Road",
2 Bedroom Apartment,1025000.0,2.0,1.0,1.0,,45 Ellcock Road,
2 Bedroom Apartment,6605000.0,2.0,2.0,1.0,,,
3 Bedroom House,798000.0,3.0,2.0,2.0,131.0,,
2 Bedroom Apartment,7490000.0,2.0,25.0,1.0,,,
6 Bedroom House,2650000.0,6.0,4.0,3.0,2027.0,,
3 Bedroom House,2500000.0,3.0,2.0,2.0,5017.0,,
3 Bedroom Townhouse,1210000.0,3.0,2.0,2.0,,,
2 Bedroom House,795000.0,2.0,1.0,1.0,130.0,,
3 Bedroom House,1295000.0,3.0,2.0,1.0,,,
1 Bedroom Apartment,465000.0,1.0,1.0,1.0,,,
3 Bedroom Apartment,1995000.0,3.0,2.0,2.0,,,
2 Bedroom Apartment,1250000.0,2.0,2.0,1.0,,,
2 Bedroom Apartment,1650000.0,2.0,15.0,1.0,,,
5 Bedroom House,899000.0,5.0,3.0,2.0,518.0,,
3 Bedroom Townhouse,1350000.0,3.0,2.0,2.0,,19 Kenmuir Street,
3 Bedroom Townhouse,2385000.0,3.0,2.0,3.0,,,
2 Bedroom Apartment,920000.0,2.0,2.0,2.0,,,
3 Bedroom House,1400000.0,3.0,3.0,3.0,1033.0,,
2 Bedroom Townhouse,350000.0,2.0,2.0,2.0,,,
4 Bedroom Apartment,2100000.0,4.0,3.0,2.0,,,
6 Bedroom House,2500000.0,6.0,4.0,6.0,3069.0,,
2 Bedroom Apartment,830000.0,2.0,1.0,1.0,,,
0.5 Bedroom House,850000.0,5.0,1.0,,964.0,,
2 Bedroom Townhouse,875000.0,2.0,15.0,1.0,,,
1 Bedroom Townhouse,900000.0,1.0,,,958.0,,
3 Bedroom House,1400000.0,3.0,3.0,3.0,1033.0,,
3 Bedroom House,1550000.0,3.0,2.0,2.0,566.0,,
4 Bedroom House,2665000.0,4.0,3.0,4.0,2114.0,,
3 Bedroom House,2750000.0,3.0,3.0,1.0,1012.0,,
2 Bedroom Apartment,6700650.0,2.0,2.0,3.0,49925.0,,
1 Bedroom Apartment,550000.0,1.0,1.0,,,,
1 Bedroom Apartment,930000.0,1.0,1.0,1.0,,,
2 Bedroom Apartment,1049000.0,2.0,2.0,,61.0,,
5 Bedroom House,1800000.0,5.0,3.0,,954.0,,
3 Bedroom Apartment,4495000.0,3.0,25.0,2.0,,,
3 Bedroom House,2000000.0,3.0,1.0,3.0,,,
4 Bedroom House,2390000.0,4.0,3.0,6.0,934.0,,
2 Bedroom Apartment,2150000.0,2.0,2.0,1.0,,,
3 Bedroom Apartment,2000000.0,3.0,2.0,1.0,,,
1 Bedroom Apartment,550000.0,1.0,1.0,,,,
3 Bedroom House,4500000.0,3.0,3.0,3.0,22.0,,
3 Bedroom House,1100000.0,3.0,1.0,2.0,307.0,,
3 Bedroom Apartment,860000.0,3.0,2.0,1.0,,,
2 Bedroom House,350000.0,2.0,1.0,1.0,266.0,,
2 Bedroom Apartment,2100000.0,2.0,2.0,2.0,,,
2 Bedroom Apartment,1199000.0,2.0,1.0,2.0,,,
3 Bedroom House,2735000.0,3.0,2.0,8.0,867.0,,
2 Bedroom Apartment,550000.0,2.0,1.0,,,,
3 Bedroom House,1050000.0,3.0,2.0,2.0,453.0,,
3 Bedroom Apartment,3920000.0,3.0,2.0,5.0,,"322 On Boulevard, 9 Albizia",
3 Bedroom Apartment,2490000.0,3.0,2.0,2.0,,,
3 Bedroom House,950000.0,3.0,1.0,,194.0,,
2 Bedroom Townhouse,975000.0,2.0,1.0,,6242.0,,
2 Bedroom Townhouse,1125000.0,2.0,1.0,2.0,16890.0,,
3 Bedroom Apartment,2850000.0,3.0,2.0,2.0,,"401 98 On Gordon, 98 Gordon Road",
3 Bedroom House,2950000.0,3.0,3.0,4.0,512.0,"1 Sunrise Boulevard, Shelly Beach",
3 Bedroom House,895000.0,3.0,1.0,,985.0,,
2 Bedroom Apartment,3890000.0,2.0,2.0,4.0,,"11 One On Seaton, 1 Seaton Road",
4 Bedroom House,1545000.0,4.0,2.0,2.0,509.0,,
1 Bedroom Apartment,797500.0,1.0,1.0,,,"27 Marlborough, 27 OR Tambo Parade",
5 Bedroom House,12500000.0,5.0,5.0,4.0,1267.0,,
4 Bedroom House,2795000.0,4.0,4.0,10.0,1142.0,,
2 Bedroom Apartment,980000.0,2.0,2.0,1.0,,,
3 Bedroom House,1499000.0,3.0,2.0,7.0,960.0,,
3 Bedroom Apartment,2350000.0,3.0,3.0,1.0,,,
2.5 Bedroom Apartment,1095000.0,25.0,15.0,2.0,,,
1 Bedroom Apartment,797500.0,1.0,1.0,,,"27 Marlborough, 27 OR Tambo Parade",
2 Bedroom Townhouse,1995000.0,2.0,15.0,1.0,,5 Ratoon Hills Road,
3 Bedroom Townhouse,7195000.0,3.0,3.0,4.0,6687.0,"2 Ss THE Plantations, 67 Tinderwood Close, 2 The Plantations",
4 Bedroom House,1795000.0,4.0,2.0,6.0,1168.0,,
3 Bedroom Apartment,32000000.0,3.0,3.0,3.0,,"6 The Pearls, 6 Lagoon Drive",
2 Bedroom Apartment,550000.0,2.0,1.0,2.0,,,
4 Bedroom House,1895000.0,4.0,2.0,7.0,762.0,,
5 Bedroom House,3499000.0,5.0,5.0,1.0,864.0,19 Broad Way,
3 Bedroom Townhouse,1900000.0,3.0,3.0,2.0,,Bellevue Road Musgrave,
2 Bedroom Apartment,695000.0,2.0,1.0,1.0,,"6 Ss San Marina, 50 Marina Drive",
2 Bedroom Apartment,1150000.0,2.0,1.0,1.0,,,
4 Bedroom Townhouse,5450000.0,4.0,3.0,4.0,346.0,,
4 Bedroom House,1600000.0,4.0,4.0,1.0,455.0,,
2 Bedroom Apartment,1875000.0,2.0,2.0,3.0,,,
1 Bedroom Apartment,2625000.0,1.0,1.0,1.0,,,
3 Bedroom Townhouse,1900000.0,3.0,3.0,2.0,,Bellevue Road Musgrave,
5 Bedroom House,2550000.0,5.0,5.0,8.0,2035.0,,
3 Bedroom Apartment,3995000.0,3.0,2.0,2.0,,,
2 Bedroom Apartment,1200000.0,2.0,2.0,2.0,,,
2 Bedroom Apartment,5500000.0,2.0,2.0,2.0,,,
7 Bedroom House,970000.0,7.0,6.0,3.0,2846.0,,
5 Bedroom House,7500000.0,5.0,5.0,6.0,1096.0,,
Apartment,1330000.0,,1.0,,,,
1 Bedroom Apartment,599000.0,1.0,1.0,1.0,,,
5 Bedroom House,3800000.0,5.0,35.0,4.0,1371.0,,
4 Bedroom Apartment,899000.0,4.0,2.0,1.0,4179.0,,
3 Bedroom Apartment,9800000.0,3.0,3.0,2.0,,,
1 Bedroom Apartment,1655375.0,1.0,1.0,1.0,,,
2 Bedroom Apartment,1750000.0,2.0,2.0,1.0,,,
2.5 Bedroom Apartment,1200000.0,25.0,15.0,3.0,,,
3 Bedroom House,599000.0,3.0,1.0,3.0,,,
3 Bedroom Apartment,9800000.0,3.0,3.0,2.0,,,
4 Bedroom House,6800000.0,4.0,3.0,9.0,2800.0,,
3 Bedroom Townhouse,1550000.0,3.0,2.0,2.0,,,
3 Bedroom House,750000.0,3.0,15.0,2.0,1012.0,,
2 Bedroom Apartment,2650000.0,2.0,1.0,1.0,,,
2 Bedroom Apartment,830000.0,2.0,2.0,2.0,,,
2 Bedroom Apartment,1850000.0,2.0,2.0,2.0,,,
2 Bedroom Townhouse,1400000.0,2.0,2.0,1.0,4047.0,,
3 Bedroom House,450000.0,3.0,1.0,,827.0,,
2 Bedroom Townhouse,899000.0,2.0,2.0,3.0,8590.0,,
2 Bedroom Apartment,3350000.0,2.0,2.0,1.0,,,
3 Bedroom House,5990000.0,3.0,35.0,4.0,,,
3 Bedroom House,1650000.0,3.0,2.0,,657.0,,
1 Bedroom Apartment,1550000.0,1.0,1.0,2.0,,,
3 Bedroom House,995000.0,3.0,1.0,2.0,294.0,,
3 Bedroom House,,3.0,2.0,6.0,1197.0,,
3 Bedroom House,995000.0,3.0,2.0,2.0,227.0,,
2 Bedroom Apartment,4165000.0,2.0,2.0,1.0,,9 East Row,
3 Bedroom Apartment,950000.0,3.0,2.0,1.0,,,
4 Bedroom House,2625000.0,4.0,3.0,2.0,2409.0,,
4 Bedroom House,12950000.0,4.0,4.0,7.0,1656.0,,
4 Bedroom House,2650000.0,4.0,35.0,6.0,1200.0,,
4 Bedroom Townhouse,4500000.0,4.0,4.0,6.0,5229.0,,
2 Bedroom Townhouse,1700000.0,2.0,1.0,2.0,81850.0,,
3 Bedroom House,1285000.0,3.0,2.0,2.0,1702.0,,
3 Bedroom House,490000.0,3.0,1.0,1.0,,,
4 Bedroom House,5495000.0,4.0,3.0,2.0,,,
3 Bedroom House,7999000.0,3.0,3.0,4.0,359.0,11 Mount Cotton Blvd,
4 Bedroom Apartment,1199000.0,4.0,2.0,2.0,,,
4 Bedroom House,2485000.0,4.0,2.0,5.0,2835.0,,
4 Bedroom House,700000.0,4.0,1.0,2.0,200.0,,
4 Bedroom Apartment,1199000.0,4.0,2.0,2.0,,,
2 Bedroom Apartment,795000.0,2.0,2.0,2.0,,,
2 Bedroom Townhouse,1275000.0,2.0,1.0,2.0,11.0,,
5 Bedroom House,16500000.0,5.0,5.0,12.0,1119.0,23 Ndudumo Circle,
1 Bedroom Apartment,525000.0,1.0,1.0,1.0,,,
3 Bedroom Townhouse,2350000.0,3.0,2.0,1.0,198.0,,
2 Bedroom Apartment,890000.0,2.0,1.0,1.0,,,
2 Bedroom Apartment,720000.0,2.0,2.0,,,,
3 Bedroom Townhouse,900000.0,3.0,2.0,3.0,238311.0,,
3 Bedroom Apartment,5550000.0,3.0,2.0,1.0,,,
2 Bedroom Apartment,1150000.0,2.0,2.0,2.0,,,
2 Bedroom Apartment,1730000.0,2.0,1.0,,,,
4 Bedroom Apartment,1630000.0,4.0,2.0,3.0,,,
4 Bedroom House,,4.0,25.0,3.0,,,
2 Bedroom Apartment,715000.0,2.0,1.0,1.0,,,
6 Bedroom House,2050000.0,6.0,4.0,8.0,2169.0,,
3 Bedroom Townhouse,3695000.0,3.0,2.0,2.0,257.0,"5 Ss THE Links At Kindlewood, 98 Edgeview Drive",
3 Bedroom Apartment,930000.0,3.0,2.0,1.0,,,
6 Bedroom House,2050000.0,6.0,4.0,8.0,2169.0,,
2 Bedroom Apartment,449000.0,2.0,1.0,2.0,,Spurside in Phoenix,
3 Bedroom Apartment,9150000.0,3.0,3.0,3.0,,,
3 Bedroom Apartment,6150000.0,3.0,2.0,2.0,,,
2 Bedroom Apartment,3215000.0,2.0,2.0,1.0,,,
2 Bedroom Apartment,3059367.0,2.0,2.0,1.0,,,
3 Bedroom Apartment,11200000.0,3.0,3.0,2.0,,,
3 Bedroom Apartment,5000000.0,3.0,3.0,2.0,,,
11 Bedroom House,2450000.0,11.0,8.0,14.0,,,
6 Bedroom Apartment,3950000.0,6.0,35.0,4.0,,"34 Sovereign Sands, 20 Salmon Avenue",
3 Bedroom House,890000.0,3.0,2.0,1.0,1351.0,561 Boulevard West Road,
3 Bedroom House,1650000.0,3.0,3.0,3.0,696.0,,
0.5 Bedroom Apartment,430000.0,5.0,1.0,,,,
4 Bedroom House,1950000.0,4.0,2.0,4.0,941.0,,
3 Bedroom Townhouse,3550000.0,3.0,2.0,2.0,,"13 Corniche, 27 Marine Drive",
3 Bedroom Apartment,3550000.0,3.0,2.0,2.0,,,
3 Bedroom Apartment,1100000.0,3.0,2.0,1.0,,,
3 Bedroom Townhouse,1300000.0,3.0,2.0,2.0,935.0,,
2 Bedroom Apartment,2500000.0,2.0,1.0,1.0,,"1 Albizia Drive, Zimbali Lakes",
2 Bedroom Apartment,1200000.0,2.0,1.0,1.0,,"A210 Ss Manhattan Mews, 69 Meridian Drive",
3 Bedroom Townhouse,1875000.0,3.0,2.0,4.0,5170.0,5 Monarch Road,
2 Bedroom Apartment,860000.0,2.0,2.0,1.0,,2 Lilliecrona Boulevard,
3 Bedroom House,4200000.0,3.0,4.0,9.0,,,
3 Bedroom Townhouse,1875000.0,3.0,2.0,4.0,5170.0,5 Monarch Road,
3 Bedroom House,1830000.0,3.0,2.0,18.0,959.0,,
6 Bedroom House,2100000.0,6.0,4.0,10.0,2135.0,,
2 Bedroom House,820000.0,2.0,1.0,,297.0,,
3 Bedroom Townhouse,1250000.0,3.0,3.0,1.0,,64 Colin Street,
2 Bedroom House,2500000.0,2.0,1.0,1.0,58.0,"1 Albizia Drive, Zimbali Lakes",
4 Bedroom House,3950000.0,4.0,3.0,2.0,4000.0,6 Mziki Estate R103,
2 Bedroom Townhouse,1490000.0,2.0,2.0,1.0,11262.0,,
5 Bedroom House,2490000.0,5.0,4.0,2.0,2810.0,,
2 Bedroom Apartment,620000.0,2.0,1.0,1.0,,,
2 Bedroom Townhouse,1325000.0,2.0,15.0,2.0,24.0,,
4 Bedroom Apartment,6995000.0,4.0,3.0,2.0,,,
2 Bedroom Apartment,6900000.0,2.0,25.0,2.0,,,
2 Bedroom Townhouse,1325000.0,2.0,15.0,2.0,24.0,,
3 Bedroom House,920000.0,3.0,2.0,3.0,114.0,,
2 Bedroom Apartment,1750000.0,2.0,1.0,1.0,,,
2 Bedroom Apartment,750000.0,2.0,15.0,2.0,,,
2 Bedroom Apartment,1199000.0,2.0,2.0,,,,
3 Bedroom House,3250000.0,3.0,2.0,2.0,300.0,,
3 Bedroom House,1200000.0,3.0,1.0,3.0,1622.0,,
3 Bedroom House,800000.0,3.0,1.0,2.0,735.0,,
1 Bedroom Apartment,695000.0,1.0,1.0,,,158 Innes Road,
2 Bedroom Apartment,1150000.0,2.0,25.0,1.0,,54 Margaret Mncadi Avenue,
3 Bedroom House,1750000.0,3.0,2.0,,864.0,,
3 Bedroom Apartment,5295000.0,3.0,2.0,2.0,,"5 Ss Beachcombers, 102 Compensation Beach Road, Unit 5 Beachcombers",
3 Bedroom Townhouse,6250000.0,3.0,3.0,4.0,,,
4 Bedroom House,4300000.0,4.0,2.0,4.0,1739.0,,
2 Bedroom Townhouse,880000.0,2.0,2.0,1.0,19052.0,,
2 Bedroom Apartment,899000.0,2.0,1.0,2.0,,,
3 Bedroom House,1680000.0,3.0,2.0,3.0,414.0,,
4 Bedroom House,1350000.0,4.0,2.0,5.0,372.0,,
3 Bedroom Apartment,3450000.0,3.0,3.0,2.0,,,
3 Bedroom Apartment,1200000.0,3.0,2.0,2.0,,,
1 Bedroom Apartment,850000.0,1.0,1.0,2.0,,,
2 Bedroom Apartment,895000.0,2.0,1.0,2.0,,,
3 Bedroom House,850000.0,3.0,1.0,4.0,650.0,,
4 Bedroom House,1799000.0,4.0,2.0,1.0,800.0,,
1 Bedroom Apartment,610000.0,1.0,1.0,1.0,,,
House,3250000.0,,,,1689.0,,
3 Bedroom House,1550000.0,3.0,2.0,4.0,1500.0,,
3 Bedroom Townhouse,995000.0,3.0,2.0,2.0,,,
3 Bedroom Apartment,1950000.0,3.0,2.0,3.0,,,
3 Bedroom Apartment,3450000.0,3.0,3.0,2.0,,,
3 Bedroom Apartment,1195000.0,3.0,15.0,1.0,,,
1 Bedroom Apartment,3499999.0,1.0,1.0,1.0,84.0,8 Lagoon Drive,
2 Bedroom Townhouse,840000.0,2.0,2.0,2.0,4159.0,,
9 Bedroom House,2150000.0,9.0,2.0,12.0,963.0,,
1 Bedroom Apartment,350000.0,1.0,1.0,,,,
5 Bedroom House,4230000.0,5.0,5.0,5.0,1154.0,,
2 Bedroom Apartment,810000.0,2.0,1.0,1.0,,,
1.5 Bedroom Apartment,595000.0,15.0,1.0,1.0,,"39 and 51 Ss Inkonka, 50 Bushlands Road",
3 Bedroom Townhouse,1200000.0,3.0,2.0,2.0,,,
2 Bedroom Apartment,680000.0,2.0,15.0,1.0,,,
2 Bedroom Apartment,3200000.0,2.0,2.0,3.0,,"21 Forest View, 1 Elaleni",
3 Bedroom House,1180000.0,3.0,1.0,1.0,,,
3 Bedroom House,2400000.0,3.0,25.0,1.0,2358.0,100 Abelia Road,
4 Bedroom House,1750000.0,4.0,3.0,2.0,1420.0,,
2 Bedroom Apartment,680000.0,2.0,15.0,1.0,,,
4 Bedroom House,9250000.0,4.0,45.0,4.0,1112.0,Contact Agent for Address,
2 Bedroom Apartment,1450000.0,2.0,2.0,1.0,,,
3 Bedroom Townhouse,4600000.0,3.0,2.0,2.0,364897.0,100 Acutt Drive,
1 Bedroom Apartment,475000.0,1.0,1.0,1.0,,,
7 Bedroom House,3350000.0,7.0,7.0,1.0,989.0,65 Ettrick Road,
2 Bedroom House,535000.0,2.0,1.0,1.0,340.0,,
2 Bedroom Apartment,2195000.0,2.0,2.0,2.0,,,
4 Bedroom House,3500000.0,4.0,2.0,5.0,4000.0,98 Boschfontein Farm 901/98,
2 Bedroom Apartment,2000000.0,2.0,2.0,1.0,,,
3 Bedroom House,1450000.0,3.0,2.0,3.0,585.0,,
5 Bedroom House,5900000.0,5.0,3.0,12.0,11096.0,,
4 Bedroom House,2500000.0,4.0,3.0,2.0,757.0,,
2 Bedroom Apartment,1295000.0,2.0,15.0,2.0,,"11 Vauseglen, 52 Vause Road",
3 Bedroom Townhouse,8950000.0,3.0,35.0,2.0,6198.0,"17 Ss Oceans Edge, 15-17 Leadwood Loop, Unit 17 Oceans Edge",
4 Bedroom Apartment,2695000.0,4.0,2.0,2.0,,29 Marine Drive,
5 Bedroom House,1595000.0,5.0,35.0,8.0,946.0,,
3 Bedroom Townhouse,975000.0,3.0,2.0,2.0,6826.0,,
2 Bedroom Apartment,890000.0,2.0,2.0,1.0,,709 Simpson Road,
3 Bedroom House,1600000.0,3.0,2.0,2.0,926.0,,
3 Bedroom House,1350000.0,3.0,2.0,4.0,926.0,27 Whitfield Drive,
2 Bedroom House,4725000.0,2.0,2.0,2.0,,,
6 Bedroom House,16000000.0,6.0,65.0,8.0,1748.0,,
1 Bedroom Apartment,500000.0,1.0,1.0,,,21 Prince Street,
6 Bedroom House,16000000.0,6.0,65.0,8.0,1748.0,,
3 Bedroom House,3950000.0,3.0,2.0,6.0,1275.0,,
2 Bedroom Townhouse,850000.0,2.0,1.0,2.0,55.0,,
3 Bedroom Apartment,4500000.0,3.0,35.0,2.0,,"15 Ss Kauai, 7 Tinderwood Close, Unit 15 Kauai",
2 Bedroom Townhouse,1175000.0,2.0,2.0,1.0,4019.0,,
5 Bedroom House,1450000.0,5.0,3.0,4.0,2781.0,35 Palm Grove,
3 Bedroom Apartment,2850000.0,3.0,25.0,2.0,,37 Peter Mokaba Ridge,
4 Bedroom House,8400000.0,4.0,4.0,4.0,1605.0,,
2 Bedroom Apartment,2999000.0,2.0,25.0,2.0,,"44 Brettenwood Lakes, 107 Honeyguide Way",
2 Bedroom Apartment,695000.0,2.0,2.0,1.0,,,
2 Bedroom Townhouse,800000.0,2.0,2.0,2.0,2215.0,,
4 Bedroom House,2800000.0,4.0,25.0,1.0,932.0,,
3 Bedroom House,4250000.0,3.0,3.0,6.0,,,
2 Bedroom Townhouse,3900000.0,2.0,2.0,2.0,,,
4 Bedroom House,1100000.0,4.0,2.0,2.0,399.0,,
3 Bedroom House,1799000.0,3.0,2.0,6.0,448.0,,
4 Bedroom House,1240000.0,4.0,2.0,3.0,,,
3 Bedroom Apartment,695000.0,3.0,1.0,1.0,,,
2 Bedroom Townhouse,2950000.0,2.0,2.0,2.0,,,
3 Bedroom House,1800000.0,3.0,3.0,2.0,1012.0,,
2 Bedroom Apartment,695000.0,2.0,1.0,1.0,,,
3 Bedroom House,1500000.0,3.0,4.0,2.0,1100.0,,
0.5 Bedroom Apartment,699000.0,5.0,1.0,,44.0,,
3 Bedroom Apartment,2600000.0,3.0,2.0,2.0,,,
3 Bedroom House,570000.0,3.0,1.0,2.0,986.0,,
3 Bedroom Apartment,3150000.0,3.0,2.0,2.0,,,
3 Bedroom Apartment,695000.0,3.0,1.0,1.0,,,
5 Bedroom Apartment,8795000.0,5.0,45.0,4.0,,,
2.5 Bedroom Apartment,895000.0,25.0,15.0,1.0,,,
4 Bedroom House,2790000.0,4.0,2.0,3.0,1347.0,,
3 Bedroom House,1195000.0,3.0,1.0,1.0,,,
3 Bedroom Apartment,2490000.0,3.0,2.0,,,,
3 Bedroom House,2150000.0,3.0,2.0,3.0,1399.0,,
3 Bedroom House,880000.0,3.0,1.0,3.0,1539.0,294 Santa Barbara Way,
3 Bedroom House,720000.0,3.0,1.0,1.0,264.0,,
4 Bedroom House,3200000.0,4.0,1.0,,6039.0,7a Horseshoe Road,
3 Bedroom House,1850000.0,3.0,3.0,10.0,902.0,55 Zinnia Street,
3 Bedroom House,3450000.0,3.0,2.0,4.0,461.0,44 Geneva Crescent,
1 Bedroom Apartment,525000.0,1.0,1.0,1.0,,,
5 Bedroom House,8500000.0,5.0,4.0,4.0,2000.0,,
3 Bedroom House,1350000.0,3.0,2.0,2.0,1790.0,,
4 Bedroom House,13950000.0,4.0,45.0,2.0,1002.0,,
2 Bedroom Apartment,585000.0,2.0,1.0,1.0,,"41 Sunset Beach, 1 Nicolson Avenue",
4 Bedroom House,1520000.0,4.0,3.0,5.0,1502.0,,
3 Bedroom House,3750000.0,3.0,25.0,2.0,676.0,,
2 Bedroom Townhouse,831000.0,2.0,1.0,1.0,,,
3 Bedroom House,880000.0,3.0,1.0,3.0,1539.0,294 Santa Barbara Way,
4 Bedroom House,2190000.0,4.0,4.0,4.0,4054.0,27 Knox Gore Road,
2 Bedroom Apartment,770000.0,2.0,1.0,2.0,,,
4 Bedroom House,950000.0,4.0,2.0,4.0,297.0,,
2 Bedroom Apartment,980000.0,2.0,1.0,1.0,,181 Kingsway Street,
3 Bedroom Apartment,4200000.0,3.0,2.0,2.0,,No2 Tobago 45 North Beach Road,
2 Bedroom Apartment,698000.0,2.0,1.0,1.0,,,
3 Bedroom House,2150000.0,3.0,2.0,2.0,639.0,,
Apartment,950000.0,,1.0,1.0,,"406 The Cube, 37 Zenith Drive",
2 Bedroom Apartment,3600000.0,2.0,2.0,3.0,,,
4 Bedroom Townhouse,3900000.0,4.0,5.0,3.0,,,
2 Bedroom House,650000.0,2.0,1.0,1.0,,,
1 Bedroom Apartment,1000000.0,1.0,1.0,1.0,,,
1 Bedroom Apartment,580000.0,1.0,1.0,1.0,,,
3 Bedroom Apartment,1240000.0,3.0,2.0,2.0,,,
2 Bedroom Apartment,850000.0,2.0,2.0,2.0,,,
5 Bedroom House,2500000.0,5.0,3.0,4.0,,,
3 Bedroom Townhouse,2190000.0,3.0,2.0,4.0,,,
4 Bedroom House,1650000.0,4.0,3.0,1.0,819.0,,
3 Bedroom Apartment,3795000.0,3.0,2.0,4.0,,,
6 Bedroom House,5830000.0,6.0,6.0,1.0,1074.0,,
4 Bedroom Townhouse,8995000.0,4.0,45.0,4.0,,,
4 Bedroom House,1295000.0,4.0,3.0,4.0,1097.0,,
5 Bedroom House,2500000.0,5.0,3.0,4.0,,,
2 Bedroom Apartment,750000.0,2.0,15.0,1.0,,,
3 Bedroom House,1300000.0,3.0,3.0,9.0,1763.0,,
2 Bedroom Apartment,895000.0,2.0,2.0,1.0,,"132 Laguna La Crete, 153 Selvey Avenue",
3 Bedroom House,900000.0,3.0,2.0,1.0,1620.0,Mg 296 Mnini Trust,
3 Bedroom House,750000.0,3.0,1.0,6.0,325.0,,
4 Bedroom Apartment,6900000.0,4.0,25.0,2.0,,"C38 Sabuti, 4 Sicklebush Lane",
3 Bedroom House,1995000.0,3.0,2.0,4.0,1068.0,,
3 Bedroom House,950000.0,3.0,1.0,3.0,822.0,,
3 Bedroom House,950000.0,3.0,1.0,3.0,822.0,,
4 Bedroom House,1300000.0,4.0,2.0,3.0,961.0,,
2 Bedroom Apartment,3200000.0,2.0,2.0,2.0,7870.0,,
2 Bedroom Apartment,1845000.0,2.0,2.0,2.0,,,
2 Bedroom Apartment,699000.0,2.0,1.0,,,,
4 Bedroom House,750000.0,4.0,45.0,3.0,1528.0,,
3 Bedroom House,1595000.0,3.0,2.0,3.0,1217.0,,
2 Bedroom Townhouse,980000.0,2.0,1.0,1.0,,,
4 Bedroom House,5660000.0,4.0,35.0,2.0,32.0,3 The Reserve,
5 Bedroom House,2600000.0,5.0,3.0,5.0,958.0,,
4 Bedroom House,2900000.0,4.0,2.0,10.0,2432.0,,
3 Bedroom House,965000.0,3.0,2.0,,327.0,,
1 Bedroom Apartment,1395000.0,1.0,1.0,2.0,,,
2 Bedroom Apartment,795000.0,2.0,1.0,2.0,,,
4 Bedroom House,1360000.0,4.0,2.0,11.0,1263.0,,
3 Bedroom Townhouse,2100000.0,3.0,25.0,2.0,,,
2 Bedroom Apartment,1100000.0,2.0,2.0,2.0,,,
2 Bedroom Apartment,770000.0,2.0,2.0,2.0,,,
3 Bedroom Townhouse,2850000.0,3.0,2.0,4.0,3754.0,,
4 Bedroom House,2150000.0,4.0,3.0,3.0,1005.0,,
6 Bedroom House,4500000.0,6.0,4.0,6.0,1591.0,,
1 Bedroom Apartment,1499000.0,1.0,1.0,2.0,,,
3 Bedroom House,1000000.0,3.0,1.0,4.0,1009.0,,
3 Bedroom Apartment,4500000.0,3.0,3.0,2.0,,,
2 Bedroom Apartment,1100000.0,2.0,1.0,,,,
3 Bedroom Townhouse,2500000.0,3.0,2.0,2.0,7554.0,,
4 Bedroom House,1850000.0,4.0,3.0,4.0,1012.0,,
3 Bedroom Townhouse,1590000.0,3.0,2.0,1.0,10146.0,,
3 Bedroom Townhouse,1750000.0,3.0,2.0,3.0,,,
3 Bedroom House,1425000.0,3.0,1.0,,776.0,,
3 Bedroom Townhouse,2850000.0,3.0,2.0,4.0,3754.0,,
2 Bedroom Townhouse,400000.0,2.0,1.0,1.0,,,
2 Bedroom Apartment,1150000.0,2.0,1.0,2.0,,,
3 Bedroom Apartment,1080000.0,3.0,2.0,2.0,,,
3 Bedroom Apartment,1150000.0,3.0,2.0,1.0,,,
2 Bedroom Townhouse,895000.0,2.0,1.0,2.0,732.0,,
2 Bedroom Apartment,640000.0,2.0,1.0,1.0,,51 Marine Drive,
4 Bedroom House,6495000.0,4.0,35.0,8.0,1305.0,663 Currie Road,
2 Bedroom House,1195000.0,2.0,2.0,6.0,294.0,,
4 Bedroom House,4400000.0,4.0,45.0,4.0,12140.0,32 Valley,
1 Bedroom Apartment,1261500.0,1.0,1.0,1.0,,,
6 Bedroom House,11995000.0,6.0,6.0,2.0,1229.0,,
2 Bedroom Apartment,619900.0,2.0,1.0,1.0,,"Unit 29 Maxwell Court, 2 Beviss Road",
3 Bedroom Apartment,4095000.0,3.0,2.0,2.0,,,
3 Bedroom Townhouse,4500000.0,3.0,3.0,3.0,10012.0,,
3 Bedroom Townhouse,4750000.0,3.0,3.0,2.0,,,
3 Bedroom Townhouse,3640000.0,3.0,2.0,1.0,,2 Country Lane,
3 Bedroom Apartment,2950000.0,3.0,2.0,2.0,,"15 San Juan, 10 North Beach Road",
3 Bedroom Townhouse,4750000.0,3.0,3.0,2.0,,,
2 Bedroom House,2595000.0,2.0,2.0,9.0,923.0,,
4 Bedroom House,3400000.0,4.0,2.0,3.0,,5 Hillary Drive,
2 Bedroom Townhouse,1050000.0,2.0,1.0,2.0,,"14 Ss Cherry Lane, 129 Loon Road",
2 Bedroom Apartment,3675000.0,2.0,2.0,8.0,,"C103 Ethafeni, 1 Dragon Tree",
3 Bedroom Townhouse,2595000.0,3.0,3.0,2.0,,"13 Ss 197 On Lambert, 197 Lambert Road",
4 Bedroom House,14995000.0,4.0,45.0,6.0,991.0,14 Herald Drive,
2 Bedroom Townhouse,869000.0,2.0,2.0,2.0,89896.0,,
2 Bedroom Apartment,900000.0,2.0,1.0,2.0,,,
2 Bedroom House,1750000.0,2.0,2.0,4.0,704.0,,
5 Bedroom House,3000000.0,5.0,6.0,5.0,887.0,,
3 Bedroom Apartment,3475000.0,3.0,2.0,1.0,,,
2 Bedroom Apartment,875000.0,2.0,2.0,1.0,,1111 Marine Drive,
5 Bedroom House,890000.0,5.0,2.0,2.0,1041.0,,
1 Bedroom Apartment,360000.0,1.0,1.0,,,,
2 Bedroom House,795000.0,2.0,2.0,1.0,100.0,,
3 Bedroom Apartment,3200000.0,3.0,2.0,3.0,,1 South Beach,
7 Bedroom House,1961000.0,7.0,3.0,4.0,1407.0,,
2 Bedroom Apartment,2950000.0,2.0,1.0,,,25 Boulder Bay Lodge,
4 Bedroom Apartment,2000000.0,4.0,2.0,2.0,,2 Forrest Road,
4 Bedroom House,4500000.0,4.0,25.0,4.0,3790.0,,
3 Bedroom House,1400000.0,3.0,2.0,4.0,1115.0,,
3 Bedroom Apartment,7550000.0,3.0,2.0,2.0,,,
2 Bedroom Townhouse,895000.0,2.0,2.0,2.0,,,
3 Bedroom Townhouse,3950000.0,3.0,35.0,4.0,,,
3 Bedroom Apartment,4000000.0,3.0,2.0,2.0,,88 Lush Condos,
2 Bedroom House,500000.0,2.0,1.0,1.0,620.0,,
2 Bedroom House,500000.0,2.0,3.0,,620.0,,
4 Bedroom House,2590000.0,4.0,3.0,6.0,1319.0,,
2 Bedroom Apartment,2950000.0,2.0,1.0,,,25 Boulder Bay Lodge,
5 Bedroom House,8500000.0,5.0,4.0,15.0,575.0,"Glen Ormond, Erf 44 Wellington, R103,",
3 Bedroom House,1399000.0,3.0,2.0,1.0,510.0,,
4 Bedroom House,6600000.0,4.0,25.0,4.0,5281.0,,
1 Bedroom Apartment,775000.0,1.0,1.0,,,,
4 Bedroom House,1850000.0,4.0,3.0,2.0,1339.0,,
2 Bedroom Apartment,685000.0,2.0,1.0,1.0,,,
7 Bedroom House,2995000.0,7.0,4.0,6.0,2002.0,,
4 Bedroom House,1395000.0,4.0,2.0,2.0,,,
2 Bedroom Apartment,876000.0,2.0,2.0,,,,
6 Bedroom Townhouse,2700000.0,6.0,3.0,15.0,1703.0,,
5 Bedroom House,2950000.0,5.0,3.0,4.0,4000.0,,
2 Bedroom House,645000.0,2.0,15.0,4.0,466817.0,,
2 Bedroom Apartment,860000.0,2.0,2.0,1.0,,,
5 Bedroom House,1800000.0,5.0,3.0,3.0,605.0,,
5 Bedroom House,2950000.0,5.0,3.0,4.0,4000.0,,
4 Bedroom House,2100000.0,4.0,4.0,8.0,599.0,,
6 Bedroom House,1650000.0,6.0,2.0,6.0,42454.0,,
2 Bedroom Apartment,1190000.0,2.0,1.0,1.0,,,
2 Bedroom Apartment,890000.0,2.0,2.0,1.0,,,
2 Bedroom Apartment,810000.0,2.0,15.0,2.0,,,
4 Bedroom House,4000000.0,4.0,4.0,4.0,345.0,,
3 Bedroom House,3450000.0,3.0,35.0,2.0,22.0,,
3 Bedroom Townhouse,1100000.0,3.0,15.0,1.0,5946.0,,
2.5 Bedroom Apartment,700000.0,25.0,1.0,1.0,,,
1.5 Bedroom Apartment,,15.0,1.0,,,"Victoria Mansions, 124 Margaret Mncadi Avenue",
3 Bedroom Apartment,7250000.0,3.0,2.0,2.0,4047.0,,
3 Bedroom House,1295000.0,3.0,1.0,,343.0,,
2 Bedroom Apartment,920000.0,2.0,1.0,1.0,,,
3 Bedroom House,3295000.0,3.0,2.0,4.0,300.0,"Lalela Estate, 102 Sheffield Road",
4 Bedroom Townhouse,6195000.0,4.0,4.0,6.0,,,
2 Bedroom Townhouse,850000.0,2.0,2.0,1.0,68342.0,,
5 Bedroom House,2995000.0,5.0,2.0,4.0,2665.0,,
3 Bedroom House,1295000.0,3.0,1.0,,343.0,,
8 Bedroom House,2465000.0,8.0,4.0,2.0,,5 Frondosa,
3 Bedroom Apartment,980000.0,3.0,2.0,,,,
2 Bedroom Apartment,800000.0,2.0,1.0,1.0,,,
3 Bedroom Apartment,2580000.0,3.0,3.0,2.0,,,
3 Bedroom House,945000.0,3.0,2.0,3.0,1105.0,8 Venus Crescent,
2 Bedroom Apartment,3400000.0,2.0,2.0,1.0,,,
5 Bedroom House,2000000.0,5.0,2.0,1.0,433.0,,
3 Bedroom Apartment,5599999.0,3.0,3.0,2.0,,,
3 Bedroom House,1999000.0,3.0,2.0,3.0,1000.0,33 Mackerel,
1 Bedroom Apartment,670000.0,1.0,1.0,1.0,,84 Somtseu Road,
3 Bedroom House,985000.0,3.0,2.0,,480.0,,
3 Bedroom House,1180000.0,3.0,1.0,5.0,427.0,,
3 Bedroom Townhouse,1369000.0,3.0,2.0,2.0,4519.0,,
4 Bedroom House,1500000.0,4.0,2.0,2.0,1349.0,,
2 Bedroom Apartment,1395000.0,2.0,1.0,1.0,,,
3 Bedroom Apartment,845000.0,3.0,2.0,2.0,,,
2 Bedroom Apartment,1450000.0,2.0,2.0,2.0,,,
2 Bedroom Apartment,4000000.0,2.0,25.0,2.0,,,
1 Bedroom Apartment,4500000.0,1.0,1.0,1.0,,,
2 Bedroom Apartment,1025000.0,2.0,1.0,1.0,,,
2 Bedroom Apartment,3350000.0,2.0,2.0,2.0,,,
3 Bedroom House,1400000.0,3.0,3.0,2.0,419.0,,
10 Bedroom House,2995000.0,10.0,9.0,10.0,1925.0,,
4 Bedroom Townhouse,6299000.0,4.0,45.0,8.0,1917.0,,
2 Bedroom Townhouse,1076000.0,2.0,2.0,,24564.0,,
2 Bedroom Apartment,699000.0,2.0,2.0,1.0,,,
2 Bedroom Apartment,2200000.0,2.0,1.0,1.0,,,
3 Bedroom House,1200000.0,3.0,15.0,,1065.0,,
3 Bedroom Townhouse,399500.0,3.0,2.0,1.0,14334.0,,
2 Bedroom Townhouse,1076000.0,2.0,2.0,,24564.0,,
3 Bedroom Townhouse,1199000.0,3.0,25.0,2.0,,35 Rif Road,
5 Bedroom House,2995000.0,5.0,2.0,28.0,1818.0,,
4 Bedroom House,11950000.0,4.0,3.0,4.0,1280.0,,
4 Bedroom House,750000.0,4.0,2.0,3.0,286.0,,
3 Bedroom Townhouse,3450000.0,3.0,2.0,4.0,,"18 Ss Forest Ridge, 59 Marine Drive",
3 Bedroom Apartment,1795000.0,3.0,2.0,3.0,,,
2 Bedroom Apartment,600000.0,2.0,1.0,1.0,,9 Hibiscus Avenue,
1 Bedroom Apartment,680000.0,1.0,1.0,,,5 Ripley Terrace,
3 Bedroom Apartment,900000.0,3.0,2.0,1.0,,141 Marine Drive,
5 Bedroom House,4200000.0,5.0,4.0,2.0,3716.0,18 Msonti Road,
4 Bedroom House,850000.0,4.0,2.0,2.0,283.0,,
3 Bedroom Apartment,855000.0,3.0,2.0,1.0,,8 Panorama Parade,
1 Bedroom Apartment,680000.0,1.0,1.0,,,5 Ripley Terrace,
3 Bedroom House,4595000.0,3.0,25.0,12.0,699.0,,
3 Bedroom House,10300000.0,3.0,3.0,2.0,266.0,2 Vuna Close,
3 Bedroom Townhouse,3495000.0,3.0,3.0,2.0,,"43b Ss 41 Gainsborough Drive, 43 Gainsborough Drive",
4 Bedroom House,1395000.0,4.0,2.0,4.0,,,
2 Bedroom Apartment,3650000.0,2.0,2.0,1.0,,"515 Ss Zimbali Hotel AND Resort, 5 Corkwood Drive, Unit 515 Zimbali Suites",
3 Bedroom Townhouse,6379363.0,3.0,2.0,4.0,400.0,4 Dune Drive,
2 Bedroom Apartment,990000.0,2.0,1.0,1.0,,,
2 Bedroom Apartment,2700000.0,2.0,2.0,2.0,,"234 Pebble Beach, 234 Pebble Beach",
1.5 Bedroom Apartment,730000.0,15.0,1.0,,,,
2 Bedroom House,870000.0,2.0,1.0,4.0,333.0,,
3 Bedroom House,599000.0,3.0,1.0,1.0,,,
1 Bedroom Apartment,350000.0,1.0,1.0,1.0,,,
1 Bedroom Apartment,595000.0,1.0,1.0,,,159 Snell Parade,
2 Bedroom Apartment,1695000.0,2.0,2.0,1.0,,,
2 Bedroom House,900000.0,2.0,2.0,1.0,,,
3 Bedroom Apartment,9900000.0,3.0,3.0,4.0,,,
2 Bedroom House,390000.0,2.0,1.0,,3600.0,,
3 Bedroom Apartment,7480000.0,3.0,3.0,4.0,,,
2 Bedroom House,790000.0,2.0,1.0,1.0,267.0,,
2 Bedroom Townhouse,2500000.0,2.0,2.0,3.0,,,
2 Bedroom Apartment,460000.0,2.0,1.0,,,,
2 Bedroom Apartment,760000.0,2.0,1.0,1.0,,,
3 Bedroom House,350000.0,3.0,2.0,15.0,,,
3 Bedroom House,700000.0,3.0,2.0,2.0,,,
1 Bedroom Apartment,315000.0,1.0,1.0,,,,
3 Bedroom Apartment,815000.0,3.0,1.0,1.0,,,
2 Bedroom Apartment,1000000.0,2.0,2.0,1.0,,,
3 Bedroom House,780000.0,3.0,1.0,,,,
2 Bedroom House,900000.0,2.0,2.0,1.0,,,
1 Bedroom Apartment,540000.0,1.0,1.0,1.0,,,
3 Bedroom Apartment,3450000.0,3.0,2.0,2.0,,,
2 Bedroom Apartment,1120000.0,2.0,2.0,1.0,,,
4 Bedroom House,2900000.0,4.0,3.0,4.0,1700.0,,
3 Bedroom House,1395000.0,3.0,2.0,6.0,495.0,,
3 Bedroom Townhouse,1950000.0,3.0,2.0,3.0,9153.0,"1 Victoria Park, 79 Anthony Road",
2 Bedroom Apartment,1150000.0,2.0,2.0,2.0,,,
3 Bedroom House,950000.0,3.0,2.0,2.0,405.0,,
5 Bedroom House,1995000.0,5.0,3.0,2.0,1493.0,,
3 Bedroom Apartment,2150000.0,3.0,2.0,2.0,,"13 Ihlati, 35 Chapman Drive",
3 Bedroom Townhouse,1750000.0,3.0,2.0,4.0,603.0,,
1 Bedroom Apartment,819000.0,1.0,1.0,1.0,,,
1 Bedroom Apartment,975000.0,1.0,1.0,2.0,,,
2 Bedroom Apartment,890000.0,2.0,2.0,2.0,,"Ss 33 Ss Bohmer Views, 56 Bohmer Road",
3 Bedroom Townhouse,1400000.0,3.0,2.0,2.0,117.0,,
4 Bedroom House,1200000.0,4.0,3.0,5.0,452.0,,
3 Bedroom Townhouse,1080000.0,3.0,2.0,1.0,19052.0,,
4 Bedroom House,1750000.0,4.0,1.0,4.0,467.0,5 Percy Osborn Road,
1 Bedroom Apartment,1500000.0,1.0,1.0,1.0,,7 F52p+22,
5 Bedroom House,2995000.0,5.0,2.0,4.0,1332.0,,
1 Bedroom Apartment,819000.0,1.0,1.0,1.0,,,
4 Bedroom House,4950000.0,4.0,4.0,4.0,292.0,,
3 Bedroom Townhouse,1610000.0,3.0,25.0,2.0,,,
2 Bedroom Apartment,2495000.0,2.0,2.0,2.0,,,
5 Bedroom House,18000000.0,5.0,6.0,3.0,1457.0,,
2 Bedroom Apartment,695000.0,2.0,1.0,2.0,,,
3 Bedroom House,1495000.0,3.0,3.0,5.0,680.0,,
2 Bedroom Apartment,633000.0,2.0,1.0,1.0,,"Ss Pumula, 2 Duke Road, Margate",
3 Bedroom House,2490000.0,3.0,3.0,5.0,900.0,,
4 Bedroom House,2590000.0,4.0,35.0,8.0,3607.0,,
4 Bedroom House,4950000.0,4.0,4.0,4.0,292.0,,
4 Bedroom Apartment,1095000.0,4.0,2.0,1.0,,,
4 Bedroom House,6299000.0,4.0,25.0,5.0,1266.0,,
3 Bedroom House,680000.0,3.0,1.0,,465.0,,
2 Bedroom Apartment,795500.0,2.0,2.0,1.0,,,
5 Bedroom House,7995000.0,5.0,5.0,4.0,771.0,,
4 Bedroom House,7250000.0,4.0,35.0,4.0,3829.0,,
4 Bedroom House,1399000.0,4.0,25.0,8.0,1101.0,,
1 Bedroom Apartment,450000.0,1.0,1.0,1.0,,,
2 Bedroom Apartment,750000.0,2.0,1.0,1.0,,,
1 Bedroom Apartment,575000.0,1.0,1.0,,,,
4 Bedroom House,1195000.0,4.0,1.0,5.0,2793.0,,
3 Bedroom Apartment,560000.0,3.0,1.0,1.0,72.0,,
2 Bedroom Apartment,,2.0,3.0,2.0,,3 Ncondo Place,
3 Bedroom Apartment,4995000.0,3.0,3.0,5.0,,"1 Lalapanzi, 1 Ladlau Drive",
2 Bedroom Apartment,1730000.0,2.0,2.0,1.0,,,
3 Bedroom House,17000000.0,3.0,3.0,2.0,2643.0,,
3 Bedroom House,1965000.0,3.0,25.0,3.0,815.0,,
4 Bedroom Townhouse,3500000.0,4.0,2.0,4.0,1000.0,,
4 Bedroom House,7950000.0,4.0,35.0,6.0,,,
3 Bedroom House,900000.0,3.0,2.0,2.0,214.0,,
2 Bedroom Apartment,1300000.0,2.0,1.0,2.0,,"Ss Kensington, 311 Peter Mokaba Road",
3 Bedroom Apartment,1550000.0,3.0,2.0,1.0,,7 Lagoon Road,
3 Bedroom Apartment,3500000.0,3.0,2.0,2.0,,,
2 Bedroom Apartment,,2.0,2.0,2.0,,3 Ncondo Place,
4 Bedroom House,1460000.0,4.0,2.0,2.0,2170.0,,
2 Bedroom Townhouse,1280000.0,2.0,2.0,2.0,558.0,,
5 Bedroom House,1177000.0,5.0,2.0,4.0,820.0,,
2 Bedroom Apartment,2181067.0,2.0,1.0,2.0,,"77 Acacia Crescent, Westbrook",
2 Bedroom Apartment,730000.0,2.0,1.0,2.0,,,
3 Bedroom House,3900000.0,3.0,35.0,4.0,,32 Valley,
2 Bedroom House,3730000.0,2.0,25.0,1.0,158.0,35 Summit Drive,
2 Bedroom Apartment,2181067.0,2.0,1.0,2.0,,"77 Acacia Crescent, Westbrook",
5 Bedroom House,1695000.0,5.0,5.0,8.0,,,
3 Bedroom Apartment,5148652.0,3.0,3.0,1.0,,,
6 Bedroom House,3250000.0,6.0,6.0,8.0,,,
2 Bedroom Townhouse,3130000.0,2.0,2.0,2.0,,,
5 Bedroom House,835000.0,5.0,4.0,10.0,,,
3 Bedroom House,750000.0,3.0,2.0,2.0,346.0,,
47 Bedroom Apartment,24500000.0,47.0,22.0,10.0,,,
2 Bedroom Apartment,799000.0,2.0,1.0,2.0,,Unit 36 Carrington Heights 57 Kennard Rise Rd,
3 Bedroom House,470000.0,3.0,1.0,,465.0,,
5 Bedroom House,2500000.0,5.0,3.0,5.0,1896.0,,
4 Bedroom House,1400000.0,4.0,2.0,,725.0,,
5 Bedroom House,3990000.0,5.0,3.0,3.0,,,
3 Bedroom Apartment,2380000.0,3.0,25.0,1.0,,,
2.5 Bedroom Apartment,850000.0,25.0,1.0,1.0,,,
2 Bedroom House,999000.0,2.0,1.0,2.0,793.0,,
5 Bedroom House,3990000.0,5.0,3.0,3.0,,,
2 Bedroom Apartment,650000.0,2.0,1.0,1.0,32273.0,,
3 Bedroom House,1870000.0,3.0,2.0,2.0,,,
2 Bedroom House,550000.0,2.0,1.0,,,,
2 Bedroom Townhouse,1480000.0,2.0,2.0,4.0,4008.0,,
2 Bedroom Apartment,950000.0,2.0,2.0,2.0,,,
2 Bedroom Apartment,920000.0,2.0,2.0,1.0,,,
4 Bedroom House,1200000.0,4.0,3.0,1.0,785.0,,
3 Bedroom Apartment,1930000.0,3.0,2.0,3.0,135.0,,
2 Bedroom Apartment,890000.0,2.0,1.0,1.0,,70 Connor Road,
1 Bedroom Apartment,648000.0,1.0,1.0,1.0,,,
2 Bedroom Townhouse,1250000.0,2.0,1.0,1.0,,,
24 Bedroom House,12300000.0,24.0,13.0,23.0,1200.0,,
3 Bedroom House,5850000.0,3.0,2.0,4.0,185.0,,
6 Bedroom House,10000000.0,6.0,5.0,3.0,1302.0,,
7 Bedroom House,1589000.0,7.0,3.0,2.0,904.0,,
2 Bedroom Apartment,750000.0,2.0,1.0,1.0,,,
4 Bedroom House,780000.0,4.0,2.0,2.0,543.0,,
8 Bedroom House,13500000.0,8.0,65.0,26.0,6478.0,,
1 Bedroom Apartment,795000.0,1.0,1.0,1.0,,,
4 Bedroom House,1295000.0,4.0,2.0,1.0,1963.0,,
4 Bedroom House,2850000.0,4.0,25.0,4.0,836.0,,
3 Bedroom House,550000.0,3.0,1.0,1.0,500.0,,
2.5 Bedroom Apartment,975000.0,25.0,1.0,2.0,,,
24 Bedroom House,12300000.0,24.0,13.0,23.0,1200.0,,
3 Bedroom House,2850000.0,3.0,3.0,2.0,,,
2 Bedroom Apartment,698000.0,2.0,15.0,1.0,,,
3 Bedroom House,1960000.0,3.0,2.0,2.0,930.0,844/1 Seagull Road,
2 Bedroom Townhouse,990000.0,2.0,2.0,1.0,,"74 Ss La Vista, 109 Dek Street",
3 Bedroom House,1250000.0,3.0,1.0,2.0,1067.0,62 Manfred Drive,
4 Bedroom House,2900000.0,4.0,2.0,4.0,3161.0,,
3 Bedroom House,2100000.0,3.0,2.0,8.0,1806.0,25 Horseshoe Crescent,
4 Bedroom House,3750000.0,4.0,4.0,6.0,937.0,,
1 Bedroom Apartment,360000.0,1.0,1.0,,,45 South Beach Ave,
2 Bedroom Apartment,1600000.0,2.0,2.0,2.0,,,
2 Bedroom Apartment,2390000.0,2.0,2.0,2.0,,,
2 Bedroom Apartment,1850000.0,2.0,2.0,,,14 Timeball,
4 Bedroom House,2650000.0,4.0,35.0,2.0,1850.0,,
2 Bedroom Apartment,3400000.0,2.0,2.0,2.0,,,
4 Bedroom House,3750000.0,4.0,4.0,6.0,937.0,,
3 Bedroom Apartment,4795000.0,3.0,3.0,5.0,233.0,"39 Ss La Palma Terraces, 8 Glendining Court",
4 Bedroom House,2350000.0,4.0,2.0,10.0,2436.0,23 Perth Road,
3 Bedroom House,1450000.0,3.0,25.0,7.0,4174.0,,
2 Bedroom Townhouse,780000.0,2.0,1.0,2.0,,,
4 Bedroom House,2850000.0,4.0,35.0,2.0,2368.0,779 Josiah Gumede Rd,
2 Bedroom Townhouse,1140000.0,2.0,1.0,2.0,,,
3 Bedroom Townhouse,4200000.0,3.0,35.0,4.0,5400.0,"7 Ss Winston Estates, 5 Winston Road",
5 Bedroom House,2600000.0,5.0,25.0,2.0,1667.0,,
2 Bedroom Apartment,585000.0,2.0,2.0,1.0,,,
4 Bedroom House,6500000.0,4.0,2.0,3.0,956.0,,
3 Bedroom House,4950000.0,3.0,2.0,2.0,673.0,137 Sameja Lane,
1 Bedroom Apartment,650000.0,1.0,1.0,1.0,68.0,,
2 Bedroom House,730000.0,2.0,1.0,2.0,350.0,,
2 Bedroom House,1200000.0,2.0,1.0,1.0,1710.0,,
3 Bedroom House,,3.0,2.0,2.0,225.0,"Modern Double Storey 3 Bedroom Home, Wolds At Kindlewood, Kindlewood Drive Mount Edgecombe, Kwazu...",
1 Bedroom Apartment,395000.0,1.0,1.0,1.0,,,
4 Bedroom House,1545000.0,4.0,2.0,5.0,2200.0,,
5 Bedroom House,5500000.0,5.0,4.0,10.0,1110.0,,
6 Bedroom House,1830000.0,6.0,2.0,10.0,1276.0,,
8 Bedroom House,16900000.0,8.0,105.0,10.0,25000.0,14c Hawkstone Road,
7 Bedroom House,7600000.0,7.0,9.0,8.0,1296.0,,
6 Bedroom House,4500000.0,6.0,5.0,5.0,2013.0,,
3 Bedroom House,995000.0,3.0,2.0,2.0,244.0,,
4 Bedroom House,1699000.0,4.0,1.0,2.0,465.0,,
6 Bedroom House,1830000.0,6.0,2.0,10.0,1276.0,,
2 Bedroom Apartment,1195000.0,2.0,1.0,3.0,100.0,,
3 Bedroom House,1180000.0,3.0,2.0,7.0,2300.0,,
3 Bedroom House,2200000.0,3.0,25.0,2.0,,,
3 Bedroom House,829999.0,3.0,1.0,3.0,308.0,,
2 Bedroom Apartment,1395000.0,2.0,2.0,1.0,,,
3 Bedroom Townhouse,2497000.0,3.0,25.0,3.0,185.0,,
2 Bedroom Apartment,1080000.0,2.0,2.0,2.0,,,
2 Bedroom Apartment,680000.0,2.0,2.0,1.0,,,
1 Bedroom Apartment,3500000.0,1.0,1.0,1.0,,,
3 Bedroom Apartment,3895000.0,3.0,2.0,2.0,,,
3 Bedroom House,680000.0,3.0,1.0,,608.0,,
2 Bedroom Apartment,630000.0,2.0,1.0,1.0,,,
6 Bedroom House,1795000.0,6.0,4.0,13.0,542.0,,
3 Bedroom House,1650000.0,3.0,2.0,1.0,418.0,,
3 Bedroom House,1200000.0,3.0,2.0,,,,
4 Bedroom House,4500000.0,4.0,4.0,4.0,2278.0,,
1 Bedroom Apartment,3500000.0,1.0,1.0,1.0,,,
4 Bedroom Apartment,2600000.0,4.0,25.0,3.0,,,
1.5 Bedroom Apartment,797000.0,15.0,15.0,,,,
4 Bedroom House,2899000.0,4.0,4.0,7.0,2754.0,,
2 Bedroom House,670000.0,2.0,1.0,2.0,,,
3 Bedroom House,650000.0,3.0,2.0,5.0,557.0,12 Gardens Road,
2 Bedroom Apartment,725000.0,2.0,2.0,2.0,,,
2 Bedroom Apartment,1850000.0,2.0,1.0,3.0,,,
2 Bedroom Townhouse,660000.0,2.0,1.0,1.0,110735.0,,
2 Bedroom Apartment,770000.0,2.0,15.0,1.0,,,
3 Bedroom Apartment,820000.0,3.0,2.0,1.0,,,
3 Bedroom House,1500000.0,3.0,2.0,5.0,465.0,,
4 Bedroom House,1950000.0,4.0,3.0,2.0,2327.0,,
2 Bedroom Apartment,599000.0,2.0,1.0,1.0,,,
2 Bedroom Apartment,450000.0,2.0,1.0,1.0,,,
2 Bedroom Apartment,450000.0,2.0,1.0,1.0,,,
2 Bedroom Apartment,800000.0,2.0,1.0,1.0,,,
4 Bedroom House,7900000.0,4.0,35.0,8.0,1247.0,15 Milkwood Lane,
3 Bedroom House,1095000.0,3.0,2.0,1.0,282.0,,
Apartment,500000.0,,1.0,,,,
3 Bedroom Apartment,1695000.0,3.0,2.0,4.0,,,
0.5 Bedroom Apartment,378000.0,5.0,1.0,,,,
4 Bedroom House,920000.0,4.0,3.0,2.0,,,
2 Bedroom House,980000.0,2.0,1.0,,4023.0,,
Apartment,1250000.0,,,,,,
4 Bedroom Apartment,3440000.0,4.0,3.0,1.0,,,
3 Bedroom Apartment,2100000.0,3.0,2.0,1.0,,,
8 Bedroom House,6450000.0,8.0,10.0,9.0,1417.0,,
5 Bedroom House,1495000.0,5.0,4.0,6.0,683.0,,
3 Bedroom Apartment,1195000.0,3.0,2.0,2.0,,,
2 Bedroom Townhouse,950000.0,2.0,1.0,,95.0,,
3 Bedroom House,980000.0,3.0,2.0,2.0,108034.0,1a Ramsay Road,
3 Bedroom House,1070000.0,3.0,2.0,3.0,441.0,,
3 Bedroom Townhouse,680000.0,3.0,2.0,1.0,14267.0,"4 Ss Stolile, 14147 Capri Crescent",
1 Bedroom Apartment,939999.0,1.0,1.0,1.0,,,
3 Bedroom House,1070000.0,3.0,2.0,3.0,441.0,,
2 Bedroom House,820000.0,2.0,1.0,2.0,542.0,14 Atholl Avenue,
5 Bedroom House,2350000.0,5.0,4.0,6.0,2587.0,,
3 Bedroom Townhouse,2500000.0,3.0,3.0,7.0,,,
3 Bedroom Apartment,1295000.0,3.0,25.0,2.0,,,
2 Bedroom House,880000.0,2.0,15.0,5.0,209.0,,
3 Bedroom Townhouse,1495000.0,3.0,2.0,2.0,10684.0,,
3 Bedroom Townhouse,1750000.0,3.0,2.0,4.0,,,
3 Bedroom House,1000000.0,3.0,15.0,,220.0,,
3 Bedroom Townhouse,2250000.0,3.0,2.0,2.0,9802.0,"30 Browns Ss Cabana Sierra, 30 Browns Drift Road",
2 Bedroom Apartment,850000.0,2.0,15.0,2.0,,"2 Ss Sunbury, 1 Ashby Road",
3 Bedroom Townhouse,3600000.0,3.0,25.0,4.0,2634.0,"1 The Cowries, 327-1 Salmon Avenue",
5 Bedroom Apartment,3500000.0,5.0,4.0,2.0,,,
3 Bedroom Apartment,3800000.0,3.0,2.0,2.0,,84 Lush,
3 Bedroom Apartment,1490000.0,3.0,2.0,3.0,,,
3 Bedroom House,7200000.0,3.0,35.0,2.0,835.0,"Zululami Coastal Estate, 41 Emoyeni Terrace",
3 Bedroom Apartment,1595000.0,3.0,2.0,2.0,,,
4 Bedroom House,2795000.0,4.0,3.0,11.0,1142.0,,
5 Bedroom House,1995000.0,5.0,35.0,9.0,743.0,,
2 Bedroom Townhouse,1489000.0,2.0,1.0,1.0,28064.0,,
4 Bedroom House,2694999.0,4.0,25.0,6.0,1536.0,,
3 Bedroom House,1850000.0,3.0,2.0,2.0,1653.0,,
3 Bedroom House,1395000.0,3.0,2.0,4.0,1372.0,24 Collingwood Avenue,
3 Bedroom Townhouse,2450000.0,3.0,2.0,4.0,8095.0,,
1 Bedroom Apartment,755000.0,1.0,1.0,1.0,,,
2 Bedroom Apartment,695000.0,2.0,1.0,1.0,,,
2 Bedroom Apartment,850000.0,2.0,1.0,2.0,,,
3 Bedroom Apartment,1595000.0,3.0,2.0,2.0,,,
5 Bedroom House,3995000.0,5.0,35.0,2.0,3424.0,,
2 Bedroom Apartment,1895000.0,2.0,1.0,,,,
3 Bedroom Townhouse,2800000.0,3.0,2.0,3.0,4000.0,,
4 Bedroom House,3450000.0,4.0,3.0,5.0,1728.0,,
4 Bedroom House,6900000.0,4.0,4.0,6.0,2500.0,20 Bosch Hoek Golf Estate,
3 Bedroom Apartment,3795000.0,3.0,2.0,2.0,,"5 Ss Tahiti, 1 North Beach Road",
3 Bedroom Townhouse,725000.0,3.0,1.0,1.0,,281 Kenyon Howden Road,
2 Bedroom Apartment,,2.0,1.0,1.0,,"801 Valhaven, 80 Cromwell Road",
3 Bedroom House,780000.0,3.0,2.0,1.0,213.0,,
1 Bedroom Apartment,650000.0,1.0,1.0,1.0,,,
4 Bedroom House,1950000.0,4.0,4.0,3.0,1948.0,,
2 Bedroom House,450000.0,2.0,1.0,1.0,300.0,,
5 Bedroom House,1650000.0,5.0,3.0,4.0,1948.0,,
4 Bedroom House,5200000.0,4.0,2.0,5.0,1073.0,,
4 Bedroom House,2295000.0,4.0,2.0,1.0,1043.0,54 Harrison Drive,
1 Bedroom Apartment,1195000.0,1.0,1.0,1.0,,,
2 Bedroom Townhouse,1645000.0,2.0,2.0,2.0,,,
3 Bedroom House,1285000.0,3.0,1.0,2.0,353.0,,
4 Bedroom Apartment,1900000.0,4.0,2.0,1.0,,"3 Shelly Park Manor, 1039 Marine Drive",
3 Bedroom Townhouse,1350000.0,3.0,2.0,2.0,4171.0,,
1 Bedroom Apartment,1640000.0,1.0,1.0,1.0,,115 Musgrave Avenue,
4 Bedroom House,2295000.0,4.0,2.0,1.0,1043.0,54 Harrison Drive,
3 Bedroom Apartment,1750000.0,3.0,2.0,2.0,,5 Selvey Avenue,
3 Bedroom House,1499999.0,3.0,3.0,5.0,268.0,,
5 Bedroom House,14000000.0,5.0,55.0,10.0,798.0,,
5 Bedroom House,2495000.0,5.0,4.0,8.0,1196.0,,
4 Bedroom House,1980000.0,4.0,2.0,5.0,1358.0,,
2 Bedroom Apartment,2375000.0,2.0,2.0,1.0,,,
3 Bedroom Townhouse,5695000.0,3.0,3.0,6.0,14592.0,,
3 Bedroom Townhouse,3750000.0,3.0,2.0,3.0,,"5 The Woods, 3 Elaleni Drive",
1.5 Bedroom Apartment,795000.0,15.0,1.0,2.0,,,
2 Bedroom Apartment,770000.0,2.0,1.0,1.0,,,
3 Bedroom Apartment,2950000.0,3.0,3.0,3.0,,,
1 Bedroom Apartment,3190000.0,1.0,15.0,1.0,,1 Ncondo Place,
1 Bedroom Apartment,249000.0,1.0,1.0,,,,
2 Bedroom House,825000.0,2.0,2.0,2.0,1220.0,10 High Road,
7 Bedroom House,3490000.0,7.0,4.0,3.0,1186.0,,
2 Bedroom Apartment,840000.0,2.0,2.0,2.0,,,
5 Bedroom House,7300000.0,5.0,45.0,4.0,1410.0,11 Acacia,
3 Bedroom Townhouse,3766000.0,3.0,2.0,2.0,,,
4 Bedroom House,1595000.0,4.0,2.0,3.0,1875.0,146/1 Cabin Road,
2 Bedroom Townhouse,780000.0,2.0,2.0,1.0,28646.0,,
1 Bedroom Apartment,850000.0,1.0,1.0,1.0,,,
2 Bedroom Townhouse,1095000.0,2.0,1.0,2.0,,,
3 Bedroom House,480000.0,3.0,2.0,4.0,399.0,,
House,2250000.0,,,,1689.0,,
4 Bedroom Apartment,19500000.0,4.0,5.0,3.0,,,
2 Bedroom Apartment,1320000.0,2.0,2.0,2.0,,,
7 Bedroom House,3490000.0,7.0,4.0,3.0,1186.0,,
3 Bedroom House,1100000.0,3.0,3.0,3.0,306.0,,
4 Bedroom House,1425000.0,4.0,2.0,5.0,1165.0,,
3 Bedroom Apartment,1050000.0,3.0,2.0,1.0,,,
1.5 Bedroom Apartment,595000.0,15.0,15.0,1.0,,,
2 Bedroom Townhouse,1295000.0,2.0,2.0,2.0,495.0,,
3 Bedroom House,900000.0,3.0,2.0,2.0,238311.0,"99 Koelwaters, 170 Kolgans Street",
3 Bedroom House,5950000.0,3.0,2.0,4.0,1613.0,,
3 Bedroom House,1290000.0,3.0,1.0,3.0,967.0,,
2 Bedroom Apartment,2350000.0,2.0,1.0,1.0,,,
2 Bedroom House,795000.0,2.0,2.0,1.0,242.0,,
4 Bedroom House,1300000.0,4.0,3.0,4.0,1760.0,,
Apartment,3445612.0,,,2.0,,"9 Vuna Close, Ridgeside, Umhlanga",
3 Bedroom House,1290000.0,3.0,1.0,3.0,967.0,,
4 Bedroom House,10950000.0,4.0,4.0,5.0,,,
2 Bedroom Townhouse,825000.0,2.0,1.0,2.0,,,
3 Bedroom House,5600000.0,3.0,3.0,2.0,,,
3 Bedroom Apartment,2999900.0,3.0,3.0,2.0,,"3607 Herrwood Dr, Izinga Ridge, Umhlanga",
3 Bedroom Apartment,1595000.0,3.0,2.0,2.0,,,
3 Bedroom Apartment,1075000.0,3.0,25.0,2.0,111.0,,
2 Bedroom Apartment,945000.0,2.0,1.0,1.0,,,
3 Bedroom Apartment,1625000.0,3.0,2.0,1.0,,,
1.5 Bedroom Apartment,595000.0,15.0,1.0,,,,
2 Bedroom Apartment,1870000.0,2.0,2.0,2.0,,,
4 Bedroom House,8695000.0,4.0,4.0,6.0,800.0,,
7 Bedroom House,1195000.0,7.0,2.0,7.0,2550.0,,
3 Bedroom Townhouse,5750000.0,3.0,3.0,4.0,193.0,P228 Sheffield Beach Road,
4 Bedroom House,480000.0,4.0,1.0,6.0,,,
4 Bedroom House,2295000.0,4.0,3.0,6.0,650.0,,
1 Bedroom Apartment,1500000.0,1.0,1.0,,,,
2 Bedroom Apartment,880000.0,2.0,2.0,1.0,,,
2 Bedroom Apartment,3500000.0,2.0,2.0,2.0,,,
3 Bedroom Apartment,6050000.0,3.0,35.0,1.0,,,
3 Bedroom Townhouse,1570000.0,3.0,2.0,2.0,9857.0,,
2 Bedroom Apartment,1795000.0,2.0,2.0,1.0,,,
4 Bedroom House,1350000.0,4.0,2.0,6.0,955.0,,
4 Bedroom Townhouse,,4.0,3.0,2.0,3455.0,279 Drakensberg Drive,
3 Bedroom House,1100000.0,3.0,1.0,5.0,670.0,,
4 Bedroom House,2295000.0,4.0,3.0,6.0,650.0,,
6 Bedroom Townhouse,2199000.0,6.0,45.0,2.0,2700.0,,
3 Bedroom House,850000.0,3.0,1.0,2.0,200.0,,
3 Bedroom Townhouse,1780000.0,3.0,2.0,2.0,5631.0,,
2 Bedroom Apartment,995000.0,2.0,2.0,1.0,,,
1 Bedroom Apartment,1300000.0,1.0,1.0,1.0,,,
3 Bedroom House,20900000.0,3.0,1.0,1.0,485.0,,
6 Bedroom House,3000000.0,6.0,4.0,1.0,1012.0,,
4 Bedroom House,1695000.0,4.0,2.0,2.0,1200.0,,
1 Bedroom Apartment,850000.0,1.0,1.0,1.0,,"Santa Monica, 158 Innes Road",
2 Bedroom Apartment,685000.0,2.0,1.0,1.0,,,
3 Bedroom House,4750000.0,3.0,2.0,2.0,442.0,"The Reserve, Sheffield Beach Road",
3 Bedroom Apartment,1680000.0,3.0,2.0,1.0,,"102 Laguna La Crete, 5 Selvey Avenue",
2 Bedroom Apartment,650000.0,2.0,2.0,,,,
3 Bedroom Apartment,2500000.0,3.0,25.0,2.0,,47 Aurora Drive,
4 Bedroom House,5650000.0,4.0,35.0,2.0,442.0,"The Reserve, Sheffield Beach Road",
2 Bedroom Apartment,650000.0,2.0,2.0,,,,
3 Bedroom Apartment,,3.0,3.0,1.0,,"Mont Blanc, 51 O R Tambo Parade",
2 Bedroom Apartment,1850000.0,2.0,2.0,2.0,,"306 Ss Imbali Ridge, 1571 San Tafe Street, Unit 306 Imbali Ridge",
3 Bedroom House,1100000.0,3.0,2.0,6.0,548.0,,
3 Bedroom Townhouse,1290000.0,3.0,1.0,1.0,,,
2 Bedroom Apartment,1125000.0,2.0,1.0,1.0,,,
2 Bedroom Apartment,1249000.0,2.0,1.0,2.0,,"103 Ballito Groves, 1 Lee Barnes Boulevard",
3 Bedroom Townhouse,1595000.0,3.0,2.0,4.0,180259.0,,
2 Bedroom Apartment,670000.0,2.0,1.0,,,,
3 Bedroom Apartment,2300000.0,3.0,3.0,,,,
2 Bedroom House,400000.0,2.0,1.0,2.0,,,
2 Bedroom Apartment,4380000.0,2.0,2.0,1.0,,,
2 Bedroom Apartment,599000.0,2.0,2.0,2.0,,,
1 Bedroom Apartment,575000.0,1.0,1.0,2.0,,,
3 Bedroom Apartment,1000000.0,3.0,2.0,1.0,,,
2 Bedroom Apartment,1050000.0,2.0,2.0,1.0,,,
3 Bedroom House,1495000.0,3.0,25.0,4.0,1356.0,,
4 Bedroom House,2250000.0,4.0,2.0,1.0,760.0,,
2 Bedroom Apartment,2995000.0,2.0,2.0,1.0,,,
2 Bedroom Apartment,1300000.0,2.0,1.0,1.0,,,
3 Bedroom House,1650000.0,3.0,2.0,4.0,701.0,,
1 Bedroom Apartment,650000.0,1.0,1.0,1.0,,,
3 Bedroom Townhouse,3250000.0,3.0,2.0,2.0,1148.0,,
3 Bedroom Townhouse,1400000.0,3.0,2.0,7.0,,"3 Ss Gonams Gardens, 49 Sandpiper Street",
2 Bedroom Apartment,680000.0,2.0,15.0,1.0,,,
3 Bedroom House,1300000.0,3.0,1.0,1.0,,,
6 Bedroom House,2045000.0,6.0,4.0,4.0,1228.0,,
3 Bedroom House,1395000.0,3.0,2.0,2.0,2055.0,,
2 Bedroom Apartment,2995000.0,2.0,2.0,1.0,,,
5 Bedroom House,290000.0,5.0,2.0,3.0,1200.0,,
0.5 Bedroom Apartment,1500000.0,5.0,1.0,,,,
3 Bedroom Apartment,1080000.0,3.0,2.0,1.0,,23 Crown Road,
2 Bedroom Townhouse,1499000.0,2.0,1.0,,,149 Inanda Road,
5 Bedroom House,1850000.0,5.0,2.0,2.0,1388.0,,
3 Bedroom Apartment,1699000.0,3.0,2.0,3.0,,,
3 Bedroom Apartment,975000.0,3.0,2.0,2.0,,,
9 Bedroom House,3750000.0,9.0,7.0,6.0,1587.0,40 Umvoti Drive,
4 Bedroom House,4150000.0,4.0,2.0,6.0,781.0,,
2 Bedroom Apartment,695000.0,2.0,1.0,1.0,,"1 Brierley, 53 J.b. Marks Road",
2 Bedroom Apartment,3500000.0,2.0,2.0,2.0,,237 O.r. Tambo Parade,
5 Bedroom Townhouse,8995000.0,5.0,5.0,,,"6,7,8,12 Sera Bella, 61 Mahogany Road",
3 Bedroom House,1700000.0,3.0,21.0,9.0,702.0,,
3 Bedroom House,1895000.0,3.0,3.0,8.0,1012.0,,
5 Bedroom Townhouse,2795000.0,5.0,3.0,4.0,,"9 Tuscany Grove, 298 Mazisi Kunene Road",
4 Bedroom House,2700000.0,4.0,3.0,13.0,1349.0,,
1 Bedroom Apartment,990000.0,1.0,1.0,2.0,,,
1 Bedroom Apartment,450000.0,1.0,15.0,1.0,,"54 Ss Marina Glen Holiday Resort, 17 Mars Road",
3 Bedroom Townhouse,1050000.0,3.0,1.0,1.0,998.0,71 Clarence Road,
2 Bedroom Apartment,750000.0,2.0,1.0,1.0,78.0,,
5 Bedroom Townhouse,2795000.0,5.0,3.0,4.0,,"9 Tuscany Grove, 298 Mazisi Kunene Road",
4 Bedroom House,2750000.0,4.0,3.0,2.0,3221.0,,
4 Bedroom House,2950000.0,4.0,35.0,2.0,3190.0,,
1 Bedroom Apartment,570000.0,1.0,1.0,1.0,,2a Goodlands Grove 39 Goodlands Road,
2 Bedroom House,650000.0,2.0,1.0,2.0,435.0,,
1.5 Bedroom Apartment,725000.0,15.0,1.0,1.0,,,
2 Bedroom Apartment,915000.0,2.0,1.0,1.0,,,
2 Bedroom Townhouse,840000.0,2.0,2.0,1.0,7588.0,,
2 Bedroom Townhouse,695000.0,2.0,1.0,1.0,56083.0,,
2 Bedroom House,870000.0,2.0,2.0,3.0,1075.0,,
House,1590000.0,,,,,,
3 Bedroom Townhouse,1750000.0,3.0,25.0,2.0,800.0,,
2 Bedroom Apartment,650000.0,2.0,1.0,1.0,,,
2 Bedroom Apartment,650000.0,2.0,1.0,1.0,,,
3 Bedroom Apartment,6795000.0,3.0,3.0,2.0,,,
2 Bedroom Apartment,1875000.0,2.0,2.0,1.0,,,
3 Bedroom House,2595000.0,3.0,2.0,2.0,,,
2 Bedroom Apartment,710000.0,2.0,1.0,1.0,,,
2 Bedroom Apartment,2098000.0,2.0,2.0,2.0,,,
3 Bedroom Townhouse,860000.0,3.0,1.0,2.0,3271.0,,
3 Bedroom Townhouse,899000.0,3.0,1.0,2.0,,,
3 Bedroom Townhouse,1299000.0,3.0,2.0,3.0,,,
3 Bedroom Apartment,2395000.0,3.0,2.0,6.0,,,
Apartment,340000.0,,1.0,,,,
2 Bedroom House,640000.0,2.0,1.0,2.0,250.0,,
2 Bedroom Apartment,890000.0,2.0,1.0,1.0,,,
2 Bedroom Apartment,6700650.0,2.0,2.0,2.0,,,
2 Bedroom Apartment,800000.0,2.0,15.0,2.0,,,
1 Bedroom Apartment,580000.0,1.0,1.0,1.0,,,
1 Bedroom Apartment,590000.0,1.0,1.0,,,,
3 Bedroom Townhouse,1200000.0,3.0,2.0,2.0,183827.0,"15 Ss Ilala Cabanas, 15 Kiepersol Street",
3 Bedroom House,2500000.0,3.0,2.0,1.0,1204.0,14 Ferndale Avenue,
1 Bedroom Apartment,1292318.0,1.0,1.0,1.0,,,
2 Bedroom Townhouse,2175000.0,2.0,2.0,2.0,,,
3 Bedroom Apartment,850000.0,3.0,3.0,2.0,,3 Ptn Street,
2 Bedroom Townhouse,5300000.0,2.0,25.0,5.0,19875.0,"5 Sawubona, 22 Forestwood Drive",
2 Bedroom Townhouse,2500000.0,2.0,2.0,1.0,,,
2 Bedroom Townhouse,5300000.0,2.0,25.0,5.0,19875.0,"5 Sawubona, 22 Forestwood Drive",
2 Bedroom Apartment,795000.0,2.0,2.0,1.0,,,
2 Bedroom Townhouse,1675000.0,2.0,2.0,1.0,,,
3 Bedroom Apartment,1900000.0,3.0,2.0,2.0,,,
3 Bedroom House,6950000.0,3.0,25.0,4.0,416.0,,
4 Bedroom House,2500000.0,4.0,3.0,10.0,1056.0,,
2 Bedroom Apartment,1020000.0,2.0,1.0,1.0,,,
2 Bedroom Apartment,1020000.0,2.0,1.0,1.0,,,
4 Bedroom Townhouse,5999000.0,4.0,45.0,6.0,,,
1 Bedroom Apartment,1295000.0,1.0,1.0,1.0,,,
1 Bedroom Apartment,500000.0,1.0,1.0,,,,
2 Bedroom Apartment,655200.0,2.0,2.0,2.0,,,
2 Bedroom Apartment,890000.0,2.0,1.0,2.0,,,
4 Bedroom Townhouse,3495000.0,4.0,2.0,2.0,1714.0,,
3 Bedroom House,1490000.0,3.0,1.0,2.0,541.0,,
3 Bedroom House,2950000.0,3.0,4.0,4.0,558.0,,
3 Bedroom House,1899000.0,3.0,3.0,6.0,788.0,,
6 Bedroom House,1995000.0,6.0,45.0,4.0,1346.0,,
3 Bedroom Apartment,3290000.0,3.0,2.0,2.0,,15 Lands End,
2 Bedroom Apartment,2800000.0,2.0,2.0,1.0,,"80 Lagoon Drive, Umhlanga Rocks, 4000",
3 Bedroom House,1495000.0,3.0,2.0,2.0,444.0,,
2 Bedroom Apartment,995000.0,2.0,1.0,1.0,,,
5 Bedroom House,10900000.0,5.0,5.0,2.0,200.0,,
4 Bedroom House,5400000.0,4.0,45.0,4.0,,,
4 Bedroom House,5400000.0,4.0,45.0,4.0,,,
4 Bedroom House,1600000.0,4.0,4.0,2.0,2523.0,,
3 Bedroom House,1960000.0,3.0,2.0,4.0,974.0,,
3 Bedroom Apartment,8000000.0,3.0,2.0,2.0,,,
3 Bedroom Townhouse,3400000.0,3.0,2.0,2.0,,,
3 Bedroom House,1595000.0,3.0,2.0,4.0,3349.0,11a Springside Road,
2 Bedroom House,675000.0,2.0,1.0,2.0,,,
2 Bedroom Apartment,2460000.0,2.0,2.0,2.0,,,
2 Bedroom Apartment,1495000.0,2.0,2.0,1.0,,,
3 Bedroom Apartment,2480000.0,3.0,2.0,2.0,,,
2 Bedroom Townhouse,870000.0,2.0,1.0,1.0,,,
3 Bedroom House,750000.0,3.0,2.0,1.0,691.0,,
4 Bedroom House,11995000.0,4.0,45.0,2.0,6069.0,5 Annandale Country Estate,
2 Bedroom Apartment,1690000.0,2.0,1.0,2.0,,,
1.5 Bedroom Apartment,800000.0,15.0,1.0,1.0,,,
2 Bedroom House,1375000.0,2.0,1.0,4.0,902.0,,
2 Bedroom Apartment,790000.0,2.0,2.0,1.0,,,
2 Bedroom Apartment,950000.0,2.0,2.0,1.0,,97 Marine Drive,
3 Bedroom House,2595000.0,3.0,1.0,1.0,,,
3 Bedroom House,1250000.0,3.0,1.0,6.0,1091.0,,
2 Bedroom Townhouse,1295000.0,2.0,2.0,1.0,,,
2 Bedroom House,990000.0,2.0,2.0,2.0,200.0,,
2 Bedroom Apartment,1250000.0,2.0,1.0,1.0,,10 Gillespie Street,
2 Bedroom Apartment,790000.0,2.0,2.0,1.0,,,
4 Bedroom House,2300000.0,4.0,3.0,6.0,1011.0,,
3 Bedroom House,1533000.0,3.0,2.0,,450.0,,
1 Bedroom Apartment,1200000.0,1.0,1.0,1.0,,,
3 Bedroom Apartment,3690000.0,3.0,2.0,4.0,,55 Marine Drive,
3 Bedroom Apartment,1450000.0,3.0,15.0,3.0,,,
2 Bedroom Apartment,1395000.0,2.0,1.0,2.0,,,
2 Bedroom Apartment,2630000.0,2.0,2.0,,,,
3 Bedroom Apartment,2999999.0,3.0,2.0,2.0,,,
2 Bedroom Apartment,1675000.0,2.0,2.0,2.0,,"207 98 On Gordon, 98 Gordon Road",
3 Bedroom Apartment,2495000.0,3.0,2.0,2.0,,"308 98 On Gordon, 98 Gordon Road",
3 Bedroom Townhouse,960000.0,3.0,2.0,2.0,4164.0,Lot 10 Quantock Avenue,
4 Bedroom House,1879999.0,4.0,2.0,11.0,3003.0,,
2 Bedroom Apartment,700000.0,2.0,2.0,1.0,,,
3 Bedroom Apartment,6350000.0,3.0,2.0,2.0,,,
3 Bedroom Apartment,2999999.0,3.0,2.0,2.0,,,
2 Bedroom Townhouse,1095000.0,2.0,1.0,2.0,5219.0,"15ss Strelizia Mews, 34 Barbara Avenue",
4 Bedroom House,2695000.0,4.0,2.0,6.0,1542.0,,
3 Bedroom House,1195000.0,3.0,15.0,1.0,700.0,72 Mountain Rise,
4 Bedroom House,2900000.0,4.0,3.0,7.0,36697.0,,
5 Bedroom House,,5.0,3.0,6.0,1655.0,,
4 Bedroom House,1300000.0,4.0,3.0,5.0,1345.0,4 Cabin Road,
1 Bedroom Apartment,490000.0,1.0,1.0,1.0,,4b Loftheim Street,
2 Bedroom Apartment,950000.0,2.0,2.0,1.0,,,
3 Bedroom House,1299000.0,3.0,1.0,10.0,1264.0,,
4 Bedroom House,1695000.0,4.0,1.0,6.0,1264.0,,
3 Bedroom House,1675000.0,3.0,2.0,2.0,1599.0,,
3 Bedroom House,750000.0,3.0,1.0,2.0,192.0,,
6 Bedroom House,2795000.0,6.0,3.0,4.0,1096.0,,
2 Bedroom Apartment,1395000.0,2.0,1.0,1.0,,300 Florida Road,
2 Bedroom Apartment,875000.0,2.0,2.0,1.0,,,
1 Bedroom Apartment,900000.0,1.0,1.0,1.0,,,
1 Bedroom Apartment,720000.0,1.0,1.0,1.0,,,
1 Bedroom Apartment,1900000.0,1.0,1.0,1.0,,,
7 Bedroom House,15300000.0,7.0,7.0,15.0,1043.0,,
3 Bedroom House,1995000.0,3.0,2.0,8.0,4047.0,,
4 Bedroom Townhouse,2990000.0,4.0,2.0,4.0,1500.0,,
2 Bedroom Apartment,1395000.0,2.0,1.0,1.0,,300 Florida Road,
2 Bedroom Apartment,938400.0,2.0,1.0,1.0,,"R - Fl 3 Ss Mason Arbour Town, 46 Arbour Road",
3 Bedroom House,5250000.0,3.0,25.0,2.0,572.0,,
4 Bedroom House,2990000.0,4.0,3.0,5.0,1800.0,,
4 Bedroom House,1200000.0,4.0,2.0,2.0,4047.0,11 Arbuckle Street,
1 Bedroom Apartment,1750000.0,1.0,1.0,1.0,,,
3 Bedroom Apartment,780000.0,3.0,1.0,1.0,,,
Apartment,2957150.0,,1.0,1.0,,7 Lagoon Drive,
3 Bedroom House,6450000.0,3.0,2.0,7.0,2487.0,,
5 Bedroom House,1990000.0,5.0,5.0,5.0,557.0,,
3 Bedroom House,710000.0,3.0,1.0,2.0,373.0,,
4 Bedroom House,2690000.0,4.0,3.0,10.0,12494.0,,
2 Bedroom Apartment,944950.0,2.0,15.0,1.0,,,
3 Bedroom Apartment,4950000.0,3.0,3.0,,,,
2 Bedroom Townhouse,600000.0,2.0,2.0,1.0,,,
2 Bedroom Townhouse,2899900.0,2.0,2.0,1.0,138.0,,
2 Bedroom Apartment,990000.0,2.0,2.0,,,159 Snell Parade,
4 Bedroom House,1945000.0,4.0,3.0,5.0,1048.0,,
Apartment,795000.0,,1.0,,,,
2 Bedroom Apartment,1950000.0,2.0,1.0,,,,
1 Bedroom Apartment,700000.0,1.0,1.0,1.0,,,
2 Bedroom House,1165000.0,2.0,2.0,2.0,2025.0,,
3 Bedroom House,1795000.0,3.0,2.0,2.0,3498.0,,
3 Bedroom House,650000.0,3.0,1.0,2.0,225.0,,
8 Bedroom House,10995000.0,8.0,5.0,4.0,1378.0,,
4 Bedroom House,2500000.0,4.0,1.0,4.0,598.0,,
Apartment,795000.0,,1.0,,,,
6 Bedroom House,6599900.0,6.0,5.0,3.0,,,
3 Bedroom House,2390000.0,3.0,2.0,4.0,1318.0,,
3 Bedroom House,1749000.0,3.0,2.0,6.0,1002.0,,
6 Bedroom House,4600000.0,6.0,6.0,3.0,800.0,,
2 Bedroom Townhouse,2600000.0,2.0,15.0,1.0,,,
4 Bedroom Apartment,6110000.0,4.0,3.0,2.0,,,
4 Bedroom House,1500000.0,4.0,4.0,2.0,,,
3 Bedroom House,700000.0,3.0,1.0,,,,
1 Bedroom Apartment,1045000.0,1.0,1.0,,,,
3 Bedroom House,1495000.0,3.0,2.0,4.0,1241.0,,
3 Bedroom Apartment,4950000.0,3.0,3.0,2.0,,,
3 Bedroom House,3495000.0,3.0,3.0,3.0,824.0,,
2 Bedroom Townhouse,1290000.0,2.0,15.0,2.0,2282.0,,
2 Bedroom Apartment,780000.0,2.0,1.0,1.0,,,
3 Bedroom Apartment,1150000.0,3.0,2.0,2.0,,,
2 Bedroom Apartment,650000.0,2.0,1.0,,,,
2 Bedroom Apartment,1199000.0,2.0,1.0,1.0,,,
3 Bedroom Apartment,1645000.0,3.0,2.0,2.0,,,
3 Bedroom House,1395000.0,3.0,2.0,4.0,992.0,,
2 Bedroom Townhouse,750000.0,2.0,1.0,2.0,26720.0,"28 Mtwalumi Holiday Resort, 92 Dek Road",
4 Bedroom Townhouse,3499000.0,4.0,4.0,4.0,,,
2 Bedroom Apartment,750000.0,2.0,1.0,1.0,,1 Nicholson Avenue,
3 Bedroom House,1500000.0,3.0,2.0,4.0,1169.0,,
2 Bedroom Apartment,380000.0,2.0,1.0,,,,
3 Bedroom Apartment,1645000.0,3.0,2.0,2.0,,,
4 Bedroom House,7500000.0,4.0,45.0,6.0,1539.0,6 Glen Drive,
2 Bedroom Apartment,1795000.0,2.0,2.0,2.0,,7 Aurora Drive,
8 Bedroom House,3250000.0,8.0,7.0,1.0,2058.0,13 West Road,
3 Bedroom Apartment,2600000.0,3.0,2.0,2.0,,"67 Bay Ridge, 53 King Fisher Street",
3 Bedroom House,1550000.0,3.0,2.0,2.0,1219.0,,
4 Bedroom Apartment,9500000.0,4.0,5.0,4.0,,,
4 Bedroom House,8900000.0,4.0,5.0,3.0,1763.0,"45 Woodchester Rd, Inanda Rd",
8 Bedroom House,3250000.0,8.0,7.0,1.0,2058.0,13 West Road,
House,1800000.0,,,,906.0,"4 Tassel Crescent, New Dawn Park",
2 Bedroom Apartment,695000.0,2.0,15.0,1.0,,68 St Andrews Street,
3 Bedroom House,2400000.0,3.0,2.0,1.0,2553.0,173 Doctor Jansen Street,
3 Bedroom Apartment,3500000.0,3.0,2.0,1.0,,"15 Perna Perna 2, 7 North Beach Road",
2 Bedroom House,590000.0,2.0,1.0,2.0,338.0,,
2 Bedroom Apartment,3100000.0,2.0,2.0,1.0,,,
3 Bedroom House,1500000.0,3.0,3.0,3.0,1132.0,1a Elms Street,
4 Bedroom Apartment,5750000.0,4.0,3.0,2.0,,20 Setai,
2 Bedroom Townhouse,1818000.0,2.0,1.0,1.0,,2 Country Lane,
4 Bedroom House,7950000.0,4.0,4.0,2.0,3718.0,,
2 Bedroom Apartment,650000.0,2.0,1.0,1.0,,"17 Mayors Walk Gardens, 90 Mayors Walk",
2.5 Bedroom Townhouse,790000.0,25.0,1.0,2.0,638.0,,
3 Bedroom Townhouse,3200000.0,3.0,2.0,4.0,,,
2 Bedroom Apartment,2000000.0,2.0,2.0,1.0,,,
4 Bedroom House,1350000.0,4.0,15.0,5.0,725.0,,
3 Bedroom Apartment,1680000.0,3.0,2.0,2.0,,,
3 Bedroom House,1250000.0,3.0,1.0,4.0,209.0,,
3 Bedroom Townhouse,1295000.0,3.0,3.0,1.0,,,
2 Bedroom Apartment,750000.0,2.0,1.0,2.0,,,
4 Bedroom House,899000.0,4.0,2.0,1.0,370.0,,
3 Bedroom House,950000.0,3.0,2.0,3.0,1087.0,,
3 Bedroom House,8523000.0,3.0,35.0,2.0,2776.0,,
2 Bedroom House,1195000.0,2.0,1.0,6.0,511.0,,
4 Bedroom House,495000.0,4.0,1.0,,372.0,,
4 Bedroom House,1380000.0,4.0,3.0,4.0,940.0,,
2 Bedroom House,980000.0,2.0,1.0,3.0,265.0,,
4 Bedroom House,2200000.0,4.0,3.0,4.0,766.0,,
1 Bedroom Apartment,1325000.0,1.0,1.0,,,,
1 Bedroom Apartment,1400000.0,1.0,1.0,,,,
2 Bedroom House,1195000.0,2.0,1.0,6.0,511.0,,
4 Bedroom Apartment,2250000.0,4.0,2.0,1.0,,,
1 Bedroom Apartment,1280000.0,1.0,1.0,1.0,,,
2 Bedroom House,800000.0,2.0,1.0,3.0,310.0,,
5 Bedroom House,750000.0,5.0,2.0,2.0,830.0,,
3 Bedroom Apartment,1350000.0,3.0,1.0,1.0,,,
2 Bedroom Apartment,1100000.0,2.0,2.0,1.0,,,
3 Bedroom House,1995000.0,3.0,2.0,2.0,1800.0,,
4 Bedroom House,11200000.0,4.0,45.0,4.0,,,
1 Bedroom Apartment,1450000.0,1.0,1.0,2.0,,,
3 Bedroom House,1320000.0,3.0,2.0,1.0,24.0,,
2 Bedroom Apartment,380000.0,2.0,2.0,2.0,,53 Marine Drive,
3 Bedroom House,1900000.0,3.0,35.0,4.0,941.0,Lincoln Drive 1176 Ptn 2,
5 Bedroom House,1695000.0,5.0,2.0,6.0,746.0,,
3 Bedroom Apartment,1250000.0,3.0,25.0,2.0,,"5 Southgate, 10 Stafford Avenue",
2 Bedroom Apartment,1699000.0,2.0,1.0,1.0,,,
3 Bedroom House,1200000.0,3.0,2.0,2.0,649.0,,
3 Bedroom Apartment,1795000.0,3.0,2.0,1.0,,"16 Ss Wakenshaw Estate, 3527 Hilton Street, Unit 16 Wakenshaw Estate",
3 Bedroom House,580000.0,3.0,1.0,1.0,,,
2 Bedroom Apartment,730000.0,2.0,2.0,1.0,,,
6 Bedroom House,2200000.0,6.0,4.0,2.0,1556.0,,
4 Bedroom House,11500000.0,4.0,45.0,6.0,1333.0,,
3 Bedroom Townhouse,4995000.0,3.0,35.0,2.0,198.0,,
5 Bedroom House,3450000.0,5.0,3.0,12.0,4170.0,9 Emoyeni Drive,
3 Bedroom Apartment,1795000.0,3.0,2.0,1.0,,"16 Ss Wakenshaw Estate, 3527 Hilton Street, Unit 16 Wakenshaw Estate",
11 Bedroom House,2450000.0,11.0,8.0,14.0,,,
3 Bedroom House,895000.0,3.0,1.0,4.0,279.0,,
4 Bedroom House,700000.0,4.0,2.0,4.0,914.0,,
3 Bedroom Townhouse,3600000.0,3.0,45.0,4.0,,,
4 Bedroom House,1530000.0,4.0,3.0,,1260.0,,
4 Bedroom House,17500000.0,4.0,4.0,3.0,1124.0,,
8 Bedroom House,4000000.0,8.0,4.0,,819.0,,
3 Bedroom House,895000.0,3.0,1.0,4.0,279.0,,
6 Bedroom House,1950000.0,6.0,4.0,8.0,2430.0,,
1 Bedroom Apartment,595000.0,1.0,1.0,1.0,,,
3 Bedroom Townhouse,1050000.0,3.0,2.0,1.0,,,
1 Bedroom Apartment,405000.0,1.0,1.0,,,Unit 402 78 Field Street,
3 Bedroom Apartment,675000.0,3.0,1.0,2.0,,,
3 Bedroom Apartment,1900000.0,3.0,2.0,2.0,91.0,,
2 Bedroom House,650000.0,2.0,1.0,3.0,319.0,,
2 Bedroom House,1343750.0,2.0,2.0,3.0,906.0,,
3 Bedroom House,1200000.0,3.0,2.0,6.0,977.0,,
3 Bedroom Apartment,2950000.0,3.0,2.0,2.0,,,
2 Bedroom Apartment,995000.0,2.0,15.0,,,,
2 Bedroom Apartment,595000.0,2.0,1.0,1.0,,,
2 Bedroom House,590000.0,2.0,1.0,,450.0,,
5 Bedroom House,1395000.0,5.0,5.0,1.0,,,
4 Bedroom Townhouse,3495000.0,4.0,3.0,2.0,3497.0,"6 Ss La Piroque, 1975 Marine Drive",
3 Bedroom Apartment,1190000.0,3.0,2.0,1.0,,"13 Ss Club Cabana, 2129 Shore Drive",
3 Bedroom Townhouse,3500000.0,3.0,3.0,8.0,157.0,,
2 Bedroom House,900000.0,2.0,2.0,4.0,332.0,193 Sastri Circle,
2 Bedroom Apartment,895000.0,2.0,15.0,2.0,,"20 Ss Protea Lodge, 290 Problem Mkhize Road",
3 Bedroom Apartment,2350000.0,3.0,2.0,2.0,,117 Inanda Road,
2 Bedroom Apartment,720000.0,2.0,2.0,1.0,,"36 Waterways, 21 Hlawe Street",
3 Bedroom Townhouse,1049000.0,3.0,2.0,4.0,901.0,543 Mountbatten Drive,
2 Bedroom Apartment,730000.0,2.0,1.0,1.0,,,
4 Bedroom House,8495000.0,4.0,3.0,5.0,1416.0,,
3 Bedroom Apartment,1190000.0,3.0,2.0,1.0,,"13 Ss Club Cabana, 2129 Shore Drive",
3 Bedroom Apartment,1250000.0,3.0,1.0,1.0,,,
3 Bedroom House,1210000.0,3.0,2.0,6.0,1416.0,,
7 Bedroom House,4000000.0,7.0,5.0,13.0,1068.0,,
4 Bedroom Townhouse,895000.0,4.0,2.0,2.0,13608.0,"Fish Eagle, 99 End Road",
4 Bedroom Apartment,7200000.0,4.0,2.0,1.0,,,
2 Bedroom Apartment,1350000.0,2.0,2.0,1.0,,41 Sol Harris Crescent,
2 Bedroom Apartment,1750000.0,2.0,2.0,1.0,,"47 Seasons Park, 82 Summer Way",
2 Bedroom Apartment,1095000.0,2.0,2.0,1.0,,,
3 Bedroom House,1975000.0,3.0,2.0,6.0,1387.0,,
2 Bedroom Townhouse,890000.0,2.0,1.0,1.0,,,
2 Bedroom House,650000.0,2.0,1.0,6.0,463.0,,
3 Bedroom House,499000.0,3.0,1.0,,,,
2 Bedroom Apartment,499000.0,2.0,1.0,1.0,,,
4 Bedroom Townhouse,1850000.0,4.0,3.0,2.0,,,
3 Bedroom Apartment,1250000.0,3.0,2.0,2.0,,,
4 Bedroom House,4500000.0,4.0,3.0,3.0,1348.0,,
2 Bedroom Apartment,695000.0,2.0,1.0,2.0,,,
3 Bedroom House,2350000.0,3.0,2.0,2.0,1025.0,,
2 Bedroom House,680000.0,2.0,1.0,,1051.0,,
4 Bedroom House,6500000.0,4.0,4.0,,981.0,,
3 Bedroom Townhouse,3550000.0,3.0,25.0,3.0,,17 The Vineyards,
2 Bedroom House,2905000.0,2.0,2.0,1.0,331.0,,
3 Bedroom House,2500000.0,3.0,2.0,1.0,841.0,,
2 Bedroom Apartment,2245000.0,2.0,2.0,2.0,,,
2 Bedroom House,2905000.0,2.0,2.0,1.0,331.0,,
3 Bedroom House,750000.0,3.0,2.0,1.0,238.0,,
3 Bedroom Apartment,980000.0,3.0,2.0,1.0,23893.0,,
3 Bedroom Apartment,3720000.0,3.0,3.0,2.0,,,
3 Bedroom Apartment,2100000.0,3.0,2.0,2.0,,,
4 Bedroom Apartment,890000.0,4.0,2.0,,200.0,,
3 Bedroom House,850000.0,3.0,2.0,1.0,,,
3 Bedroom Apartment,3999000.0,3.0,2.0,1.0,,,
2 Bedroom Apartment,2890000.0,2.0,2.0,2.0,,,
1 Bedroom Apartment,850000.0,1.0,1.0,2.0,,,
3 Bedroom Townhouse,890000.0,3.0,2.0,1.0,108034.0,,
3 Bedroom Apartment,1150000.0,3.0,2.0,2.0,,,
2 Bedroom Apartment,3195000.0,2.0,25.0,2.0,,,
2 Bedroom Apartment,3195000.0,2.0,25.0,2.0,,,
4 Bedroom House,3250000.0,4.0,3.0,7.0,,,
2 Bedroom Apartment,3100000.0,2.0,2.0,1.0,,,
3 Bedroom Apartment,1060000.0,3.0,2.0,2.0,,,
3 Bedroom Apartment,2940000.0,3.0,25.0,2.0,,,
2 Bedroom Apartment,690000.0,2.0,1.0,2.0,,,
3 Bedroom House,995000.0,3.0,2.0,1.0,405.0,,
2 Bedroom Apartment,2550000.0,2.0,2.0,2.0,,,
2 Bedroom Townhouse,765000.0,2.0,1.0,1.0,49954.0,,
1 Bedroom Apartment,740000.0,1.0,1.0,1.0,,,
3 Bedroom Apartment,850000.0,3.0,2.0,1.0,,,
2 Bedroom Apartment,3700000.0,2.0,2.0,1.0,,,
3 Bedroom House,980000.0,3.0,2.0,4.0,231.0,,
2 Bedroom Apartment,3900000.0,2.0,2.0,2.0,,,
2 Bedroom Apartment,850000.0,2.0,1.0,1.0,,,
3 Bedroom Townhouse,1690000.0,3.0,25.0,2.0,,,
3 Bedroom Apartment,1120000.0,3.0,2.0,3.0,,,
3 Bedroom Townhouse,1620000.0,3.0,2.0,4.0,176.0,,
3 Bedroom House,1600000.0,3.0,2.0,8.0,465.0,,
6 Bedroom House,7800000.0,6.0,5.0,6.0,1066.0,,
3 Bedroom Apartment,9250000.0,3.0,3.0,2.0,,"601 Ss Oyster Schelles, 7 Ocean Way",
2 Bedroom Apartment,3100000.0,2.0,2.0,2.0,,,
3 Bedroom House,2750000.0,3.0,2.0,2.0,1012.0,,
2 Bedroom Apartment,1800000.0,2.0,2.0,2.0,,,
6 Bedroom House,5850000.0,6.0,65.0,3.0,1175.0,,
3 Bedroom Townhouse,1150000.0,3.0,2.0,3.0,2412.0,,
2 Bedroom Apartment,685000.0,2.0,1.0,1.0,,,
1.5 Bedroom Apartment,680000.0,15.0,1.0,1.0,,,
4 Bedroom House,1700000.0,4.0,,6.0,1359.0,,
2 Bedroom Townhouse,920000.0,2.0,2.0,3.0,9.0,,
2 Bedroom House,1050000.0,2.0,1.0,2.0,699.0,,
3 Bedroom Apartment,,3.0,3.0,2.0,,52 Marine Drive,
3 Bedroom Townhouse,1690000.0,3.0,25.0,2.0,,,
3 Bedroom House,680000.0,3.0,2.0,,205.0,,
3 Bedroom Apartment,4495000.0,3.0,2.0,2.0,,3 Douglas Crowe Avenue,
2 Bedroom Townhouse,630000.0,2.0,2.0,1.0,13781.0,4 End Road,
5 Bedroom House,5950000.0,5.0,45.0,2.0,1669.0,,
3 Bedroom Townhouse,1600000.0,3.0,25.0,2.0,2059.0,"3 Mandaville Lodge, 86 Cato",
2 Bedroom Apartment,750000.0,2.0,2.0,1.0,,4 Manaba Beach Road,
3 Bedroom Townhouse,1695000.0,3.0,2.0,3.0,2365.0,,
3 Bedroom Apartment,3500000.0,3.0,2.0,2.0,,,
3.5 Bedroom House,3400000.0,35.0,3.0,6.0,790.0,,
3 Bedroom House,1850000.0,3.0,25.0,8.0,1360.0,187 Josiah Gumede,
2 Bedroom Townhouse,1450000.0,2.0,2.0,2.0,,"Ss 8 Ss Bromley Mews, 3 Angus Drive",
5 Bedroom Townhouse,4295000.0,5.0,45.0,4.0,,"3/4 Corner Gardens, 26 Nelson Road",
2 Bedroom Apartment,2750000.0,2.0,2.0,1.0,,35 Sheffield Drive,
3 Bedroom House,3995000.0,3.0,25.0,4.0,652.0,44 Blink Bonnie Lane,
4 Bedroom House,3400000.0,4.0,5.0,4.0,3385.0,78 Rainbow Drive,
2 Bedroom Apartment,880000.0,2.0,1.0,1.0,,,
3 Bedroom Townhouse,6800000.0,3.0,3.0,2.0,17.0,1 Maple Close,
3 Bedroom Apartment,5500000.0,3.0,3.0,2.0,,14 Beach Road,
3 Bedroom Apartment,2450000.0,3.0,2.0,2.0,,"1130 Ss Ballito Hills, 1 Hills Avenue, Unit 1130 Ballito Hills",
2 Bedroom Apartment,1150000.0,2.0,1.0,1.0,,47 Ellcock Road,
2 Bedroom Apartment,2750000.0,2.0,2.0,1.0,,35 Sheffield Drive,
3 Bedroom House,2550000.0,3.0,2.0,45.0,5900.0,,
5 Bedroom House,13000000.0,5.0,4.0,4.0,1030.0,3 Ihlati,
3 Bedroom House,2495000.0,3.0,2.0,7.0,2035.0,21a Sherwood Drive,
4 Bedroom House,3850000.0,4.0,4.0,6.0,1739.0,90 St Helier Road,
3 Bedroom Apartment,1550000.0,3.0,25.0,1.0,,386 New Germany Road,
4 Bedroom House,1793500.0,4.0,3.0,1.0,849.0,,
3 Bedroom Apartment,780000.0,3.0,2.0,,,,
3 Bedroom House,1695000.0,3.0,2.0,4.0,1041.0,,
3 Bedroom House,1620000.0,3.0,3.0,1.0,809.0,,
2 Bedroom Apartment,695000.0,2.0,,1.0,,,
3 Bedroom House,1595000.0,3.0,2.0,6.0,777.0,,
4 Bedroom House,1793500.0,4.0,3.0,1.0,849.0,,
3 Bedroom House,1250000.0,3.0,1.0,2.0,1012.0,,
3 Bedroom Apartment,1385000.0,3.0,2.0,1.0,,"29 Ss La Roche, 61 Colin Street",
3 Bedroom Townhouse,3650000.0,3.0,2.0,4.0,27643.0,,
4 Bedroom House,7355000.0,4.0,4.0,3.0,713.0,2227 The Knoll,
3 Bedroom House,1950000.0,3.0,25.0,6.0,292.0,,
2.5 Bedroom House,1390000.0,25.0,1.0,2.0,587.0,,
3 Bedroom House,2299000.0,3.0,1.0,10.0,776.0,,
1 Bedroom Apartment,429000.0,1.0,1.0,1.0,,,
4 Bedroom House,11900000.0,4.0,45.0,4.0,,,
3 Bedroom House,1850000.0,3.0,2.0,2.0,777.0,,
2 Bedroom Apartment,,2.0,1.0,1.0,,5 Wolseley Road,
3 Bedroom Apartment,,3.0,1.0,1.0,,5 Wolseley Road,
2 Bedroom Apartment,650000.0,2.0,1.0,1.0,,,
4 Bedroom House,16500000.0,4.0,3.0,34.0,9389.0,,
House,750000.0,,,,1500.0,,
3 Bedroom Townhouse,795000.0,3.0,2.0,1.0,89896.0,,
5 Bedroom House,14500000.0,5.0,65.0,6.0,1146.0,,
3 Bedroom House,1850000.0,3.0,2.0,3.0,938.0,,
2 Bedroom Apartment,650000.0,2.0,1.0,1.0,,,
2 Bedroom Apartment,1100000.0,2.0,1.0,1.0,,,
2 Bedroom Apartment,3500000.0,2.0,2.0,1.0,,2 Heleza Boulevard,
3 Bedroom Townhouse,950000.0,3.0,2.0,2.0,,,
5 Bedroom House,2000000.0,5.0,4.0,8.0,959.0,,
3 Bedroom House,1795000.0,3.0,2.0,8.0,1115.0,,
7 Bedroom House,1595000.0,7.0,4.0,2.0,323.0,,
3 Bedroom House,1550000.0,3.0,2.0,3.0,294.0,,
3 Bedroom House,950000.0,3.0,2.0,2.0,1106.0,,
3 Bedroom Apartment,1600000.0,3.0,2.0,1.0,,222 South Beach Road,
1 Bedroom Apartment,850000.0,1.0,1.0,2.0,,"Westwood Estate, 11 S325 Flame Thorn",
3 Bedroom House,1100000.0,3.0,2.0,3.0,987.0,10 Ford Avenue,
2 Bedroom Townhouse,1895000.0,2.0,2.0,2.0,,,
2 Bedroom House,2500000.0,2.0,2.0,5.0,902.0,,
2 Bedroom Apartment,1130000.0,2.0,1.0,1.0,,,
4 Bedroom House,1200000.0,4.0,2.0,11.0,1629.0,,
3 Bedroom House,4199000.0,3.0,2.0,7.0,1447.0,,
3 Bedroom Apartment,2400000.0,3.0,2.0,2.0,,67 Colin Street,
3 Bedroom Apartment,1500000.0,3.0,2.0,2.0,,15 Marine Drive 5 Arabella,
3 Bedroom House,860000.0,3.0,1.0,4.0,372.0,,
6 Bedroom House,6900000.0,6.0,4.0,9.0,2345.0,,
3 Bedroom House,1395000.0,3.0,15.0,2.0,735.0,,
2 Bedroom Apartment,1530000.0,2.0,2.0,1.0,,,
2 Bedroom Apartment,1400000.0,2.0,2.0,1.0,,,
3 Bedroom House,3695000.0,3.0,2.0,5.0,2934.0,,
3 Bedroom House,1600000.0,3.0,1.0,6.0,560.0,,
5 Bedroom House,2950000.0,5.0,35.0,8.0,3339.0,,
1 Bedroom Apartment,4450000.0,1.0,1.0,1.0,,19 Lagoon Drive,
5 Bedroom House,5000000.0,5.0,3.0,,4047.0,,
3 Bedroom Townhouse,850000.0,3.0,1.0,2.0,4500.0,,
3 Bedroom Townhouse,4150000.0,3.0,2.0,2.0,,95 Inanda Road,
3 Bedroom Townhouse,1350000.0,3.0,2.0,2.0,4725.0,,
1 Bedroom Apartment,4450000.0,1.0,1.0,1.0,,19 Lagoon Drive,
5 Bedroom House,7850000.0,5.0,45.0,11.0,15002.0,183/2 Nyala Drive,
4 Bedroom House,1550000.0,4.0,4.0,5.0,294.0,,
4 Bedroom Apartment,10500000.0,4.0,4.0,2.0,,2 Lighthouse Road,
2 Bedroom Apartment,1200000.0,2.0,2.0,,,,
2 Bedroom House,480000.0,2.0,1.0,,1826.0,1625 Lovedale,
5 Bedroom House,1450000.0,5.0,4.0,1.0,4047.0,81 Prince Alfred Street,
6 Bedroom House,3450000.0,6.0,5.0,8.0,1105.0,,
2 Bedroom Apartment,1350000.0,2.0,2.0,1.0,,,
4 Bedroom House,699000.0,4.0,1.0,1.0,,,
3 Bedroom House,3850000.0,3.0,2.0,2.0,2309.0,,
2 Bedroom House,510000.0,2.0,1.0,1.0,633.0,,
2 Bedroom Townhouse,2990000.0,2.0,2.0,1.0,,,
2 Bedroom Apartment,750000.0,2.0,1.0,1.0,,,
3 Bedroom Apartment,5800000.0,3.0,3.0,2.0,,,
3 Bedroom Apartment,14000000.0,3.0,35.0,2.0,,,
3 Bedroom Townhouse,849000.0,3.0,2.0,1.0,1965.0,,
3 Bedroom Townhouse,849000.0,3.0,2.0,1.0,1965.0,,
2 Bedroom Townhouse,2650000.0,2.0,1.0,2.0,,,
3 Bedroom House,780000.0,3.0,2.0,1.0,,,
2 Bedroom Apartment,3495000.0,2.0,2.0,2.0,,,
2 Bedroom Apartment,1050000.0,2.0,2.0,1.0,,,
8 Bedroom House,3980000.0,8.0,8.0,5.0,1179.0,,
5 Bedroom House,2500000.0,5.0,2.0,4.0,2610.0,,
1 Bedroom Apartment,1276000.0,1.0,1.0,1.0,,,
4 Bedroom House,1600000.0,4.0,15.0,2.0,1012.0,,
6 Bedroom House,4200000.0,6.0,5.0,4.0,1353.0,244 Green Lane,
2 Bedroom House,595000.0,2.0,2.0,1.0,32711.0,"131 Ss Illala Palms, 90 Main Road",
4 Bedroom Townhouse,9000000.0,4.0,5.0,2.0,2.0,14 Umsinsi,
4 Bedroom House,4850000.0,4.0,4.0,6.0,1130.0,,
2 Bedroom Apartment,3199000.0,2.0,2.0,2.0,,,
4 Bedroom House,1390000.0,4.0,2.0,2.0,1012.0,15 Byrne Road,
2 Bedroom Townhouse,2095000.0,2.0,2.0,2.0,,"8 Five Acres, 75 Kitchener Road",
3 Bedroom House,1940000.0,3.0,2.0,10.0,1658.0,,
2 Bedroom Apartment,5400000.0,2.0,2.0,1.0,,,
9 Bedroom House,6450000.0,9.0,9.0,3.0,45265.0,,
6 Bedroom House,2700000.0,6.0,3.0,1.0,2726.0,,
3 Bedroom House,850000.0,3.0,2.0,3.0,315.0,,
1 Bedroom Apartment,580000.0,1.0,1.0,2.0,,,
2 Bedroom Apartment,650000.0,2.0,1.0,1.0,,,
2 Bedroom Apartment,995000.0,2.0,2.0,1.0,,,
4 Bedroom Apartment,2399000.0,4.0,2.0,2.0,,,
2 Bedroom Apartment,1690000.0,2.0,2.0,1.0,73.0,,
2 Bedroom Apartment,995000.0,2.0,2.0,1.0,,,
4 Bedroom House,2799000.0,4.0,3.0,6.0,2485.0,,
2 Bedroom Apartment,2995000.0,2.0,2.0,2.0,,,
4 Bedroom Townhouse,4470000.0,4.0,5.0,7.0,,,
0.5 Bedroom Apartment,607375.0,5.0,1.0,1.0,,,
3 Bedroom Apartment,5900000.0,3.0,25.0,4.0,,"29 Ss Luxe Zimbali, 2 Yellowwood Drive, 29 Luxe Zimbali",
4 Bedroom House,4950000.0,4.0,3.0,4.0,8000.0,,
3 Bedroom Apartment,1595000.0,3.0,2.0,2.0,,,
1 Bedroom Apartment,630000.0,1.0,1.0,1.0,,,
Apartment,465000.0,,1.0,1.0,,17 Payne Street,
2 Bedroom Townhouse,1100000.0,2.0,1.0,1.0,1405.0,,
5 Bedroom House,21500000.0,5.0,45.0,7.0,2343.0,,
3 Bedroom Apartment,3150000.0,3.0,2.0,2.0,,"23 Newlands Drive, Umhlanga",
13 Bedroom House,22000000.0,13.0,12.0,15.0,5851.0,2 & 4 Kings Avenue,
3 Bedroom House,1800000.0,3.0,2.0,8.0,1012.0,,
2 Bedroom Apartment,1050000.0,2.0,2.0,1.0,3827.0,,
2 Bedroom Apartment,1250000.0,2.0,2.0,1.0,3827.0,,
1 Bedroom Apartment,900000.0,1.0,1.0,1.0,3827.0,,
2 Bedroom Apartment,1250000.0,2.0,2.0,1.0,3827.0,,
3 Bedroom House,995000.0,3.0,2.0,6.0,811.0,,
2 Bedroom Townhouse,832000.0,2.0,15.0,3.0,220.0,"Capital Hill Estate, Bishopstowe",
4 Bedroom House,4950000.0,4.0,3.0,4.0,8000.0,,
2.5 Bedroom Apartment,995000.0,25.0,1.0,1.0,,"13 Ss Jesmond Court, 69 Berea Park Road",
1 Bedroom Apartment,1350000.0,1.0,1.0,1.0,,,
2 Bedroom Apartment,890000.0,2.0,2.0,1.0,,,
4 Bedroom House,7500000.0,4.0,3.0,,3259.0,,
15 Bedroom Townhouse,6410000.0,15.0,10.0,5.0,2030.0,,
1 Bedroom Apartment,1750000.0,1.0,1.0,,46.0,,
2 Bedroom Apartment,4995000.0,2.0,2.0,,1247.0,,
1 Bedroom Apartment,730000.0,1.0,1.0,1.0,,,
4 Bedroom House,5800000.0,4.0,3.0,2.0,852.0,,
5 Bedroom House,6195000.0,5.0,3.0,8.0,1449.0,,
1 Bedroom Apartment,1090000.0,1.0,1.0,1.0,,,
5 Bedroom House,3600000.0,5.0,6.0,4.0,1132.0,,
2 Bedroom Apartment,450000.0,2.0,1.0,1.0,,,
1 Bedroom Apartment,2695350.0,1.0,1.0,2.0,,,
1 Bedroom Apartment,1850000.0,1.0,1.0,1.0,,,
5 Bedroom House,6195000.0,5.0,3.0,8.0,1449.0,,
2 Bedroom Apartment,650000.0,2.0,1.0,1.0,,,
3 Bedroom Townhouse,1300000.0,3.0,2.0,2.0,,,
23 Bedroom House,9200000.0,23.0,13.0,,41630.0,,
3 Bedroom Townhouse,1399000.0,3.0,2.0,3.0,,,
3 Bedroom Apartment,630000.0,3.0,1.0,,,,
3 Bedroom Apartment,870000.0,3.0,2.0,2.0,,,
2 Bedroom Apartment,1975000.0,2.0,2.0,1.0,,,
2 Bedroom Apartment,4895000.0,2.0,2.0,2.0,,,
3 Bedroom House,750000.0,3.0,1.0,2.0,,,
3 Bedroom Apartment,1800000.0,3.0,25.0,1.0,3482.0,,
3 Bedroom Apartment,1320000.0,3.0,2.0,1.0,,,
6 Bedroom House,1500000.0,6.0,4.0,13.0,,,
2 Bedroom Apartment,920000.0,2.0,1.0,2.0,,,
3 Bedroom Apartment,1320000.0,3.0,2.0,1.0,,,
3 Bedroom House,450000.0,3.0,15.0,1.0,300.0,"18 Magic Wand Circle, Cinderella Park",
3 Bedroom House,970000.0,3.0,1.0,4.0,134.0,,
2 Bedroom Apartment,779000.0,2.0,1.0,2.0,,Unit 34 Carrington Heights 57 Kennard Rise Rd,
2 Bedroom Apartment,550000.0,2.0,2.0,2.0,,,
1.5 Bedroom Apartment,1169000.0,15.0,1.0,,,,
2 Bedroom House,875000.0,2.0,1.0,2.0,250.0,,
0.5 Bedroom Apartment,550000.0,5.0,1.0,,,,
3 Bedroom House,820000.0,3.0,2.0,4.0,,,
2 Bedroom House,350000.0,2.0,1.0,10.0,850.0,,
2 Bedroom House,719000.0,2.0,1.0,2.0,129.0,,
3 Bedroom House,1550000.0,3.0,2.0,6.0,275.0,,
4 Bedroom Townhouse,,4.0,2.0,2.0,,,
5 Bedroom House,1200000.0,5.0,4.0,3.0,,,
1 Bedroom Apartment,1500000.0,1.0,1.0,,,,
2 Bedroom Apartment,695000.0,2.0,15.0,2.0,,,
3 Bedroom House,695000.0,3.0,25.0,2.0,,,
3 Bedroom Apartment,2830000.0,3.0,2.0,3.0,,,
2 Bedroom Townhouse,1389000.0,2.0,1.0,1.0,,149 Inanda Road,
2 Bedroom Apartment,1095000.0,2.0,1.0,1.0,,41 Sol Harris Crescent,
11 Bedroom House,8650000.0,11.0,10.0,12.0,1863.0,,
3 Bedroom Townhouse,1950000.0,3.0,3.0,1.0,123.0,144 Minerva Road South,
4 Bedroom House,17500000.0,4.0,4.0,4.0,,,
2 Bedroom Apartment,1595000.0,2.0,1.0,1.0,,,
6 Bedroom House,2490000.0,6.0,3.0,2.0,641.0,,
3 Bedroom House,1950000.0,3.0,15.0,3.0,638.0,,
5 Bedroom House,1800000.0,5.0,2.0,2.0,915.0,,
1.5 Bedroom Apartment,995000.0,15.0,1.0,,,91 Somtseu Road,
5 Bedroom House,6500000.0,5.0,45.0,2.0,577.0,,
3 Bedroom Apartment,1050000.0,3.0,25.0,1.0,,,
2 Bedroom Apartment,970000.0,2.0,2.0,1.0,,"1 Ss Breaker View, 187 Kingsway Road",
2 Bedroom Apartment,2150000.0,2.0,3.0,3.0,,,
3 Bedroom Apartment,2830000.0,3.0,2.0,3.0,,,
3 Bedroom House,2895000.0,3.0,2.0,3.0,1203.0,,
4 Bedroom House,1700000.0,4.0,2.0,2.0,1522.0,,
2 Bedroom Apartment,895000.0,2.0,1.0,1.0,,,
1 Bedroom Apartment,950000.0,1.0,1.0,1.0,,,
3 Bedroom House,1720000.0,3.0,2.0,2.0,,,
2 Bedroom Apartment,1200000.0,2.0,2.0,1.0,,,
2 Bedroom Townhouse,900000.0,2.0,1.0,2.0,13624.0,,
5 Bedroom House,4890000.0,5.0,2.0,10.0,2950.0,,
3 Bedroom House,1100000.0,3.0,15.0,6.0,1908.0,,
3 Bedroom Apartment,1800000.0,3.0,2.0,1.0,,1240 Marine Drive,
4 Bedroom House,5850000.0,4.0,35.0,4.0,1019.0,Contact Agent for Address,
3 Bedroom House,2200000.0,3.0,2.0,10.0,1005.0,,
2 Bedroom Townhouse,995000.0,2.0,1.0,1.0,,,
5 Bedroom House,4890000.0,5.0,2.0,10.0,2950.0,,
1 Bedroom Apartment,864000.0,1.0,1.0,1.0,,,
2 Bedroom Apartment,950000.0,2.0,1.0,3.0,,,
4 Bedroom Townhouse,3795000.0,4.0,25.0,3.0,1138.0,"38 Eagle Rock Estate, 90 St Helier Road",
3 Bedroom House,420000.0,3.0,2.0,,,,
4 Bedroom House,1550000.0,4.0,2.0,5.0,2098.0,,
7 Bedroom House,2500000.0,7.0,3.0,3.0,14773.0,,
3 Bedroom House,1395000.0,3.0,2.0,3.0,908.0,,
3 Bedroom House,2550000.0,3.0,3.0,6.0,1981.0,1 Axbridge Place,
3 Bedroom Townhouse,2150000.0,3.0,2.0,2.0,,,
3 Bedroom House,5249000.0,3.0,35.0,4.0,8265.0,"18 Dolphin Ridge, 18 Dolphin Ridge",
4 Bedroom House,5450000.0,4.0,4.0,5.0,1167.0,"Plantations Estate, 47 Shongweni Road",
4 Bedroom House,5250000.0,4.0,35.0,2.0,433.0,169 Short Lane,
3 Bedroom House,1185000.0,3.0,2.0,5.0,1221.0,,
3 Bedroom House,1185000.0,3.0,2.0,5.0,1221.0,,
2 Bedroom Apartment,3800000.0,2.0,2.0,3.0,,,
3 Bedroom Apartment,1170000.0,3.0,2.0,2.0,,,
3 Bedroom Apartment,4500000.0,3.0,2.0,2.0,,,
4 Bedroom House,1690000.0,4.0,4.0,2.0,1497.0,,
2 Bedroom Apartment,1399000.0,2.0,2.0,2.0,,"5 Ss La Mouette, 28 Collison Street",
2 Bedroom Apartment,1050000.0,2.0,2.0,2.0,,"8 Ss Sandcastles, 16 Orange Rocks Road",
4 Bedroom House,2600000.0,4.0,2.0,4.0,,,
2 Bedroom Apartment,1300000.0,2.0,1.0,1.0,,,
4 Bedroom House,2999000.0,4.0,3.0,5.0,2399.0,,
4 Bedroom House,7900000.0,4.0,35.0,4.0,4119.0,"2 Montgomery Road,",
2 Bedroom Apartment,1450000.0,2.0,1.0,1.0,,,
30 Bedroom House,10500000.0,30.0,,20.0,4008.0,,
4 Bedroom House,15990000.0,4.0,45.0,4.0,3171.0,,
3 Bedroom Apartment,790000.0,3.0,1.0,1.0,,,
4 Bedroom House,4000000.0,4.0,35.0,4.0,1333.0,22 Glen Drive,
3 Bedroom House,2495000.0,3.0,2.0,10.0,1012.0,,
2 Bedroom Townhouse,1050000.0,2.0,1.0,1.0,688.0,,
3 Bedroom House,795000.0,3.0,2.0,,465.0,81 Fiona Street,
3.5 Bedroom Townhouse,1500000.0,35.0,3.0,2.0,,,
4 Bedroom House,4280000.0,4.0,2.0,3.0,1073.0,,
3 Bedroom House,875000.0,3.0,2.0,4.0,370.0,,
3 Bedroom Apartment,1595000.0,3.0,2.0,1.0,,,
3 Bedroom Townhouse,995000.0,3.0,2.0,2.0,29013.0,,
3 Bedroom Apartment,4995000.0,3.0,3.0,7.0,,"31 La Palma Terraces, 8 Glendining Court",
8 Bedroom House,2200000.0,8.0,4.0,10.0,1293.0,,
1 Bedroom Apartment,595000.0,1.0,1.0,1.0,,,
5 Bedroom House,1295000.0,5.0,25.0,8.0,342.0,88 Nizam Road,
5 Bedroom House,5600000.0,5.0,25.0,6.0,1012.0,7 Salisbury Road,
2 Bedroom Apartment,1600000.0,2.0,2.0,2.0,,,
5 Bedroom House,5600000.0,5.0,25.0,6.0,1012.0,7 Salisbury Road,
4 Bedroom Apartment,7995000.0,4.0,3.0,1.0,,,
3 Bedroom Townhouse,950000.0,3.0,15.0,2.0,2728.0,,
4 Bedroom House,5795000.0,4.0,3.0,5.0,1178.0,,
5 Bedroom Apartment,8500000.0,5.0,3.0,9.0,,"47 Bahia Village, 1 First Avenue",
3 Bedroom House,5950000.0,3.0,2.0,4.0,300.0,,
2 Bedroom Apartment,695000.0,2.0,1.0,1.0,,,
1 Bedroom Apartment,950000.0,1.0,1.0,1.0,,,
3 Bedroom Townhouse,4750000.0,3.0,2.0,3.0,358.0,35 Summit Drive,
3 Bedroom Apartment,4750000.0,3.0,2.0,2.0,,,
3 Bedroom House,1395000.0,3.0,2.0,4.0,1102.0,,
3 Bedroom House,1712000.0,3.0,3.0,2.0,2135.0,,
4 Bedroom House,780000.0,4.0,15.0,6.0,202.0,,
2 Bedroom Townhouse,880000.0,2.0,2.0,1.0,781067.0,,
2 Bedroom Townhouse,870000.0,2.0,2.0,1.0,781067.0,,
2 Bedroom Townhouse,870000.0,2.0,2.0,1.0,781067.0,,
4 Bedroom House,1200000.0,4.0,2.0,6.0,892.0,,
2 Bedroom House,775000.0,2.0,1.0,5.0,297.0,,
4 Bedroom House,2350000.0,4.0,3.0,3.0,2596.0,,
2 Bedroom Townhouse,880000.0,2.0,2.0,1.0,781067.0,,
4 Bedroom House,3200000.0,4.0,1.0,,1713.0,,
2 Bedroom House,650000.0,2.0,1.0,2.0,260.0,,
3 Bedroom House,2450000.0,3.0,2.0,6.0,,,
4 Bedroom House,2280000.0,4.0,3.0,4.0,2844.0,,
4 Bedroom House,2295000.0,4.0,3.0,13.0,1140.0,,
3 Bedroom House,,3.0,4.0,2.0,,,
2 Bedroom Apartment,3495000.0,2.0,2.0,2.0,,"2 Ss Highline Zululami Luxury Apartments, 1 Mvula Lane, Unit 2 Highline Zululami Luxury Apartments",
3 Bedroom Apartment,1080000.0,3.0,2.0,1.0,,,
3 Bedroom House,2365000.0,3.0,2.0,5.0,1415.0,,
2 Bedroom Townhouse,650000.0,2.0,1.0,1.0,19176.0,,
2 Bedroom Townhouse,995000.0,2.0,2.0,1.0,8490.0,,
3 Bedroom Apartment,1590000.0,3.0,25.0,3.0,,,
4 Bedroom House,13200000.0,4.0,4.0,19.0,1575.0,92 Forest Drive,
1 Bedroom House,330000.0,1.0,1.0,,,,
2 Bedroom Apartment,975000.0,2.0,1.0,1.0,,"3 Mottramdale Gardens, 21 Mottramdale Road",
2 Bedroom Apartment,975000.0,2.0,1.0,1.0,,"3 Mottramdale Gardens, 21 Mottramdale Road",
2.5 Bedroom Apartment,650000.0,25.0,1.0,,,,
3 Bedroom Apartment,1670550.0,3.0,2.0,,,,
2 Bedroom House,980000.0,2.0,1.0,6.0,482.0,,
3 Bedroom Townhouse,2150000.0,3.0,2.0,2.0,35006.0,7 Hillhead Drive,
4 Bedroom House,950000.0,4.0,2.0,1.0,920.0,,
2 Bedroom Apartment,2300000.0,2.0,2.0,2.0,,"301 The Onyx, 38 Umhlanga Ridge Boulevard",
1 Bedroom Apartment,3800000.0,1.0,1.0,1.0,,,
4 Bedroom House,2600000.0,4.0,4.0,6.0,2281.0,,
4 Bedroom House,6395000.0,4.0,4.0,7.0,1213.0,,
2 Bedroom Apartment,920000.0,2.0,1.0,1.0,,,
2 Bedroom Apartment,1060000.0,2.0,2.0,2.0,,"9 Ss Ridgegrove, 48 Mazisi Kunene Road",
2 Bedroom Apartment,1380000.0,2.0,2.0,1.0,,,
4 Bedroom House,3495000.0,4.0,2.0,3.0,1275.0,,
4 Bedroom House,2950000.0,4.0,3.0,4.0,2143.0,32 Fyfe Avenue,
2 Bedroom House,3500000.0,2.0,2.0,6.0,1123.0,13 Radar Drive,
2 Bedroom Apartment,2750000.0,2.0,2.0,2.0,,,
2 Bedroom Apartment,750000.0,2.0,1.0,1.0,,47 Margaret Mncadi Avenue,
3 Bedroom House,2650000.0,3.0,25.0,4.0,1509.0,601 Strachan Road,
4 Bedroom House,2200000.0,4.0,2.0,8.0,,,
3 Bedroom Townhouse,6600000.0,3.0,35.0,3.0,14592.0,"22 Kauai, 7 Tinderwood",
2 Bedroom House,620000.0,2.0,1.0,2.0,315.0,,
2 Bedroom Townhouse,795000.0,2.0,1.0,1.0,,,
3 Bedroom Apartment,2900000.0,3.0,2.0,2.0,,"Brenell, 700 Musgrave Road",
2 Bedroom Apartment,3690000.0,2.0,2.0,4.0,,"3 One On Seaton, 1 Seaton Boulevard, Unit 3 One On Seaton",
2 Bedroom Apartment,1050000.0,2.0,1.0,,,,
2 Bedroom Apartment,2200000.0,2.0,2.0,1.0,,,
3 Bedroom Apartment,1599990.0,3.0,2.0,1.0,,,
2 Bedroom Apartment,1795000.0,2.0,2.0,1.0,,,
3 Bedroom House,900000.0,3.0,2.0,3.0,3716.0,1498 Beachview Grove,
3 Bedroom House,1195000.0,3.0,1.0,3.0,1479.0,"34 Petrea Avenue, Cleland",
3 Bedroom Apartment,2250000.0,3.0,3.0,1.0,,"27 Ss Seahorse, 1 Arbuthnot St",
3 Bedroom House,1470000.0,3.0,1.0,3.0,918.0,,
3 Bedroom House,980000.0,3.0,1.0,1.0,1540.0,,
2 Bedroom Apartment,2750000.0,2.0,2.0,2.0,,,
4 Bedroom Apartment,3260000.0,4.0,3.0,4.0,,"501 Margate Boulevard, 75 Panorama Parade",
3 Bedroom House,720000.0,3.0,1.0,2.0,,,
4 Bedroom House,1650000.0,4.0,3.0,1.0,1376.0,,
3 Bedroom House,1120000.0,3.0,2.0,2.0,1994.0,,
4 Bedroom House,1980000.0,4.0,2.0,3.0,1358.0,,
2 Bedroom House,590000.0,2.0,1.0,1.0,297.0,,
11 Bedroom House,6999000.0,11.0,4.0,6.0,6.0,,
2 Bedroom Apartment,1180000.0,2.0,25.0,,,,
2 Bedroom Townhouse,2515000.0,2.0,2.0,1.0,,,
3 Bedroom House,1075000.0,3.0,25.0,2.0,650.0,,
3 Bedroom Apartment,1299000.0,3.0,25.0,4.0,,,
4 Bedroom House,1950000.0,4.0,3.0,5.0,1230.0,,
3 Bedroom House,1050000.0,3.0,15.0,,540.0,,
2 Bedroom House,4725000.0,2.0,2.0,4.0,,,
2 Bedroom Apartment,550000.0,2.0,1.0,1.0,,,
2 Bedroom Apartment,680000.0,2.0,2.0,,,,
5 Bedroom House,4200000.0,5.0,6.0,2.0,1423.0,,
3 Bedroom House,3250000.0,3.0,2.0,4.0,1453.0,,
Apartment,355000.0,,1.0,,,,
4 Bedroom House,1450000.0,4.0,3.0,1.0,860.0,,
2 Bedroom Apartment,550000.0,2.0,1.0,1.0,,,
3 Bedroom Townhouse,4450000.0,3.0,2.0,2.0,504.0,,
3 Bedroom House,485000.0,3.0,1.0,1.0,2023.0,,
5 Bedroom House,9000000.0,5.0,4.0,5.0,2622.0,"Zimbali Estate, 16 Flat Crown",
3 Bedroom Apartment,1150000.0,3.0,2.0,1.0,,,
2 Bedroom Apartment,1089000.0,2.0,2.0,1.0,,21 Marine Pde,
1.5 Bedroom Apartment,999500.0,15.0,1.0,1.0,,,
2 Bedroom House,2500000.0,2.0,2.0,1.0,,,
2 Bedroom Apartment,1395000.0,2.0,1.0,3.0,,"6 Ss San Michele, 139 Gladys Mazibuko Road",
4 Bedroom House,1600000.0,4.0,3.0,4.0,1086.0,,
1.5 Bedroom Apartment,895000.0,15.0,1.0,,,,
2 Bedroom Apartment,914000.0,2.0,1.0,1.0,,18 Lagoon Road,
2 Bedroom Townhouse,1400000.0,2.0,2.0,1.0,10838.0,"8 Woodburn, 8 Fields Crescent",
3 Bedroom Apartment,6250000.0,3.0,35.0,2.0,,2205 Ballito Manor,
4 Bedroom House,399000.0,4.0,1.0,3.0,440.0,,
8 Bedroom House,4450000.0,8.0,7.0,4.0,1922.0,,
4 Bedroom House,2500000.0,4.0,2.0,4.0,22350.0,114 Ridge Road,
4 Bedroom Townhouse,19995000.0,4.0,45.0,4.0,1042.0,,
4 Bedroom House,8900000.0,4.0,45.0,4.0,40653.0,,
3 Bedroom House,1375000.0,3.0,2.0,8.0,4401.0,,
3 Bedroom Townhouse,1995000.0,3.0,25.0,4.0,40687.0,,
1 Bedroom Apartment,1350000.0,1.0,1.0,1.0,,,
2 Bedroom Apartment,914000.0,2.0,1.0,1.0,,18 Lagoon Road,
2 Bedroom Apartment,3445000.0,2.0,2.0,,,9 Vuna Close,
3 Bedroom Apartment,1195000.0,3.0,1.0,2.0,,,
1 Bedroom Apartment,370000.0,1.0,1.0,2.0,,,
2 Bedroom Apartment,1170000.0,2.0,1.0,1.0,,,
3 Bedroom Apartment,1195000.0,3.0,1.0,2.0,,,
2 Bedroom Apartment,3000000.0,2.0,2.0,2.0,,"2 115 On Lambert, 115 Lambert Road",
2 Bedroom Townhouse,3575000.0,2.0,2.0,4.0,76287.0,,
2 Bedroom Apartment,970000.0,2.0,2.0,1.0,,,
2 Bedroom Apartment,700000.0,2.0,1.0,,,,
3 Bedroom House,1399000.0,3.0,2.0,11.0,938.0,,
4 Bedroom House,3495000.0,4.0,2.0,7.0,1275.0,,
4 Bedroom House,3700000.0,4.0,3.0,3.0,1552.0,,
4 Bedroom House,1999995.0,4.0,1.0,2.0,1519.0,,
3 Bedroom House,1620000.0,3.0,1.0,3.0,12141.0,,
3 Bedroom Townhouse,665000.0,3.0,2.0,1.0,,,
4 Bedroom Apartment,1495000.0,4.0,2.0,1.0,,,
6 Bedroom House,4995000.0,6.0,6.0,6.0,1146.0,,
5 Bedroom Apartment,1100000.0,5.0,4.0,3.0,,,
4 Bedroom Apartment,2390000.0,4.0,3.0,2.0,,,
1 Bedroom Apartment,1350000.0,1.0,1.0,2.0,,,
4 Bedroom House,6250000.0,4.0,5.0,2.0,1249.0,,
4 Bedroom House,2995000.0,4.0,3.0,5.0,1051.0,,
2 Bedroom Apartment,1050000.0,2.0,1.0,1.0,,,
4 Bedroom House,1850000.0,4.0,3.0,8.0,1559.0,66 Shannon Drive,
2 Bedroom Apartment,2600000.0,2.0,2.0,1.0,,,
5 Bedroom House,1800000.0,5.0,25.0,7.0,1055.0,,
4 Bedroom House,6300000.0,4.0,3.0,6.0,600.0,3 Mbali Loop,
2 Bedroom Apartment,1050000.0,2.0,1.0,1.0,,,
7 Bedroom House,2900000.0,7.0,55.0,5.0,2076.0,,
2 Bedroom Apartment,700000.0,2.0,1.0,1.0,,,
3 Bedroom House,2575000.0,3.0,2.0,8.0,931.0,Valente Pl Ocean View,
2 Bedroom Apartment,3700000.0,2.0,2.0,2.0,,8 G52r+9h,
3 Bedroom House,5600000.0,3.0,3.0,7.0,,,
4 Bedroom House,10500000.0,4.0,5.0,2.0,1012.0,9 Lemonwood Close,
3 Bedroom Townhouse,1150000.0,3.0,2.0,1.0,4004.0,"3 Allesreg, 2398 Lilliecrona Boulevard",
1 Bedroom Apartment,600000.0,1.0,1.0,1.0,,,
2 Bedroom Apartment,750000.0,2.0,1.0,1.0,,,
4 Bedroom House,,4.0,45.0,3.0,1543.0,15 Ladlau Drive,
4 Bedroom House,2490000.0,4.0,3.0,5.0,2117.0,70 Davenport Road,
5 Bedroom House,3495000.0,5.0,35.0,3.0,1969.0,,
2 Bedroom Townhouse,1180000.0,2.0,1.0,1.0,16.0,,
3 Bedroom House,3580000.0,3.0,3.0,2.0,622.0,21 Lake Turquoise,
3 Bedroom House,1150000.0,3.0,2.0,2.0,1016.0,,
3 Bedroom Apartment,1395000.0,3.0,2.0,2.0,,,
4 Bedroom House,899000.0,4.0,2.0,14.0,,,
2 Bedroom Apartment,3750000.0,2.0,2.0,2.0,,,
3 Bedroom House,910000.0,3.0,1.0,9.0,1388.0,,
5 Bedroom House,1350000.0,5.0,3.0,1.0,263.0,,
4 Bedroom House,10999995.0,4.0,45.0,2.0,1137.0,,
3 Bedroom Townhouse,1070000.0,3.0,3.0,3.0,,,
2 Bedroom Apartment,3000000.0,2.0,2.0,,,,
3 Bedroom House,1440000.0,3.0,1.0,8.0,1076.0,,
2 Bedroom Apartment,875000.0,2.0,2.0,2.0,,,
2 Bedroom Apartment,2595000.0,2.0,2.0,2.0,829.0,,
2 Bedroom Apartment,2450000.0,2.0,2.0,1.0,,,
2 Bedroom House,620000.0,2.0,1.0,1.0,57.0,,
2 Bedroom House,3890000.0,2.0,2.0,4.0,451.0,,
3 Bedroom House,895000.0,3.0,2.0,2.0,900.0,,
2 Bedroom Apartment,2595000.0,2.0,2.0,2.0,829.0,,
3 Bedroom Apartment,3195000.0,3.0,2.0,2.0,,,
2 Bedroom House,795000.0,2.0,1.0,10.0,320.0,,
5 Bedroom House,1550000.0,5.0,2.0,,2023.0,,
1 Bedroom Apartment,2259783.0,1.0,1.0,2.0,,,
3 Bedroom House,2000000.0,3.0,2.0,4.0,,,
4 Bedroom Townhouse,6850000.0,4.0,45.0,2.0,,,
4 Bedroom Townhouse,5750000.0,4.0,4.0,1.0,512.0,"105 Yellowwood Drive, 6 Baluwatu",
1.5 Bedroom Apartment,580000.0,15.0,1.0,,,,
3 Bedroom Apartment,989000.0,3.0,2.0,3.0,,"8 Surf Bay Sands, 1240 Marine Drive",
4 Bedroom House,6300000.0,4.0,3.0,3.0,8001.0,12 Pearson Road,
1.5 Bedroom Apartment,720000.0,15.0,1.0,1.0,,,
2 Bedroom Apartment,1549000.0,2.0,2.0,1.0,,,
3 Bedroom House,1800000.0,3.0,2.0,3.0,3498.0,,
4 Bedroom House,6500000.0,4.0,4.0,8.0,3006.0,,
7 Bedroom House,2520000.0,7.0,3.0,11.0,1160.0,,
4 Bedroom House,1590000.0,4.0,2.0,5.0,3094.0,,
2 Bedroom Townhouse,1350000.0,2.0,1.0,2.0,2003.0,,
2 Bedroom Townhouse,1179000.0,2.0,1.0,1.0,22.0,,
7 Bedroom House,2520000.0,7.0,3.0,11.0,1160.0,,
2 Bedroom Apartment,1395000.0,2.0,2.0,1.0,,,
3 Bedroom Apartment,1700000.0,3.0,25.0,6.0,,,
4 Bedroom House,3425000.0,4.0,2.0,3.0,4094.0,3 York Road,
3 Bedroom Townhouse,1900000.0,3.0,2.0,2.0,,,
3 Bedroom House,710000.0,3.0,1.0,,884.0,,
1 Bedroom Apartment,1000000.0,1.0,1.0,1.0,,,
2 Bedroom Apartment,630000.0,2.0,2.0,2.0,,,
6 Bedroom House,1450000.0,6.0,4.0,4.0,654.0,,
5 Bedroom House,1500000.0,5.0,35.0,17.0,,,
2 Bedroom Townhouse,750000.0,2.0,2.0,,2066.0,,
2 Bedroom House,679000.0,2.0,1.0,1.0,275.0,,
3 Bedroom House,1450000.0,3.0,2.0,5.0,1683.0,,
2 Bedroom Apartment,900000.0,2.0,1.0,2.0,,,
3 Bedroom Apartment,12000000.0,3.0,3.0,3.0,,,
1 Bedroom Apartment,580000.0,1.0,1.0,,,,
3 Bedroom House,850000.0,3.0,2.0,,,,
3 Bedroom House,,3.0,2.0,3.0,,,
1 Bedroom Apartment,550000.0,1.0,1.0,,,,
1.5 Bedroom Apartment,1180000.0,15.0,1.0,1.0,,,
1 Bedroom Apartment,335000.0,1.0,1.0,1.0,,,
Apartment,550000.0,,1.0,,,,
3 Bedroom House,4300000.0,3.0,3.0,2.0,,,
1 Bedroom Apartment,625000.0,1.0,1.0,1.0,,99 Morcom Rd,
3 Bedroom House,980000.0,3.0,1.0,3.0,376.0,,
4 Bedroom House,1275000.0,4.0,2.0,1.0,2019.0,,
20 Bedroom Apartment,6900000.0,20.0,12.0,12.0,1310.0,,
3 Bedroom Apartment,1900000.0,3.0,2.0,1.0,,,
3 Bedroom House,4300000.0,3.0,3.0,2.0,,,
3 Bedroom Apartment,810000.0,3.0,2.0,,,33 Bishopsgate Road,
2 Bedroom Apartment,860000.0,2.0,1.0,1.0,,130 Tenth Avenue,
4 Bedroom House,4500000.0,4.0,3.0,2.0,593.0,,
3 Bedroom Townhouse,1150000.0,3.0,15.0,2.0,,,
2.5 Bedroom Apartment,750000.0,25.0,15.0,1.0,,,
3 Bedroom House,1830000.0,3.0,2.0,4.0,1301.0,,
2 Bedroom Apartment,2100000.0,2.0,1.0,1.0,,,
1 Bedroom Apartment,450000.0,1.0,1.0,,,,
5 Bedroom House,2620000.0,5.0,2.0,2.0,,,
3.5 Bedroom Apartment,3300000.0,35.0,25.0,4.0,,,
3 Bedroom Townhouse,1290000.0,3.0,2.0,2.0,,,
2 Bedroom Apartment,2899000.0,2.0,2.0,2.0,,,
3 Bedroom House,1595000.0,3.0,3.0,3.0,1343.0,,
3 Bedroom Apartment,590000.0,3.0,1.0,1.0,,,
3 Bedroom Apartment,2150000.0,3.0,2.0,2.0,,,
4 Bedroom House,1100000.0,4.0,2.0,,835.0,,
2 Bedroom Apartment,1050000.0,2.0,2.0,2.0,,,
3 Bedroom House,2690000.0,3.0,2.0,6.0,576.0,,
3 Bedroom House,1699900.0,3.0,2.0,1.0,2509.0,,
3 Bedroom Townhouse,1290000.0,3.0,2.0,2.0,,,
3 Bedroom House,1835000.0,3.0,2.0,2.0,698.0,883 Houlton Drive,
6 Bedroom House,1395000.0,6.0,4.0,6.0,930.0,,
5 Bedroom House,2180000.0,5.0,5.0,2.0,6000.0,,
6 Bedroom House,5000000.0,6.0,6.0,2.0,927.0,,
4 Bedroom House,3995000.0,4.0,4.0,2.0,,,
3 Bedroom House,680000.0,3.0,1.0,,,,
4 Bedroom House,4990000.0,4.0,25.0,8.0,1190.0,,
3 Bedroom Apartment,3595000.0,3.0,2.0,,,,
3 Bedroom House,1695000.0,3.0,2.0,5.0,,,
3 Bedroom Apartment,3500000.0,3.0,2.0,1.0,,,
2 Bedroom Apartment,1195000.0,2.0,1.0,1.0,,,
3 Bedroom House,950000.0,3.0,2.0,2.0,520.0,,
5 Bedroom House,1250000.0,5.0,3.0,5.0,1038.0,,
3 Bedroom House,1200000.0,3.0,2.0,2.0,506.0,,
6 Bedroom House,2199999.0,6.0,3.0,2.0,,,
3 Bedroom House,1300000.0,3.0,1.0,,445.0,,
1.5 Bedroom Apartment,580000.0,15.0,1.0,1.0,,,
3 Bedroom Townhouse,1190000.0,3.0,2.0,2.0,9382.0,,
3 Bedroom House,950000.0,3.0,2.0,2.0,520.0,,
5 Bedroom House,2400000.0,5.0,3.0,,1882.0,,
4 Bedroom Townhouse,8608687.0,4.0,4.0,4.0,,,
2 Bedroom Apartment,650000.0,2.0,1.0,1.0,,17 Coswald Brown Street,
4 Bedroom Townhouse,8500000.0,4.0,4.0,2.0,,,
Apartment,795000.0,,1.0,,,,
2 Bedroom Townhouse,2600000.0,2.0,2.0,1.0,,,
2 Bedroom Apartment,650000.0,2.0,1.0,1.0,,,
1 Bedroom Apartment,649000.0,1.0,1.0,1.0,,,
1 Bedroom Apartment,445000.0,1.0,1.0,,,,
4 Bedroom House,3100000.0,4.0,4.0,7.0,1480.0,,
1 Bedroom Apartment,985000.0,1.0,1.0,1.0,,,
3 Bedroom House,890000.0,3.0,1.0,,450.0,,
2 Bedroom Apartment,833000.0,2.0,2.0,1.0,,,
5 Bedroom House,1845000.0,5.0,3.0,1.0,1108.0,,
5 Bedroom House,1195000.0,5.0,2.0,8.0,372.0,,
3 Bedroom House,860000.0,3.0,2.0,,347.0,,
2.5 Bedroom Apartment,660000.0,25.0,15.0,2.0,,,
4 Bedroom House,3250000.0,4.0,25.0,2.0,1801.0,,
2 Bedroom Apartment,2500000.0,2.0,2.0,2.0,,,
4 Bedroom House,3250000.0,4.0,4.0,1.0,665.0,,
2 Bedroom Apartment,875000.0,2.0,2.0,2.0,,,
4 Bedroom House,1800000.0,4.0,3.0,6.0,53790.0,,
Apartment,1100000.0,,,,,,
1 Bedroom Apartment,649000.0,1.0,1.0,1.0,,,
3 Bedroom House,,3.0,2.0,1.0,1518.0,,
2 Bedroom Apartment,645000.0,2.0,2.0,2.0,,,
3 Bedroom Apartment,1599950.0,3.0,2.0,2.0,,,
4 Bedroom House,13500000.0,4.0,4.0,4.0,,,
4 Bedroom House,13500000.0,4.0,4.0,4.0,,,
3 Bedroom Apartment,2220750.0,3.0,2.0,1.0,,,
2 Bedroom Apartment,999000.0,2.0,2.0,2.0,,27 Marine Drive,
3 Bedroom House,1280000.0,3.0,1.0,1.0,835.0,,
3 Bedroom House,650000.0,3.0,1.0,5.0,179.0,,
6 Bedroom House,5450000.0,6.0,3.0,10.0,1918.0,,
2 Bedroom Apartment,650000.0,2.0,1.0,,,,
2 Bedroom Townhouse,815000.0,2.0,2.0,2.0,5664.0,,
4 Bedroom Townhouse,5500000.0,4.0,35.0,4.0,,,
3 Bedroom House,1250000.0,3.0,2.0,8.0,,,
4 Bedroom House,1395000.0,4.0,2.0,61.0,1497.0,,
1 Bedroom Apartment,495000.0,1.0,1.0,,,,
3 Bedroom Townhouse,1800000.0,3.0,2.0,3.0,,,
1 Bedroom Apartment,495000.0,1.0,1.0,1.0,,,
3 Bedroom Apartment,1299000.0,3.0,2.0,2.0,,75 Marine Drive,
4 Bedroom House,4200000.0,4.0,4.0,12.0,1974.0,,
30 Bedroom Apartment,8950000.0,30.0,18.0,,,,
3 Bedroom Apartment,800000.0,3.0,1.0,,,,
3 Bedroom Apartment,1495000.0,3.0,2.0,2.0,,,
2 Bedroom Apartment,2330000.0,2.0,2.0,2.0,,,
2 Bedroom Apartment,850000.0,2.0,1.0,3.0,,,
3 Bedroom Apartment,6495000.0,3.0,3.0,4.0,,,
2 Bedroom Apartment,1050000.0,2.0,1.0,1.0,,,
1.5 Bedroom Apartment,850000.0,15.0,1.0,1.0,,,
2 Bedroom Apartment,620000.0,2.0,2.0,2.0,,,
2 Bedroom Townhouse,730000.0,2.0,2.0,1.0,4052.0,,
1 Bedroom Apartment,400000.0,1.0,1.0,,,,
3 Bedroom House,1095000.0,3.0,2.0,3.0,2451.0,,
1 Bedroom Apartment,1100000.0,1.0,1.0,,,,
3 Bedroom Townhouse,977000.0,3.0,25.0,2.0,9143.0,,
3 Bedroom Townhouse,1300000.0,3.0,2.0,1.0,4066.0,,
1 Bedroom Apartment,745000.0,1.0,1.0,1.0,,,
3 Bedroom House,1980000.0,3.0,2.0,2.0,942.0,,
House,1500000.0,,,,,,
3 Bedroom House,1699000.0,3.0,2.0,3.0,1100.0,,
3 Bedroom House,1095000.0,3.0,2.0,3.0,2451.0,,
3 Bedroom Apartment,1350000.0,3.0,2.0,2.0,,,
3 Bedroom Apartment,1620000.0,3.0,2.0,1.0,,,
2 Bedroom House,400000.0,2.0,1.0,,,,
1 Bedroom House,170000.0,1.0,1.0,,400.0,,
2 Bedroom Apartment,795000.0,2.0,2.0,1.0,85806.0,,
House,2400000.0,,,,4047.0,,
House,2400000.0,,,,4047.0,,
3 Bedroom Townhouse,2800000.0,3.0,1.0,,,,
3 Bedroom House,1190000.0,3.0,1.0,4.0,475.0,,
5 Bedroom House,11500000.0,5.0,5.0,4.0,11716.0,,
3 Bedroom Apartment,1939000.0,3.0,2.0,1.0,,,
Apartment,395000.0,,1.0,,,,
4 Bedroom House,2500000.0,4.0,3.0,,2376.0,,
4 Bedroom Apartment,870000.0,4.0,3.0,1.0,,,
3 Bedroom House,1345000.0,3.0,2.0,1.0,1037.0,,
3 Bedroom House,5750000.0,3.0,2.0,6.0,758.0,,
4 Bedroom House,699500.0,4.0,2.0,2.0,1000.0,,
2 Bedroom House,1050000.0,2.0,2.0,4.0,1002.0,,
2 Bedroom Apartment,875000.0,2.0,1.0,1.0,,,
2 Bedroom Apartment,1499000.0,2.0,2.0,,,,
3 Bedroom House,680000.0,3.0,2.0,,538.0,,
3 Bedroom Townhouse,750000.0,3.0,2.0,4.0,,,
3 Bedroom Townhouse,970000.0,3.0,2.0,2.0,,,
2 Bedroom Apartment,1875000.0,2.0,2.0,1.0,1831.0,,
6 Bedroom House,2500000.0,6.0,5.0,4.0,,,
5 Bedroom House,11500000.0,5.0,5.0,4.0,11716.0,,
4 Bedroom Townhouse,1520000.0,4.0,2.0,1.0,,,
3 Bedroom House,2500000.0,3.0,2.0,1.0,2366.0,151 9th Avenue,
2 Bedroom Apartment,1500000.0,2.0,1.0,1.0,,,
3 Bedroom House,2795000.0,3.0,2.0,1.0,928.0,9 11th Avenue,
5 Bedroom House,1450000.0,5.0,4.0,3.0,1040.0,5 5th Street Street,
4 Bedroom House,3500000.0,4.0,4.0,2.0,665.0,,
4 Bedroom House,540000.0,4.0,2.0,2.0,324.0,1686 Mavundla,
3 Bedroom House,1350000.0,3.0,15.0,3.0,678.0,,
2 Bedroom Apartment,3950000.0,2.0,2.0,2.0,,,
2 Bedroom Apartment,900000.0,2.0,1.0,1.0,,,
3 Bedroom House,5400000.0,3.0,3.0,2.0,3919.0,,
4 Bedroom House,2425000.0,4.0,25.0,7.0,882.0,95 Collard Road,
1 Bedroom Townhouse,620000.0,1.0,1.0,1.0,16925.0,,
2 Bedroom Apartment,1650000.0,2.0,1.0,,,2 Umhlanga Ridge Boulevard,
4 Bedroom House,1300000.0,4.0,3.0,2.0,900.0,,
4 Bedroom House,4150000.0,4.0,3.0,4.0,612.0,141 New Salt Rock Drive,
3 Bedroom House,4400000.0,3.0,35.0,4.0,511.0,101 New Salt Rock Drive,
3 Bedroom House,4270000.0,3.0,2.0,4.0,728.0,,
1 Bedroom Apartment,749000.0,1.0,1.0,1.0,,48 Manor Mews,
1 Bedroom Apartment,899000.0,1.0,1.0,1.0,,,
4 Bedroom Townhouse,1825000.0,4.0,25.0,2.0,146.0,"5 Camdon Flats, 58 Gordon Road",
1 Bedroom Townhouse,620000.0,1.0,1.0,1.0,16925.0,,
3 Bedroom House,850000.0,3.0,1.0,2.0,702.0,,
3 Bedroom Apartment,2285000.0,3.0,2.0,2.0,,"6 Caefron Mews, 28 Caefron Avenue",
3 Bedroom Apartment,1500000.0,3.0,2.0,1.0,,,
2 Bedroom Apartment,2550000.0,2.0,2.0,1.0,,,
3 Bedroom Apartment,1295000.0,3.0,2.0,3.0,,507 Che Guevara Road,
2 Bedroom Apartment,750000.0,2.0,1.0,,,,
2 Bedroom Townhouse,795000.0,2.0,15.0,2.0,,,
2 Bedroom Apartment,665000.0,2.0,1.0,1.0,,,
2 Bedroom Townhouse,1040000.0,2.0,2.0,1.0,119.0,19 Pluto Street,
3 Bedroom House,995000.0,3.0,2.0,1.0,253.0,,
3 Bedroom Apartment,3200000.0,3.0,2.0,1.0,,"1403 La Ballito, 8 Jack Powel Street",
3 Bedroom Townhouse,980000.0,3.0,2.0,3.0,108034.0,,
2 Bedroom Apartment,750000.0,2.0,1.0,1.0,,,
2 Bedroom Townhouse,895000.0,2.0,2.0,2.0,,,
2 Bedroom Apartment,1050000.0,2.0,1.0,1.0,,,
4 Bedroom House,,4.0,2.0,2.0,1500.0,"6 Silverwood, 419 Celtis Road",
2 Bedroom Apartment,1390000.0,2.0,2.0,2.0,,,
3 Bedroom Apartment,3200000.0,3.0,2.0,1.0,,"1403 La Ballito, 8 Jack Powel Street",
3 Bedroom House,2350000.0,3.0,2.0,2.0,1097.0,,
3 Bedroom House,1390000.0,3.0,2.0,6.0,2213.0,50 Plumstead Crescent,
3 Bedroom House,1185000.0,3.0,2.0,2.0,849.0,,
4 Bedroom Apartment,2050000.0,4.0,2.0,2.0,,,
3 Bedroom Apartment,1895000.0,3.0,1.0,2.0,,,
4 Bedroom House,6250000.0,4.0,35.0,10.0,8561.0,,
3 Bedroom House,1990000.0,3.0,2.0,2.0,1063.0,,
3 Bedroom House,1850000.0,3.0,2.0,4.0,,76 Dolphine Cresent,
3 Bedroom House,565000.0,3.0,2.0,4.0,300.0,,
7 Bedroom House,3250000.0,7.0,7.0,5.0,1979.0,,
3 Bedroom Apartment,610000.0,3.0,1.0,1.0,,100 Tern Way,
4 Bedroom House,5900000.0,4.0,3.0,4.0,886.0,,
3 Bedroom House,1195000.0,3.0,1.0,2.0,1118.0,10 Hazel Road,
Apartment,1695000.0,,,,,2 Burra Close,
3 Bedroom Apartment,1450000.0,3.0,2.0,3.0,,,
3 Bedroom Townhouse,1250000.0,3.0,2.0,6.0,,,
2 Bedroom Apartment,1290000.0,2.0,1.0,1.0,,,
3 Bedroom House,1050000.0,3.0,15.0,2.0,222.0,,
2 Bedroom Apartment,1195000.0,2.0,1.0,2.0,,,
3 Bedroom House,850000.0,3.0,1.0,3.0,242.0,,
3 Bedroom House,850000.0,3.0,1.0,2.0,312.0,,
2 Bedroom Apartment,850000.0,2.0,1.0,1.0,,,
3 Bedroom House,3200000.0,3.0,25.0,7.0,1022.0,,
5 Bedroom House,2350000.0,5.0,2.0,8.0,2713.0,,
3 Bedroom House,1990000.0,3.0,2.0,2.0,1063.0,,
3 Bedroom Apartment,1200000.0,3.0,2.0,1.0,,,
2 Bedroom Apartment,1150000.0,2.0,1.0,1.0,,,
5 Bedroom House,7795000.0,5.0,6.0,6.0,1024.0,,
3 Bedroom House,599000.0,3.0,1.0,,209.0,,
2 Bedroom Apartment,1550000.0,2.0,2.0,1.0,107.0,,
2 Bedroom Apartment,795000.0,2.0,2.0,1.0,,,
2 Bedroom Apartment,1200000.0,2.0,1.0,2.0,,,
2 Bedroom Townhouse,1095000.0,2.0,1.0,2.0,,,
3 Bedroom House,2250000.0,3.0,2.0,6.0,1000.0,,
2 Bedroom Apartment,795000.0,2.0,1.0,1.0,,,
2 Bedroom Apartment,825000.0,2.0,2.0,1.0,,,
4 Bedroom House,5600000.0,4.0,4.0,2.0,1265.0,,
74 Bedroom Apartment,27500000.0,74.0,21.0,,,,
1 Bedroom Apartment,1795000.0,1.0,1.0,1.0,,,
House,12000000.0,,,,9011.0,1221 Alister Fraser Street,
10 Bedroom House,6000000.0,10.0,10.0,2.0,2032.0,510/1 Strachan Road,
4 Bedroom House,2160000.0,4.0,2.0,1.0,216.0,42 Ramsey Avenue,
3 Bedroom House,2250000.0,3.0,2.0,6.0,1000.0,,
2 Bedroom Townhouse,690000.0,2.0,1.0,1.0,56083.0,,
3 Bedroom Apartment,395000.0,3.0,1.0,,,,
4 Bedroom Townhouse,1175000.0,4.0,2.0,,,,
4 Bedroom House,5795000.0,4.0,4.0,4.0,603.0,18 Plantations,
2 Bedroom Apartment,710000.0,2.0,1.0,,,,
3 Bedroom House,2170000.0,3.0,2.0,13.0,4041.0,,
4 Bedroom Apartment,4700000.0,4.0,3.0,2.0,,,
4 Bedroom House,5200000.0,4.0,3.0,4.0,1394.0,,
3 Bedroom House,1195000.0,3.0,25.0,4.0,,,
2 Bedroom Apartment,799000.0,2.0,1.0,1.0,,,
2 Bedroom House,3045000.0,2.0,2.0,1.0,,,
2 Bedroom Apartment,3650000.0,2.0,2.0,2.0,,,
5 Bedroom Townhouse,4975000.0,5.0,35.0,2.0,,,
4 Bedroom Apartment,1450000.0,4.0,2.0,1.0,,,
2 Bedroom Apartment,600000.0,2.0,2.0,1.0,,,
3 Bedroom Apartment,795000.0,3.0,2.0,,,,
3 Bedroom Townhouse,1595000.0,3.0,1.0,2.0,,,
2 Bedroom Apartment,3445612.0,2.0,2.0,2.0,118.0,,
3 Bedroom House,745000.0,3.0,1.0,1.0,,,
2 Bedroom Apartment,2450000.0,2.0,2.0,2.0,,,
1 Bedroom Townhouse,1050000.0,1.0,1.0,1.0,44.0,,
3 Bedroom Apartment,12900000.0,3.0,3.0,3.0,,,
4 Bedroom House,1900000.0,4.0,3.0,,1792.0,,
2 Bedroom Apartment,,2.0,1.0,1.0,,,
5 Bedroom Townhouse,4975000.0,5.0,35.0,2.0,,,
3 Bedroom House,1769000.0,3.0,2.0,5.0,2033.0,,
5 Bedroom House,6950000.0,5.0,55.0,2.0,727.0,,
3 Bedroom Apartment,7000000.0,3.0,25.0,2.0,,4 Sicklebush Lane,
4 Bedroom House,1095000.0,4.0,2.0,4.0,1014.0,859 Hythe Crescent,
2 Bedroom Apartment,2300000.0,2.0,2.0,2.0,,,
3 Bedroom Townhouse,750000.0,3.0,1.0,3.0,5443.0,,
3 Bedroom Townhouse,4320000.0,3.0,3.0,3.0,14592.0,,
2 Bedroom Apartment,2800000.0,2.0,25.0,2.0,,,
2 Bedroom Apartment,650000.0,2.0,1.0,,,,
2 Bedroom Apartment,875000.0,2.0,1.0,1.0,,,
1.5 Bedroom Apartment,498000.0,15.0,15.0,,78.0,,
2 Bedroom Townhouse,1390000.0,2.0,1.0,3.0,,,
2 Bedroom Townhouse,2550000.0,2.0,2.0,2.0,1360.0,,
3 Bedroom Apartment,1495000.0,3.0,3.0,1.0,,,
2 Bedroom Apartment,1295000.0,2.0,2.0,2.0,,,
2 Bedroom Townhouse,3600000.0,2.0,2.0,2.0,,"28 Ss Umdloti Beach Village, 25 North Beach Road",
2 Bedroom Apartment,1295000.0,2.0,1.0,1.0,,"3 Musgrave Mansions, 690 Musgrave Road",
4 Bedroom House,4500000.0,4.0,25.0,2.0,3799.0,,
3 Bedroom Apartment,1250000.0,3.0,2.0,2.0,,,
2 Bedroom Apartment,650000.0,2.0,1.0,,,,
3 Bedroom Townhouse,967000.0,3.0,2.0,1.0,108034.0,A1 Ramsey Avenue,
3 Bedroom House,735000.0,3.0,1.0,1.0,226.0,,
3 Bedroom House,1595000.0,3.0,1.0,4.0,298.0,,
4 Bedroom House,2699000.0,4.0,25.0,8.0,2758.0,9 Chiral Drive,
2 Bedroom Apartment,650000.0,2.0,1.0,2.0,,,
2 Bedroom Apartment,968000.0,2.0,2.0,1.0,,,
3 Bedroom House,3650000.0,3.0,2.0,2.0,1088.0,10 Lake Lugano Avenue,
2 Bedroom Apartment,1200000.0,2.0,15.0,1.0,,"301 Banchory, 39 Currie Road",
3 Bedroom House,2400000.0,3.0,2.0,2.0,1754.0,12 Southbroom Avenue,
3 Bedroom House,1595000.0,3.0,1.0,4.0,298.0,,
7 Bedroom House,4595000.0,7.0,6.0,8.0,1646.0,,
3 Bedroom House,3295000.0,3.0,2.0,4.0,300.0,1473 Lalela Estate,
3 Bedroom Apartment,1950000.0,3.0,2.0,2.0,,,
4 Bedroom House,3500000.0,4.0,45.0,4.0,696.0,115 Madeline Road,
4 Bedroom House,850000.0,4.0,2.0,5.0,490.0,,
3 Bedroom House,1595000.0,3.0,2.0,13.0,1414.0,,
3 Bedroom Apartment,6100000.0,3.0,3.0,3.0,,,
2 Bedroom Apartment,750000.0,2.0,15.0,1.0,,,
2 Bedroom Apartment,3300000.0,2.0,2.0,1.0,,"15 Malindi, 24 Marine Drive",
2 Bedroom House,550000.0,2.0,2.0,1.0,378.0,,
3 Bedroom House,1800000.0,3.0,1.0,6.0,1226.0,231 Murray Road,
2 Bedroom Townhouse,670000.0,2.0,1.0,1.0,,,
3 Bedroom Apartment,930000.0,3.0,2.0,3.0,,,
2 Bedroom Apartment,4895000.0,2.0,2.0,1.0,,,
3 Bedroom Townhouse,3200000.0,3.0,25.0,4.0,25383.0,,
3 Bedroom Apartment,810000.0,3.0,1.0,1.0,,,
19 Bedroom Apartment,5500000.0,19.0,9.0,,,,
2 Bedroom Apartment,1750000.0,2.0,2.0,1.0,,,
2 Bedroom Apartment,550000.0,2.0,1.0,2.0,,,
2 Bedroom Apartment,1290000.0,2.0,15.0,1.0,,,
2 Bedroom Apartment,1200000.0,2.0,2.0,2.0,,,
2 Bedroom Apartment,850000.0,2.0,1.0,1.0,,,
4 Bedroom House,8199000.0,4.0,3.0,12.0,1343.0,,
4 Bedroom House,1990000.0,4.0,25.0,3.0,1834.0,24 Northward Drive,
2 Bedroom Apartment,3499900.0,2.0,2.0,,,,
3 Bedroom Apartment,930000.0,3.0,2.0,3.0,,,
8 Bedroom House,1600000.0,8.0,5.0,2.0,797.0,,
3 Bedroom House,695000.0,3.0,1.0,,297.0,,
1 Bedroom Apartment,,1.0,1.0,1.0,,,
2 Bedroom Apartment,2350000.0,2.0,2.0,2.0,,"Palm Gate, 11 Centenary Boulevard",
3 Bedroom Townhouse,749000.0,3.0,1.0,1.0,,,
2.5 Bedroom Apartment,985000.0,25.0,1.0,2.0,,,
3 Bedroom House,1200000.0,3.0,15.0,8.0,1017.0,,
1 Bedroom Apartment,,1.0,1.0,,,"Marine Parade, 185 O R Tambo Parade",
1 Bedroom Apartment,340000.0,1.0,1.0,1.0,,"A01 Chapters, 24 King Edward Avenue",
3 Bedroom House,3450000.0,3.0,3.0,2.0,3500.0,10 Ballito View,
4 Bedroom House,12000000.0,4.0,45.0,4.0,1318.0,,
2 Bedroom Townhouse,1595000.0,2.0,2.0,1.0,1349.0,,
4 Bedroom House,3900000.0,4.0,3.0,3.0,2387.0,,
2 Bedroom Apartment,760000.0,2.0,15.0,2.0,,,
5 Bedroom House,3500000.0,5.0,3.0,5.0,1993.0,,
4 Bedroom House,3900000.0,4.0,3.0,3.0,2387.0,,
3 Bedroom Apartment,4995000.0,3.0,3.0,7.0,,8 Glendining Court,
2 Bedroom Townhouse,510000.0,2.0,1.0,1.0,,,
4 Bedroom Townhouse,780000.0,4.0,2.0,1.0,,,
2 Bedroom Apartment,2450000.0,2.0,2.0,2.0,,"427 Oceandune, 2 Heleza Boulevard",
2 Bedroom Apartment,1395000.0,2.0,15.0,2.0,,,
4 Bedroom House,12995000.0,4.0,4.0,15.0,1251.0,,
4 Bedroom House,3770000.0,4.0,3.0,4.0,,,
3 Bedroom Apartment,3690000.0,3.0,2.0,1.0,8944.0,,
2 Bedroom House,3995000.0,2.0,2.0,2.0,3612.0,1 Seaton Collection Street,
2 Bedroom Apartment,1900000.0,2.0,2.0,2.0,,,
3 Bedroom House,1900000.0,3.0,2.0,8.0,1387.0,,
2 Bedroom Apartment,1475000.0,2.0,2.0,2.0,,"3 Ss Garden Hall, 126 Springfield Road",
2 Bedroom Townhouse,650000.0,2.0,1.0,2.0,64097.0,,
2 Bedroom Apartment,1300000.0,2.0,2.0,2.0,,,
5 Bedroom House,3700000.0,5.0,4.0,4.0,2300.0,,
2 Bedroom Apartment,2780000.0,2.0,2.0,2.0,,,
3 Bedroom Apartment,895000.0,3.0,2.0,2.0,,,
3 Bedroom Apartment,1295000.0,3.0,1.0,1.0,,,
4 Bedroom Apartment,1395000.0,4.0,2.0,3.0,,,
2 Bedroom Apartment,1800000.0,2.0,1.0,2.0,,,
8 Bedroom House,3000000.0,8.0,4.0,8.0,805.0,,
4 Bedroom Apartment,1340000.0,4.0,2.0,4.0,,,
4 Bedroom Apartment,1395000.0,4.0,2.0,3.0,,,
2 Bedroom Apartment,930000.0,2.0,2.0,,,,
4 Bedroom Townhouse,7250000.0,4.0,5.0,4.0,3829.0,,
3 Bedroom House,699000.0,3.0,2.0,3.0,,,
3 Bedroom Apartment,999000.0,3.0,2.0,2.0,,,
3 Bedroom Apartment,2500000.0,3.0,2.0,2.0,,,
3 Bedroom House,795000.0,3.0,1.0,3.0,395.0,,
4 Bedroom Apartment,2795000.0,4.0,3.0,2.0,,,
3 Bedroom Apartment,5200000.0,3.0,2.0,1.0,,,
2 Bedroom Apartment,765000.0,2.0,2.0,,,,
3 Bedroom Apartment,1545000.0,3.0,2.0,1.0,,,
3 Bedroom Townhouse,1950000.0,3.0,2.0,1.0,3742.0,,
3 Bedroom Townhouse,1399000.0,3.0,2.0,4.0,32894.0,,
3 Bedroom Townhouse,1399000.0,3.0,2.0,4.0,32894.0,,
4 Bedroom House,2200000.0,4.0,2.0,,718.0,,
3 Bedroom House,1845000.0,3.0,2.0,11.0,558.0,,
3 Bedroom House,1400000.0,3.0,2.0,1.0,1115.0,,
4 Bedroom Apartment,1995000.0,4.0,25.0,2.0,,,
3 Bedroom Townhouse,1420000.0,3.0,2.0,4.0,1976.0,,
2 Bedroom Apartment,4800000.0,2.0,2.0,1.0,,,
4 Bedroom Apartment,1820000.0,4.0,3.0,4.0,,,
3 Bedroom House,1000000.0,3.0,2.0,2.0,2028.0,,
5 Bedroom House,2180000.0,5.0,3.0,6.0,1264.0,,
Apartment,450000.0,,1.0,,,,
1 Bedroom Apartment,562000.0,1.0,1.0,1.0,,"118 Lakeview Village, Freeland Park",
3 Bedroom House,895000.0,3.0,2.0,1.0,618.0,,
5 Bedroom House,850000.0,5.0,2.0,7.0,300.0,,
3 Bedroom House,1450000.0,3.0,1.0,2.0,776.0,,
3 Bedroom House,1275000.0,3.0,15.0,2.0,12.0,,
3 Bedroom Townhouse,5900000.0,3.0,25.0,4.0,2189.0,,
4 Bedroom House,3050000.0,4.0,2.0,6.0,920.0,,
5 Bedroom House,1500000.0,5.0,4.0,2.0,1645.0,,
3 Bedroom Apartment,2000000.0,3.0,2.0,,,,
2 Bedroom Apartment,1100000.0,2.0,1.0,1.0,,,
2 Bedroom Apartment,1155000.0,2.0,1.0,1.0,55.0,,
1 Bedroom Apartment,2545000.0,1.0,1.0,1.0,,,
3 Bedroom Apartment,2499000.0,3.0,2.0,1.0,,,
3 Bedroom Apartment,1420000.0,3.0,2.0,2.0,,,
15 Bedroom House,3295000.0,15.0,9.0,8.0,702.0,,
3 Bedroom House,2650000.0,3.0,2.0,2.0,1045.0,,
3 Bedroom House,1250000.0,3.0,2.0,1.0,758.0,,
1 Bedroom Apartment,1655000.0,1.0,1.0,1.0,,9 The Vineyards,
2 Bedroom Apartment,2600000.0,2.0,2.0,1.0,,,
5 Bedroom Townhouse,2000000.0,5.0,4.0,2.0,5247.0,,
3 Bedroom House,2650000.0,3.0,2.0,2.0,1045.0,,
6 Bedroom House,1899000.0,6.0,5.0,8.0,1631.0,,
2 Bedroom Apartment,879000.0,2.0,2.0,2.0,,,
2 Bedroom Apartment,4165000.0,2.0,2.0,1.0,,,
3 Bedroom Apartment,6550000.0,3.0,3.0,2.0,,,
3 Bedroom Apartment,8295000.0,3.0,3.0,2.0,,,
1.5 Bedroom Apartment,650000.0,15.0,1.0,1.0,,,
1 Bedroom Apartment,450000.0,1.0,1.0,1.0,,,
1 Bedroom Apartment,875000.0,1.0,1.0,,,,
3 Bedroom Townhouse,595000.0,3.0,2.0,1.0,80937.0,,
5 Bedroom House,1280000.0,5.0,3.0,3.0,,,
3 Bedroom Apartment,1100000.0,3.0,1.0,1.0,,,
3 Bedroom House,2800000.0,3.0,1.0,3.0,936.0,,
2 Bedroom Apartment,1100000.0,2.0,2.0,1.0,,,
3 Bedroom House,700000.0,3.0,1.0,3.0,255.0,,
3 Bedroom House,6999000.0,3.0,4.0,12.0,1754.0,,
1 Bedroom Apartment,670000.0,1.0,1.0,2.0,,,
2 Bedroom Apartment,660000.0,2.0,1.0,2.0,,,
2 Bedroom Apartment,2550000.0,2.0,2.0,2.0,,,
4 Bedroom House,1990000.0,4.0,3.0,1.0,,,
2 Bedroom Apartment,760000.0,2.0,1.0,,,,
4 Bedroom House,2200000.0,4.0,3.0,3.0,1447.0,,
2 Bedroom Apartment,900000.0,2.0,2.0,2.0,,,
4 Bedroom House,1990000.0,4.0,3.0,1.0,,,
3 Bedroom House,799000.0,3.0,2.0,6.0,360.0,,
2 Bedroom Apartment,1100000.0,2.0,2.0,,,,
3 Bedroom House,1600000.0,3.0,2.0,4.0,707.0,,
2 Bedroom Apartment,750000.0,2.0,1.0,1.0,,,
3 Bedroom House,1500000.0,3.0,25.0,4.0,700.0,,
1 Bedroom Apartment,1095000.0,1.0,1.0,1.0,,,
2 Bedroom Apartment,4495000.0,2.0,2.0,1.0,,,
3 Bedroom House,745000.0,3.0,2.0,,345.0,44 Moosa Road,
2 Bedroom Townhouse,1680000.0,2.0,2.0,2.0,45963.0,2 Olive,
2 Bedroom House,850000.0,2.0,1.0,1.0,1214.0,Lot 627 Eskay Road Kadville Heights,
3 Bedroom House,745000.0,3.0,2.0,,345.0,44 Moosa Road,
4 Bedroom House,3490000.0,4.0,3.0,1.0,,,
2 Bedroom Apartment,2660000.0,2.0,2.0,2.0,,"76 Ss Lush Condos, 1 Ingwe Drive, Unit 76 Lush Condos",
2 Bedroom Apartment,1050000.0,2.0,1.0,2.0,,,
2 Bedroom House,526600.0,2.0,1.0,,,,
5 Bedroom House,1850000.0,5.0,3.0,1.0,344.0,1 Peatties Lake,
Apartment,485000.0,,1.0,,,"46 Marlborough, 27 OR Tambo",
1 Bedroom Apartment,950000.0,1.0,1.0,1.0,,"146 San Lameer, R61 Lower South Coast Road, San Lameer, San Lameer.",
3 Bedroom Townhouse,1950000.0,3.0,2.0,4.0,,,
2 Bedroom Townhouse,750000.0,2.0,1.0,3.0,,,
3 Bedroom House,350000.0,3.0,1.0,,223.0,,
4 Bedroom Townhouse,5950000.0,4.0,45.0,4.0,,,
4 Bedroom Townhouse,6900000.0,4.0,3.0,4.0,13321.0,2 Zimbali Drive,
3 Bedroom Apartment,2395000.0,3.0,2.0,4.0,,,
4 Bedroom House,4200000.0,4.0,3.0,2.0,685.0,,
2 Bedroom Townhouse,1280000.0,2.0,2.0,2.0,,,
4 Bedroom House,1700000.0,4.0,3.0,10.0,592.0,,
2 Bedroom House,780000.0,2.0,1.0,1.0,200.0,,
1.5 Bedroom Apartment,801150.0,15.0,1.0,1.0,,,
2 Bedroom Apartment,990000.0,2.0,1.0,2.0,,,
3 Bedroom House,500000.0,3.0,2.0,5.0,203.0,29 Mpongo Road,
23 Bedroom Apartment,12300000.0,23.0,12.0,30.0,,"1 Marine Centre, 767 Marine Drive",
1 Bedroom Apartment,1230000.0,1.0,1.0,1.0,,"118 Ss Zimbali Boulevard Suites, 43 Albizia Drive, Unit 118 Boulevard Suites",
3 Bedroom House,1640000.0,3.0,2.0,1.0,2509.0,,
3 Bedroom House,1100000.0,3.0,1.0,2.0,1012.0,,
3 Bedroom Townhouse,1650000.0,3.0,25.0,1.0,9834.0,,
3 Bedroom House,3800000.0,3.0,2.0,8.0,1030.0,37 Freezia Road,
3 Bedroom Apartment,3150000.0,3.0,2.0,1.0,,"31 Ss Beachcombers, 102 Compensation Beach Road, Unit 31 Beachcombers",
2 Bedroom Apartment,725000.0,2.0,2.0,2.0,,10 Shepstone Street,
3 Bedroom Townhouse,1900000.0,3.0,2.0,2.0,4092.0,,
4 Bedroom House,9995000.0,4.0,3.0,2.0,800.0,,
4 Bedroom Apartment,2650000.0,4.0,2.0,1.0,,Rondevoux 29 Marine Drive,
3 Bedroom Apartment,1420000.0,3.0,2.0,1.0,,,
3 Bedroom House,2100000.0,3.0,1.0,2.0,2534.0,16 Riverside Place,
3 Bedroom Apartment,1750000.0,3.0,2.0,1.0,,71 Colin Street,
2 Bedroom Townhouse,550000.0,2.0,2.0,2.0,,"6 Ss Longbeach, 73 Cowry Drive",
3 Bedroom House,2100000.0,3.0,1.0,2.0,2534.0,16 Riverside Place,
3 Bedroom Apartment,2600000.0,3.0,2.0,2.0,,48 Aurora Drive,
2 Bedroom Apartment,900000.0,2.0,1.0,1.0,,50 Prince Street,
2 Bedroom Apartment,1045000.0,2.0,1.0,,,,
2 Bedroom Apartment,1970000.0,2.0,2.0,2.0,,,
1 Bedroom Apartment,1495000.0,1.0,1.0,1.0,76.0,,
4 Bedroom House,1600000.0,4.0,2.0,7.0,573.0,,
3 Bedroom House,1350000.0,3.0,1.0,1.0,212.0,,
2 Bedroom Apartment,875000.0,2.0,1.0,1.0,,45 Ellcock Road,
3 Bedroom House,1500000.0,3.0,25.0,3.0,1394.0,25 Barracouta,
2 Bedroom Apartment,785000.0,2.0,1.0,1.0,,,
2 Bedroom Townhouse,940000.0,2.0,1.0,2.0,,,
4 Bedroom House,11495000.0,4.0,45.0,3.0,840.0,,
2.5 Bedroom Apartment,1080000.0,25.0,15.0,2.0,,5 Minerva Grove,
4 Bedroom Apartment,1450000.0,4.0,2.0,3.0,,,
3 Bedroom House,3400000.0,3.0,2.0,4.0,2020.0,,
3 Bedroom House,2150000.0,3.0,2.0,4.0,2942.0,34 Mpushini Avenue,
2 Bedroom Townhouse,895000.0,2.0,1.0,1.0,,,
4 Bedroom House,1295000.0,4.0,25.0,5.0,1024.0,,
2 Bedroom Apartment,1250000.0,2.0,2.0,1.0,,,
4 Bedroom House,1295000.0,4.0,25.0,5.0,1024.0,,
3 Bedroom House,2650000.0,3.0,2.0,2.0,1298.0,,
3 Bedroom Townhouse,1299000.0,3.0,2.0,1.0,13358.0,,
5 Bedroom House,2500000.0,5.0,3.0,1.0,2063.0,,
10 Bedroom House,3600000.0,10.0,6.0,,22235.0,6 Nicholls Road,
4 Bedroom House,1890000.0,4.0,2.0,5.0,945.0,,
4 Bedroom House,650000.0,4.0,1.0,4.0,1212.0,,
4 Bedroom House,1042000.0,4.0,,2.0,1215.0,,
2 Bedroom Apartment,1550000.0,2.0,2.0,2.0,,,
2 Bedroom Apartment,1950000.0,2.0,2.0,1.0,,,
4 Bedroom House,2100000.0,4.0,2.0,5.0,1680.0,,
1 Bedroom Apartment,950000.0,1.0,1.0,1.0,,,
2 Bedroom Apartment,1695000.0,2.0,15.0,1.0,3014.0,,
2 Bedroom Apartment,785000.0,2.0,15.0,2.0,,,
2 Bedroom House,850000.0,2.0,2.0,2.0,206.0,3 Juniper Road,
1 Bedroom Apartment,950000.0,1.0,1.0,1.0,,,
3 Bedroom House,4695000.0,3.0,2.0,2.0,1098.0,,
1 Bedroom Apartment,450000.0,1.0,1.0,,,,
1 Bedroom Apartment,845000.0,1.0,1.0,1.0,,90 Ashley Drive,
3 Bedroom House,890000.0,3.0,1.0,,564.0,,
3 Bedroom Townhouse,1290000.0,3.0,25.0,2.0,348.0,,
2 Bedroom Apartment,695000.0,2.0,1.0,1.0,,,
3 Bedroom Townhouse,3895000.0,3.0,2.0,3.0,,,
1 Bedroom Apartment,520000.0,1.0,1.0,1.0,,,
3 Bedroom House,645000.0,3.0,2.0,1.0,109096.0,,
4 Bedroom Townhouse,14000000.0,4.0,4.0,8.0,6686.0,,
2 Bedroom House,620000.0,2.0,1.0,6.0,313.0,,
3 Bedroom Apartment,3916956.0,3.0,2.0,2.0,,,
1 Bedroom Apartment,795000.0,1.0,1.0,2.0,,,
3 Bedroom House,745000.0,3.0,2.0,1.0,306.0,,
2 Bedroom Townhouse,550000.0,2.0,1.0,2.0,232.0,,
1.5 Bedroom Apartment,379000.0,15.0,1.0,,,,
10 Bedroom House,2850000.0,10.0,6.0,10.0,1070.0,,
2 Bedroom Apartment,720000.0,2.0,1.0,2.0,,,
17 Bedroom House,35500000.0,17.0,17.0,40.0,3555.0,,
6 Bedroom House,5495000.0,6.0,35.0,2.0,3339.0,,
Apartment,525000.0,,1.0,1.0,,,
3 Bedroom House,1300000.0,3.0,1.0,2.0,260.0,,
3 Bedroom Townhouse,1370000.0,3.0,2.0,2.0,7843.0,,
3 Bedroom House,2895000.0,3.0,25.0,3.0,,"Type C Edgecliff Views, 2a Edgecliff Drive",
2 Bedroom Apartment,1100000.0,2.0,2.0,1.0,,,
1 Bedroom Apartment,1700000.0,1.0,1.0,1.0,,,
2 Bedroom House,648000.0,2.0,1.0,,378.0,,
1 Bedroom Apartment,1700000.0,1.0,1.0,1.0,,,
6 Bedroom House,6900000.0,6.0,5.0,4.0,1596.0,,
3 Bedroom Apartment,1500000.0,3.0,2.0,1.0,,111 Marine Drive,
4 Bedroom House,3750000.0,4.0,35.0,6.0,2948.0,,
2 Bedroom House,650000.0,2.0,1.0,4.0,369.0,,
3 Bedroom House,1290000.0,3.0,2.0,2.0,1129.0,,
3 Bedroom Apartment,1495000.0,3.0,2.0,3.0,,,
3 Bedroom Apartment,1700000.0,3.0,2.0,1.0,,"250 San Lameer Golf Estate, R61 Lower South Coast Street",
4 Bedroom Townhouse,6300000.0,4.0,3.0,4.0,8969.0,,
3 Bedroom Apartment,1495000.0,3.0,2.0,3.0,,,
3 Bedroom Townhouse,2550000.0,3.0,2.0,4.0,,,
3 Bedroom Townhouse,4995000.0,3.0,35.0,4.0,,"27 The Dunes, 1 Warren Heights",
3 Bedroom House,900000.0,3.0,3.0,1.0,594.0,,
4 Bedroom Townhouse,1750000.0,4.0,3.0,2.0,3121.0,,
3 Bedroom House,1390000.0,3.0,1.0,1.0,1646.0,,
3 Bedroom House,980000.0,3.0,2.0,5.0,1146.0,,
2 Bedroom Apartment,3600000.0,2.0,2.0,1.0,,"106 Burleigh, . Edward Place",
1 Bedroom Apartment,599000.0,1.0,1.0,1.0,,"20 Beach Lodge, 6 Lagoon Road",
5 Bedroom House,2100000.0,5.0,3.0,5.0,1150.0,,
3 Bedroom House,795000.0,3.0,2.0,6.0,396.0,,
1 Bedroom Apartment,1600000.0,1.0,1.0,1.0,,"412 Breakers Resort, 88 Lagoon Drive",
3 Bedroom House,4000000.0,3.0,4.0,2.0,527.0,17 Kariba Crescent,
4 Bedroom House,1795000.0,4.0,4.0,6.0,1016.0,,
4 Bedroom House,2690000.0,4.0,4.0,2.0,,,
4 Bedroom House,750000.0,4.0,2.0,,,,
1 Bedroom Apartment,560000.0,1.0,1.0,1.0,84.0,,
2 Bedroom Apartment,460000.0,2.0,1.0,,74.0,,
3 Bedroom Townhouse,2099000.0,3.0,2.0,2.0,,,
6 Bedroom House,5950000.0,6.0,5.0,2.0,,,
3 Bedroom Apartment,532000.0,3.0,1.0,,,"13 Ss Barclay Mansions, 211 Prince Street",
4 Bedroom House,2500000.0,4.0,15.0,2.0,,,
4 Bedroom House,3795000.0,4.0,3.0,2.0,463.0,,
6 Bedroom Apartment,2450000.0,6.0,2.0,2.0,,,
3 Bedroom Apartment,990000.0,3.0,2.0,1.0,,,
2 Bedroom Apartment,1250000.0,2.0,1.0,1.0,,,
4 Bedroom House,1200000.0,4.0,2.0,2.0,218.0,,
2 Bedroom House,990000.0,2.0,2.0,3.0,2422.0,,
4 Bedroom House,3600000.0,4.0,3.0,4.0,1257.0,,
2 Bedroom House,1400000.0,2.0,2.0,4.0,45963.0,,
4 Bedroom House,3250000.0,4.0,45.0,9.0,2195.0,,
3 Bedroom Townhouse,2099000.0,3.0,2.0,2.0,,,
4 Bedroom House,1400000.0,4.0,15.0,1.0,1023.0,1 Boundary Road,
3 Bedroom House,1495000.0,3.0,2.0,3.0,,,
3 Bedroom House,2200000.0,3.0,2.0,8.0,1060.0,,
3 Bedroom House,1575000.0,3.0,1.0,2.0,935.0,,
3 Bedroom Apartment,1065000.0,3.0,2.0,2.0,907.0,,
4 Bedroom House,1495000.0,4.0,15.0,7.0,826.0,,
4 Bedroom House,895000.0,4.0,2.0,1.0,279.0,,
4 Bedroom House,850000.0,4.0,1.0,,261.0,,
1.5 Bedroom Apartment,795000.0,15.0,15.0,1.0,,,
3 Bedroom House,1300000.0,3.0,2.0,8.0,1818.0,,
3 Bedroom Apartment,1065000.0,3.0,2.0,2.0,907.0,,
3 Bedroom Townhouse,3599000.0,3.0,2.0,3.0,,,
4 Bedroom House,2295000.0,4.0,2.0,14.0,1134.0,,
3 Bedroom House,4750000.0,3.0,25.0,4.0,472.0,6 Intaba Terrace,
3 Bedroom Townhouse,2800000.0,3.0,2.0,4.0,,,
1 Bedroom Apartment,690000.0,1.0,1.0,1.0,,,
3 Bedroom Apartment,1320000.0,3.0,2.0,2.0,,,
3 Bedroom House,1700000.0,3.0,2.0,6.0,830.0,,
6 Bedroom House,1695000.0,6.0,2.0,16.0,984.0,,
3 Bedroom House,4500000.0,3.0,4.0,4.0,7186.0,19 Nkwazi Drive,
2 Bedroom House,2250000.0,2.0,2.0,2.0,1334.0,,
2 Bedroom Townhouse,2652000.0,2.0,1.0,1.0,,2 Country Lane,
4 Bedroom House,6951135.0,4.0,45.0,3.0,5071.0,,
3 Bedroom Apartment,6900000.0,3.0,3.0,5.0,,"19 Ss Shayamoya, 9 Beachwood Drive, Unit 19 Shayamoya",
3 Bedroom Townhouse,1230000.0,3.0,3.0,2.0,130.0,,
3 Bedroom House,1350000.0,3.0,1.0,6.0,1902.0,,
2 Bedroom Apartment,2699000.0,2.0,2.0,2.0,,,
4 Bedroom Apartment,3000000.0,4.0,2.0,2.0,,,
3 Bedroom House,1850000.0,3.0,1.0,2.0,1184.0,,
3 Bedroom Apartment,9750000.0,3.0,4.0,4.0,,,
4 Bedroom House,1620000.0,4.0,2.0,4.0,1430.0,,
4 Bedroom House,1799000.0,4.0,3.0,2.0,2041.0,122 9th Avenue,
0.5 Bedroom Apartment,1050000.0,5.0,1.0,1.0,,,
7 Bedroom House,5500000.0,7.0,4.0,8.0,1830.0,17 Linden Road,
3 Bedroom Townhouse,5900000.0,3.0,2.0,2.0,13321.0,"27 Ss Luxe Zimbali, 2 Yellowwood Drive, Unit 27 Luxe Zimbali",
2 Bedroom Apartment,670000.0,2.0,1.0,1.0,12825.0,,
3 Bedroom Townhouse,10000000.0,3.0,4.0,4.0,299.0,,
4 Bedroom Apartment,3000000.0,4.0,2.0,2.0,,,
2 Bedroom Apartment,1695000.0,2.0,2.0,2.0,,,
1 Bedroom Apartment,1249000.0,1.0,2.0,1.0,,,
3 Bedroom House,1799000.0,3.0,2.0,6.0,1012.0,,
3 Bedroom House,550000.0,3.0,1.0,4.0,349.0,,
3 Bedroom House,2600000.0,3.0,3.0,3.0,1627.0,,
3 Bedroom House,850000.0,3.0,2.0,5.0,457.0,,
2 Bedroom Apartment,800000.0,2.0,2.0,1.0,,,
3 Bedroom Apartment,799000.0,3.0,15.0,1.0,,,
7 Bedroom House,2999990.0,7.0,6.0,5.0,650.0,75 Coronet Place,
3 Bedroom Townhouse,1745000.0,3.0,25.0,2.0,,"6 Ss Earl Haig Mews, 188 Earl Haig Road",
3 Bedroom Apartment,1250000.0,3.0,2.0,2.0,,,
3 Bedroom House,1150000.0,3.0,15.0,8.0,817.0,,
3 Bedroom House,3150000.0,3.0,2.0,4.0,449.0,,
3 Bedroom House,870000.0,3.0,3.0,2.0,493.0,,
3 Bedroom Townhouse,1050000.0,3.0,2.0,2.0,,,
6 Bedroom House,12750000.0,6.0,6.0,9.0,1078.0,,
1 Bedroom Apartment,350000.0,1.0,1.0,,,Rydal Mount 130 Gillespie Street,
2 Bedroom Apartment,3150000.0,2.0,2.0,2.0,,115 Musgrave Avenue,
4 Bedroom House,12000000.0,4.0,45.0,2.0,25314.0,,
4 Bedroom House,1498000.0,4.0,3.0,,1026.0,,
3 Bedroom Townhouse,4500000.0,3.0,3.0,2.0,,35 Summit Drive,
3 Bedroom House,1180000.0,3.0,2.0,2.0,,,
1 Bedroom Apartment,1150000.0,1.0,1.0,2.0,,"F17 Ss Ocean Club, 1 Ocean Club Drive, Unit F17 Ocean Club",
5 Bedroom House,1600000.0,5.0,2.0,4.0,337.0,,
2 Bedroom Apartment,1999000.0,2.0,1.0,,,"64 Ss Zimbali Boulevard Suites, 1 Albizia Drive, Unit 64 Boulevard Suites",
3 Bedroom Apartment,1250000.0,3.0,2.0,2.0,,,
5 Bedroom House,995000.0,5.0,2.0,2.0,366.0,,
3 Bedroom House,575000.0,3.0,1.0,2.0,260.0,,
3 Bedroom Townhouse,4725000.0,3.0,3.0,4.0,43.0,,
3 Bedroom Townhouse,1200000.0,3.0,2.0,1.0,,319 Clark Road,
2 Bedroom Apartment,889000.0,2.0,2.0,1.0,,,
3 Bedroom House,1299000.0,3.0,1.0,6.0,209.0,,
4 Bedroom House,1475000.0,4.0,3.0,12.0,,,
2.5 Bedroom Apartment,2650000.0,25.0,2.0,1.0,,,
5 Bedroom House,850000.0,5.0,3.0,2.0,651.0,,
3 Bedroom House,650000.0,3.0,1.0,3.0,,"P12 Xaxaza Park, 112 Mimosa Drive",
2 Bedroom Apartment,850000.0,2.0,2.0,,,,
3 Bedroom Townhouse,4350000.0,3.0,2.0,5.0,397.0,,
3 Bedroom Apartment,995000.0,3.0,3.0,3.0,,,
4 Bedroom House,1475000.0,4.0,3.0,12.0,,,
2 Bedroom Apartment,2630000.0,2.0,2.0,2.0,,"2 Musgrave Towers, 115 Musgrave Road",
2 Bedroom Apartment,748000.0,2.0,1.0,2.0,,,
3 Bedroom House,1550000.0,3.0,25.0,4.0,663.0,,
2 Bedroom Apartment,715000.0,2.0,15.0,1.0,,,
3 Bedroom Apartment,1200000.0,3.0,2.0,2.0,,,
3 Bedroom Townhouse,967000.0,3.0,3.0,2.0,4186.0,,
2 Bedroom Apartment,994000.0,2.0,2.0,,,,
4 Bedroom House,2650000.0,4.0,35.0,4.0,1556.0,,
2 Bedroom Apartment,875000.0,2.0,1.0,1.0,,,
3 Bedroom Townhouse,,3.0,2.0,2.0,,,
5 Bedroom House,4500000.0,5.0,5.0,2.0,1331.0,,
4 Bedroom House,4500000.0,4.0,35.0,6.0,850.0,,
3 Bedroom Apartment,550000.0,3.0,2.0,2.0,,"97 Koelwaters, 0 Cowey Road",
4 Bedroom House,1950000.0,4.0,25.0,2.0,1022.0,,
3 Bedroom House,1190000.0,3.0,2.0,1.0,444.0,,
2 Bedroom Apartment,2100000.0,2.0,1.0,1.0,,,
3 Bedroom House,1500000.0,3.0,2.0,2.0,1132.0,5 Ulundi Drive,
2 Bedroom Townhouse,995000.0,2.0,1.0,1.0,16925.0,"58 Ss La Belle Vie, 61 Bird Street",
2 Bedroom Townhouse,1295000.0,2.0,1.0,2.0,,,
3 Bedroom Apartment,3595000.0,3.0,2.0,2.0,,,
3 Bedroom Apartment,10500000.0,3.0,3.0,3.0,,,
1 Bedroom Apartment,1795000.0,1.0,15.0,1.0,,,
4 Bedroom House,4500000.0,4.0,2.0,7.0,1543.0,,
4 Bedroom House,860000.0,4.0,15.0,2.0,1000.0,,
3 Bedroom Apartment,3900000.0,3.0,1.0,6.0,,"404 Harbour Lights, 103 Cato Road",
3 Bedroom House,1500000.0,3.0,2.0,2.0,1132.0,5 Ulundi Drive,
2 Bedroom Apartment,720000.0,2.0,1.0,2.0,,,
2 Bedroom Apartment,800000.0,2.0,2.0,1.0,,"Ss Rio, 2191 St Michaels On Sea Drive",
5 Bedroom House,980000.0,5.0,2.0,4.0,1195.0,,
3 Bedroom House,895000.0,3.0,1.0,3.0,208.0,,
2 Bedroom Apartment,750000.0,2.0,1.0,2.0,,,
0.5 Bedroom Apartment,1150000.0,5.0,1.0,2.0,,"E16 Ss Ocean Club, 1 Ocean Club Drive, Unit F17 Ocean Club",
1 Bedroom Apartment,1150000.0,1.0,1.0,1.0,,,
1.5 Bedroom Apartment,695000.0,15.0,1.0,1.0,,,
2 Bedroom Townhouse,2950000.0,2.0,15.0,2.0,,,
2 Bedroom Townhouse,1190000.0,2.0,1.0,2.0,12309.0,,
3 Bedroom House,1150000.0,3.0,1.0,4.0,,,
2 Bedroom House,730000.0,2.0,15.0,2.0,132.0,,
2 Bedroom Apartment,750000.0,2.0,15.0,1.0,,,
3 Bedroom House,2035000.0,3.0,2.0,3.0,809.0,,
1 Bedroom Apartment,6437340.0,1.0,1.0,1.0,,,
4 Bedroom House,950000.0,4.0,3.0,6.0,900.0,,
1.5 Bedroom Apartment,425000.0,15.0,1.0,,,157 Margaret Mncadi Avenue,
5 Bedroom House,3800000.0,5.0,5.0,10.0,2000.0,,
3 Bedroom Townhouse,1275000.0,3.0,2.0,2.0,,,
4 Bedroom House,9800000.0,4.0,4.0,4.0,1796.0,,
3 Bedroom House,1299000.0,3.0,2.0,3.0,587.0,,
2 Bedroom Apartment,650000.0,2.0,2.0,1.0,,"Ogwini, 9 Joseph Nduli Street",
3 Bedroom House,780000.0,3.0,1.0,3.0,260.0,,
2 Bedroom Apartment,750000.0,2.0,1.0,1.0,,,
4 Bedroom House,950000.0,4.0,3.0,6.0,900.0,,
3 Bedroom Apartment,2600000.0,3.0,2.0,2.0,,"3 Ss Sunbirdway, 600 Fish Eagle Drive, Unit 3 Sunbird Way",
2 Bedroom Apartment,770000.0,2.0,1.0,2.0,,26 Constantz Drive,
4 Bedroom House,22500000.0,4.0,4.0,2.0,1227.0,,
3 Bedroom House,3815000.0,3.0,2.0,4.0,486.0,68 Salt Rock City,
5 Bedroom Townhouse,3795000.0,5.0,4.0,2.0,,,
4 Bedroom House,4250000.0,4.0,4.0,6.0,1548.0,,
5 Bedroom Townhouse,3795000.0,5.0,4.0,2.0,,,
4 Bedroom House,1985000.0,4.0,4.0,7.0,1820.0,,
3 Bedroom House,695000.0,3.0,1.0,,321.0,,
4 Bedroom House,4695000.0,4.0,35.0,5.0,1037.0,13 Jacqueline Drive,
3 Bedroom Townhouse,1295000.0,3.0,2.0,,,,
5 Bedroom House,2500000.0,5.0,3.0,11.0,902.0,,
3 Bedroom Townhouse,9999999.0,3.0,4.0,7.0,1051.0,"23 Ss Marine Point, 27 Timeball Boulevard",
2 Bedroom Apartment,980000.0,2.0,1.0,1.0,,,
3 Bedroom Apartment,915000.0,3.0,1.0,1.0,,,
3 Bedroom House,2700000.0,3.0,2.0,4.0,929.0,,
5 Bedroom House,1150000.0,5.0,4.0,2.0,240.0,,
3 Bedroom House,1800000.0,3.0,2.0,2.0,1012.0,,
3 Bedroom House,1295000.0,3.0,15.0,7.0,,,
3 Bedroom House,1495000.0,3.0,2.0,7.0,831.0,,
3 Bedroom House,365000.0,3.0,2.0,1.0,1111.0,,
2 Bedroom Townhouse,800000.0,2.0,1.0,1.0,,,
3 Bedroom Townhouse,3750000.0,3.0,3.0,2.0,4113.0,,
2 Bedroom Apartment,1470000.0,2.0,1.0,1.0,,,
3 Bedroom House,1525000.0,3.0,2.0,4.0,1171.0,,
2 Bedroom Apartment,650000.0,2.0,1.0,1.0,,,
2 Bedroom Apartment,1795000.0,2.0,1.0,1.0,,,
3 Bedroom House,1195000.0,3.0,2.0,2.0,1375.0,,
3 Bedroom Townhouse,2825000.0,3.0,2.0,4.0,,,
3 Bedroom Townhouse,2850000.0,3.0,2.0,4.0,,,
1 Bedroom Apartment,950000.0,1.0,1.0,,,,
2 Bedroom Apartment,739000.0,2.0,15.0,1.0,,,
3 Bedroom Apartment,1750000.0,3.0,2.0,2.0,,,
2 Bedroom Apartment,650000.0,2.0,2.0,2.0,,,
3 Bedroom Apartment,2500000.0,3.0,3.0,1.0,,150 South Beach Road,
1 Bedroom Apartment,450000.0,1.0,1.0,1.0,,,
3 Bedroom House,1495000.0,3.0,2.0,2.0,2332.0,,
3 Bedroom Apartment,3395000.0,3.0,2.0,2.0,,,
6 Bedroom House,3900000.0,6.0,6.0,5.0,3175.0,,
2 Bedroom Apartment,920000.0,2.0,2.0,,,,
Townhouse,1300000.0,,,,,,
3 Bedroom Townhouse,3750000.0,3.0,3.0,2.0,4113.0,,
4 Bedroom Apartment,10000000.0,4.0,2.0,1.0,,,
House,1650000.0,,,,,25 Hawk Road,
2 Bedroom Apartment,925000.0,2.0,2.0,2.0,,,
2 Bedroom Townhouse,1260000.0,2.0,1.0,1.0,,,
3 Bedroom House,1295000.0,3.0,2.0,2.0,,,
4 Bedroom House,4629500.0,4.0,4.0,3.0,2500.0,,
8 Bedroom House,2750000.0,8.0,4.0,50.0,614.0,,
2 Bedroom Apartment,685000.0,2.0,1.0,,,,
2 Bedroom House,3400000.0,2.0,2.0,2.0,,,
1.5 Bedroom Apartment,620000.0,15.0,1.0,1.0,,,
2 Bedroom Apartment,685000.0,2.0,1.0,,,,
1 Bedroom Apartment,1500000.0,1.0,1.0,,,,
3 Bedroom House,980000.0,3.0,2.0,,,,
4 Bedroom House,695000.0,4.0,2.0,1.0,,,
5 Bedroom House,1400000.0,5.0,3.0,3.0,,,
3 Bedroom Apartment,820000.0,3.0,1.0,3.0,,,
3 Bedroom House,550000.0,3.0,1.0,,260.0,,
4 Bedroom House,5350000.0,4.0,45.0,2.0,1459.0,,
2 Bedroom Townhouse,2590000.0,2.0,15.0,2.0,,,
9 Bedroom House,4500000.0,9.0,8.0,9.0,,,
3 Bedroom Apartment,1000000.0,3.0,15.0,1.0,,,
3 Bedroom Townhouse,950000.0,3.0,25.0,2.0,,,
4 Bedroom House,4200000.0,4.0,2.0,,,,
4 Bedroom House,3500000.0,4.0,3.0,8.0,3624.0,,
4 Bedroom House,9500000.0,4.0,5.0,1.0,944.0,31 Leonora Drive,
2 Bedroom Apartment,1990000.0,2.0,1.0,4.0,,,
3 Bedroom Apartment,1750000.0,3.0,2.0,3.0,,1043 Marine Drive,
2 Bedroom House,2950000.0,2.0,2.0,2.0,332.0,46 Beach Road,
4 Bedroom House,2650000.0,4.0,2.0,3.0,1849.0,28 Hornbill Street,
3 Bedroom House,2650000.0,3.0,2.0,9.0,1239.0,72 Tipuana Drive,
3 Bedroom Apartment,4100000.0,3.0,3.0,2.0,,,
2 Bedroom Apartment,1195000.0,2.0,1.0,2.0,,,
3 Bedroom House,2475000.0,3.0,3.0,1.0,1167.0,33 Stephen Road,
2 Bedroom Apartment,895000.0,2.0,15.0,2.0,,,
1 Bedroom Apartment,730000.0,1.0,1.0,1.0,,,
2 Bedroom Apartment,850000.0,2.0,2.0,1.0,,,
4 Bedroom House,6550000.0,4.0,4.0,1.0,200.0,"498 San Lameer, Lower South Coast Road N2s R61, San Lameer",
1 Bedroom Apartment,800000.0,1.0,1.0,1.0,,,
2 Bedroom Apartment,825000.0,2.0,2.0,1.0,,,
3 Bedroom House,3300000.0,3.0,3.0,3.0,,"10 Dreyer Avenue, Panorama Park, 11 R102 Road",
2 Bedroom House,2950000.0,2.0,2.0,2.0,332.0,46 Beach Road,
3 Bedroom House,1195000.0,3.0,2.0,2.0,1361.0,Starling Place,
3 Bedroom Apartment,2150000.0,3.0,2.0,2.0,,"16 Westbrook Forest Lodge, 21 Malcolm Welfare Circle, 16 Westbrook Forest Lodge",
3 Bedroom House,2865000.0,3.0,2.0,2.0,2060.0,"105 Springside Road, Hillcrest Park, KwaZulu-Natal",
3 Bedroom Townhouse,680000.0,3.0,1.0,2.0,,,
4 Bedroom Townhouse,,4.0,3.0,2.0,13027.0,"San Lameer Estate, Lakeside Villa Lower South Coast Road N2s",
1 Bedroom Apartment,300000.0,1.0,1.0,,,"901 Eden Crescent Retirement Complex, 23 Sol Harris Crescent",
4 Bedroom House,1499000.0,4.0,3.0,6.0,1129.0,,
3 Bedroom Apartment,550000.0,3.0,1.0,1.0,,"41 Ss Fern View, 4 Boronia Beam Street",
4 Bedroom House,2995500.0,4.0,2.0,9.0,,,
1.5 Bedroom Apartment,580000.0,15.0,1.0,,,,
2 Bedroom House,450000.0,2.0,1.0,1.0,281.0,,
4 Bedroom House,8895000.0,4.0,45.0,3.0,1890.0,3 Tamboti Drive,
3 Bedroom Apartment,1499000.0,3.0,3.0,,,,
2 Bedroom Apartment,895000.0,2.0,1.0,2.0,,"6 Ss Lawson Mansions, 136 Alan Paton Road",
3 Bedroom Apartment,1800000.0,3.0,2.0,1.0,145.0,,
3 Bedroom Apartment,3450000.0,3.0,2.0,2.0,,"33 Ss Long Island, 247 Ocean Drive, Unit 33 Long Island",
2 Bedroom House,3890000.0,2.0,2.0,,451.0,,
3 Bedroom Apartment,3450000.0,3.0,2.0,2.0,,"33 Ss Long Island, 247 Ocean Drive, Unit 33 Long Island",
1 Bedroom Apartment,720000.0,1.0,1.0,1.0,,"27 (2) Casa-Uvongo, 6 Lilliecrona Boulevard Boulevard",
1 Bedroom Apartment,1590000.0,1.0,1.0,2.0,,,
5 Bedroom House,11800000.0,5.0,6.0,5.0,1280.0,24 Sheffield Drive,
2 Bedroom Apartment,2450000.0,2.0,2.0,2.0,,,
2.5 Bedroom Apartment,750000.0,25.0,2.0,2.0,129.0,,
1 Bedroom Apartment,590000.0,1.0,1.0,1.0,,,
3 Bedroom House,3655000.0,3.0,2.0,2.0,405.0,,
4 Bedroom House,1190000.0,4.0,25.0,5.0,918.0,,
3 Bedroom House,650000.0,3.0,1.0,2.0,126.0,,
3 Bedroom Apartment,920000.0,3.0,2.0,3.0,,,
5 Bedroom House,2690000.0,5.0,4.0,3.0,1353.0,,
Apartment,500000.0,,1.0,,,,
2 Bedroom Apartment,1600000.0,2.0,15.0,1.0,,,
3 Bedroom Townhouse,620000.0,3.0,2.0,1.0,109558.0,,
3 Bedroom House,1250000.0,3.0,1.0,2.0,,,
3 Bedroom House,1150000.0,3.0,2.0,1.0,216.0,,
3 Bedroom House,650000.0,3.0,1.0,2.0,126.0,,
4 Bedroom House,2295000.0,4.0,3.0,2.0,1140.0,,
3 Bedroom House,1190000.0,3.0,3.0,,216.0,,
4 Bedroom House,3795000.0,4.0,25.0,3.0,2876.0,,
12 Bedroom House,3490000.0,12.0,12.0,1.0,,,
4 Bedroom House,2750000.0,4.0,4.0,2.0,,,
2 Bedroom Apartment,720000.0,2.0,15.0,1.0,,,
2 Bedroom Apartment,775000.0,2.0,1.0,1.0,,,
2 Bedroom Apartment,1250000.0,2.0,1.0,1.0,,,
3 Bedroom Apartment,4999000.0,3.0,2.0,2.0,,,
3 Bedroom House,1895000.0,3.0,3.0,2.0,1856.0,,
3 Bedroom House,1295000.0,3.0,2.0,2.0,670.0,,
3 Bedroom Townhouse,1570000.0,3.0,2.0,,,1 Ngwele Rd,
2 Bedroom Apartment,799000.0,2.0,1.0,2.0,,Unit 43 Carrington Heights 57 Kennard Rise Road,
2 Bedroom Apartment,950000.0,2.0,15.0,2.0,,,
3 Bedroom House,870000.0,3.0,2.0,2.0,,,
5 Bedroom House,8600000.0,5.0,5.0,2.0,1306.0,,
4 Bedroom House,1990000.0,4.0,2.0,2.0,1079.0,,
2 Bedroom Apartment,3900000.0,2.0,25.0,2.0,,,
2 Bedroom Apartment,2400000.0,2.0,2.0,1.0,,"Unit 5, The 18th Village Apartments Tom Morris Close",
2 Bedroom Apartment,1650000.0,2.0,2.0,1.0,,,
4 Bedroom Apartment,9500000.0,4.0,4.0,4.0,,,
3 Bedroom House,410000.0,3.0,1.0,2.0,238.0,,
3 Bedroom House,2680000.0,3.0,2.0,3.0,,,
5 Bedroom House,15990000.0,5.0,55.0,8.0,3171.0,,
2 Bedroom Apartment,935850.0,2.0,2.0,1.0,,,
3 Bedroom Townhouse,1950000.0,3.0,2.0,6.0,171.0,,
24 Bedroom Apartment,12950000.0,24.0,,6.0,,,
1 Bedroom Apartment,847000.0,1.0,1.0,4.0,,,
2 Bedroom Apartment,799000.0,2.0,1.0,2.0,,Unit 43 Carrington Heights 57 Kennard Rise Road,
5 Bedroom House,3800000.0,5.0,4.0,3.0,1105.0,,
4 Bedroom House,1980000.0,4.0,4.0,5.0,1028.0,,
3 Bedroom House,800000.0,3.0,2.0,3.0,609.0,2 Lennexton Avenue,
5 Bedroom House,3750000.0,5.0,4.0,8.0,2055.0,,
3 Bedroom House,995000.0,3.0,15.0,1.0,3159.0,,
4 Bedroom House,1099000.0,4.0,3.0,2.0,263.0,,
3 Bedroom Townhouse,2495000.0,3.0,35.0,3.0,163.0,,
3 Bedroom Townhouse,1795000.0,3.0,2.0,2.0,,75 David Livingstone,
2 Bedroom Apartment,5300000.0,2.0,25.0,4.0,,,
3 Bedroom Apartment,16770000.0,3.0,3.0,2.0,,,
4 Bedroom House,2782000.0,4.0,3.0,4.0,7145.0,744 Novar Street,
6 Bedroom House,9940000.0,6.0,6.0,2.0,686.0,74 / 95 Flatcrown Circle,
1 Bedroom Apartment,1950000.0,1.0,1.0,1.0,,"208 The Address, 7 Albizia Drive",
1 Bedroom Apartment,1295000.0,1.0,15.0,1.0,,"621 The Sails, 23 Timeball Boulevard",
2 Bedroom Apartment,825000.0,2.0,1.0,1.0,,,
4 Bedroom Apartment,1095000.0,4.0,2.0,1.0,,,
3 Bedroom House,1500000.0,3.0,2.0,6.0,1022.0,,
5 Bedroom House,3750000.0,5.0,4.0,8.0,2055.0,,
2 Bedroom Townhouse,2095000.0,2.0,1.0,2.0,,,
3 Bedroom Townhouse,4750000.0,3.0,2.0,4.0,,,
2 Bedroom Apartment,1290000.0,2.0,1.0,1.0,,14 Lee Barnes Boulevard,
3 Bedroom House,798000.0,3.0,1.0,,506.0,219 Balhambra Way Road,
3 Bedroom Townhouse,2700000.0,3.0,3.0,4.0,158467.0,,
3 Bedroom Townhouse,1375000.0,3.0,2.0,1.0,,,
3 Bedroom Townhouse,1790000.0,3.0,3.0,2.0,,,
4 Bedroom House,11500000.0,4.0,35.0,13.0,2351.0,,
4 Bedroom House,2600000.0,4.0,3.0,2.0,1618.0,,
3 Bedroom Townhouse,1450000.0,3.0,2.0,3.0,,"Unit 12 Trafalgar Terrace, 9 John White Road",
4 Bedroom House,2500000.0,4.0,2.0,6.0,1788.0,,
3 Bedroom House,3790000.0,3.0,2.0,6.0,2525.0,,
5 Bedroom House,2650000.0,5.0,4.0,2.0,1082.0,47 Buchanan,
4 Bedroom House,2150000.0,4.0,3.0,4.0,1005.0,,
3 Bedroom House,970000.0,3.0,2.0,5.0,1383.0,,
Apartment,900000.0,,,,,,
4 Bedroom Apartment,6790000.0,4.0,25.0,2.0,,"C37 Sabuti, 4 Sicklebush Lane",
3 Bedroom House,3900000.0,3.0,2.0,4.0,7756.0,,
4 Bedroom House,1950000.0,4.0,3.0,3.0,1070.0,,
4 Bedroom Apartment,6790000.0,4.0,25.0,2.0,,"C37 Sabuti, 4 Sicklebush Lane",
0.5 Bedroom Apartment,450000.0,5.0,1.0,2.0,,,
2 Bedroom Apartment,1850000.0,2.0,1.0,3.0,,1 George Mac Farlane Lane,
4 Bedroom House,3195000.0,4.0,3.0,6.0,2291.0,13 Norton Avenue,
3 Bedroom House,2850000.0,3.0,2.0,8.0,441.0,3 Isabella Boulevard,
3 Bedroom House,1649000.0,3.0,2.0,7.0,1346.0,,
2 Bedroom Apartment,760000.0,2.0,2.0,1.0,,,
3 Bedroom House,1350000.0,3.0,2.0,5.0,,,
2 Bedroom House,400000.0,2.0,1.0,1.0,,,
4 Bedroom House,1299000.0,4.0,15.0,1.0,1260.0,,
5 Bedroom House,9900000.0,5.0,5.0,4.0,2698.0,,
5 Bedroom House,3999000.0,5.0,3.0,8.0,2125.0,,
4 Bedroom House,3300000.0,4.0,4.0,6.0,2177.0,,
4 Bedroom House,1050000.0,4.0,35.0,5.0,620.0,,
4 Bedroom House,2790000.0,4.0,3.0,8.0,1072.0,,
3 Bedroom House,849000.0,3.0,15.0,12.0,799.0,,
3 Bedroom House,1150000.0,3.0,2.0,2.0,790.0,,
2 Bedroom Apartment,550000.0,2.0,1.0,,,,
3 Bedroom House,1260000.0,3.0,1.0,1.0,901.0,,
4 Bedroom Townhouse,7808005.0,4.0,4.0,2.0,5062.0,,
3 Bedroom House,849000.0,3.0,2.0,2.0,253.0,,
2 Bedroom Apartment,1850000.0,2.0,2.0,1.0,,,
2 Bedroom Townhouse,2650000.0,2.0,2.0,2.0,,,
2 Bedroom Townhouse,2650000.0,2.0,2.0,2.0,,,
4 Bedroom House,2190000.0,4.0,2.0,10.0,2710.0,,
3 Bedroom House,2850000.0,3.0,2.0,10.0,724.0,,
3 Bedroom House,1850000.0,3.0,2.0,4.0,506.0,3 Aylesbury Avenue,
9 Bedroom House,19500000.0,9.0,95.0,4.0,7842.0,,
5 Bedroom House,1499990.0,5.0,3.0,3.0,1998.0,,
10 Bedroom House,6000000.0,10.0,8.0,4.0,1010.0,,
5 Bedroom House,4500000.0,5.0,4.0,6.0,,,
5 Bedroom House,1499990.0,5.0,3.0,3.0,1998.0,,
4 Bedroom House,2300000.0,4.0,4.0,1.0,100.0,8 Bond Avenue,
3 Bedroom Townhouse,1570000.0,3.0,2.0,3.0,89896.0,,
5 Bedroom House,5500000.0,5.0,5.0,5.0,45474.0,,
3 Bedroom House,950000.0,3.0,2.0,,626.0,,
3 Bedroom Apartment,3575000.0,3.0,2.0,2.0,,,
2 Bedroom House,780000.0,2.0,2.0,1.0,,,
3 Bedroom Apartment,2900000.0,3.0,2.0,2.0,,,
3 Bedroom House,1740000.0,3.0,3.0,3.0,1191.0,,
4 Bedroom House,4550000.0,4.0,5.0,3.0,900.0,,
3 Bedroom Townhouse,849999.0,3.0,2.0,2.0,,,
2 Bedroom Townhouse,950000.0,2.0,1.0,2.0,,,
7 Bedroom House,,7.0,4.0,5.0,,,
1 Bedroom Apartment,1595000.0,1.0,1.0,1.0,,,
4 Bedroom House,5450000.0,4.0,3.0,2.0,20000.0,37 Summer View Place,
4 Bedroom House,3000000.0,4.0,4.0,2.0,1925.0,,
3 Bedroom House,1300000.0,3.0,2.0,1.0,2193.0,,
4 Bedroom House,1450000.0,4.0,2.0,3.0,1263.0,,
4 Bedroom House,2250000.0,4.0,3.0,8.0,1162.0,,
4 Bedroom Apartment,7456923.0,4.0,35.0,4.0,,"12 Dune, 1 Dune",
3 Bedroom Apartment,8950000.0,3.0,3.0,2.0,,"607 Ss Zimbali Hotel AND Resort, 5 Corkwood Drive, Unit 607 Zimbali Suites",
1 Bedroom Apartment,500000.0,1.0,1.0,1.0,,,
1 Bedroom Apartment,575000.0,1.0,1.0,,,143 Margaret Mncadi Avenue,
1 Bedroom Apartment,999000.0,1.0,1.0,1.0,,,
3 Bedroom House,820000.0,3.0,15.0,4.0,502.0,,
3 Bedroom House,690000.0,3.0,1.0,,898.0,,
3 Bedroom Apartment,1280000.0,3.0,2.0,2.0,,,
4 Bedroom Townhouse,1100000.0,4.0,3.0,4.0,7347.0,"46 Lyndhurst, 46 Harcourt Street",
2 Bedroom Apartment,720000.0,2.0,1.0,2.0,,,
2 Bedroom Townhouse,990000.0,2.0,1.0,2.0,,"12 Havelock Heath, 44 Hesketh Drive",
2 Bedroom Townhouse,895000.0,2.0,2.0,2.0,1985.0,,
2 Bedroom Apartment,1350000.0,2.0,2.0,2.0,,"9 Cotswold Fenns, 118 Inanda Road",
2 Bedroom Apartment,1095000.0,2.0,1.0,1.0,2074.0,,
3 Bedroom Townhouse,1640000.0,3.0,2.0,1.0,8976.0,"9 The Skippers, 2094 Mitchell Street",
3 Bedroom Townhouse,1400000.0,3.0,3.0,1.0,,,
3 Bedroom Apartment,1280000.0,3.0,2.0,2.0,,,
1 Bedroom Apartment,750000.0,1.0,1.0,1.0,,,
1 Bedroom Apartment,1250000.0,1.0,1.0,1.0,,,
4 Bedroom Townhouse,8950000.0,4.0,45.0,3.0,19325.0,,
5 Bedroom House,2649000.0,5.0,4.0,3.0,1470.0,,
7 Bedroom House,6000000.0,7.0,5.0,4.0,1259.0,,
3 Bedroom Apartment,870000.0,3.0,2.0,2.0,,5 Hall Road,
3 Bedroom Townhouse,2900000.0,3.0,35.0,,4778.0,"6 Horizon Edge, 112 Mount Edgecombe Drive",
2 Bedroom Apartment,1100000.0,2.0,1.0,2.0,,69 Meridian Drive,
3 Bedroom Apartment,870000.0,3.0,2.0,2.0,,5 Hall Road,
2 Bedroom House,1250000.0,2.0,1.0,1.0,,,
4 Bedroom House,1280000.0,4.0,2.0,4.0,,,
6 Bedroom House,7400000.0,6.0,55.0,14.0,1468.0,,
4 Bedroom House,17500000.0,4.0,4.0,8.0,1454.0,,
3 Bedroom House,1470000.0,3.0,2.0,2.0,12367.0,,
3 Bedroom House,1700000.0,3.0,2.0,1.0,1289.0,,
2 Bedroom Apartment,740000.0,2.0,15.0,1.0,,,
2 Bedroom Apartment,1550000.0,2.0,1.0,2.0,,"E103 Cotswold Fenns, 117 Inanda Rd",
2 Bedroom Apartment,1100000.0,2.0,1.0,2.0,,,
1 Bedroom Apartment,775000.0,1.0,1.0,,,,
3 Bedroom House,2350000.0,3.0,2.0,8.0,650.0,,
2 Bedroom Apartment,1000000.0,2.0,1.0,3.0,,52 Fynn Road,
2 Bedroom Townhouse,4725000.0,2.0,2.0,2.0,9754.0,,
3 Bedroom Apartment,980000.0,3.0,2.0,2.0,,127 Marine Drive,
3 Bedroom House,2150000.0,3.0,2.0,1.0,787.0,,
4 Bedroom House,1245000.0,4.0,3.0,5.0,1150.0,,
1 Bedroom Apartment,1200000.0,1.0,1.0,,,,
3 Bedroom House,1699000.0,3.0,15.0,3.0,292.0,,
1 Bedroom Apartment,1200000.0,1.0,1.0,,,,
3 Bedroom Townhouse,1675000.0,3.0,2.0,4.0,17187.0,,
3 Bedroom Townhouse,3595000.0,3.0,3.0,2.0,21537.0,,
3 Bedroom Apartment,11500000.0,3.0,3.0,2.0,,64 Lagoon,
3 Bedroom Apartment,1475000.0,3.0,2.0,2.0,,,
2 Bedroom Apartment,1045000.0,2.0,2.0,1.0,,,
1 Bedroom Apartment,1030975.0,1.0,1.0,1.0,,,
2 Bedroom Apartment,1450000.0,2.0,2.0,1.0,,60 Meridian Drive,
2 Bedroom Apartment,795000.0,2.0,1.0,1.0,,45 Ellcock Road,
3 Bedroom Apartment,995000.0,3.0,2.0,2.0,,,
3 Bedroom Apartment,990000.0,3.0,2.0,3.0,,,
3 Bedroom Apartment,1950000.0,3.0,2.0,2.0,,117 Inanda Road Cotswold Fenns Hillcrest 3610,
3 Bedroom House,2150000.0,3.0,2.0,6.0,613.0,,
3 Bedroom House,880000.0,3.0,2.0,3.0,1108.0,80 Bobby Locke Avenue,
2 Bedroom Apartment,655200.0,2.0,1.0,1.0,,,
2.5 Bedroom Apartment,750000.0,25.0,15.0,2.0,,,
2 Bedroom Townhouse,2525000.0,2.0,2.0,2.0,,,
4 Bedroom Apartment,10450000.0,4.0,4.0,4.0,,,
3 Bedroom Townhouse,2200000.0,3.0,2.0,2.0,152.0,,
3 Bedroom House,950000.0,3.0,1.0,1.0,365.0,,
2 Bedroom House,950000.0,2.0,1.0,4.0,272.0,,
4 Bedroom House,1100000.0,4.0,25.0,10.0,1020.0,,
2 Bedroom Apartment,1095000.0,2.0,1.0,1.0,,,
3.5 Bedroom Apartment,1850000.0,35.0,2.0,1.0,,,
3 Bedroom Townhouse,845000.0,3.0,1.0,2.0,4000.0,,
4 Bedroom Apartment,985000.0,4.0,2.0,1.0,,,
3 Bedroom Apartment,4500000.0,3.0,3.0,2.0,,,
5 Bedroom House,16600000.0,5.0,55.0,2.0,1004.0,,
2 Bedroom Apartment,780000.0,2.0,2.0,1.0,,,
3 Bedroom Townhouse,1380000.0,3.0,2.0,1.0,,,
5 Bedroom Townhouse,1500000.0,5.0,2.0,3.0,,,
3.5 Bedroom Apartment,1850000.0,35.0,2.0,1.0,,,
2 Bedroom Apartment,995000.0,2.0,2.0,2.0,,24 Cato Road,
4 Bedroom Apartment,2500000.0,4.0,2.0,2.0,,,
8 Bedroom House,2500000.0,8.0,4.0,2.0,855.0,,
4 Bedroom Apartment,1790000.0,4.0,3.0,1.0,,,
3 Bedroom Apartment,1400000.0,3.0,2.0,2.0,,,
1 Bedroom Apartment,350000.0,1.0,1.0,,,,
4 Bedroom House,1350000.0,4.0,35.0,8.0,,,
2 Bedroom Apartment,1300000.0,2.0,1.0,1.0,,,
3 Bedroom House,750000.0,3.0,2.0,,,,
3 Bedroom House,2220000.0,3.0,2.0,3.0,489.0,,
2 Bedroom Apartment,789000.0,2.0,1.0,2.0,,Unit 35 Carrington Heights 57 Kennard Rise Rd,
1 Bedroom Apartment,350000.0,1.0,1.0,,,"25 Thabang Terrace, 24 Langalabile Street",
3 Bedroom House,700000.0,3.0,2.0,4.0,,,
3 Bedroom House,1595000.0,3.0,2.0,5.0,,,
4 Bedroom House,4500000.0,4.0,5.0,14.0,,,
1 Bedroom Apartment,1325000.0,1.0,1.0,2.0,,,
2 Bedroom House,595000.0,2.0,1.0,1.0,484.0,,
2 Bedroom Apartment,875000.0,2.0,1.0,,,,
3 Bedroom House,550000.0,3.0,1.0,1.0,,,
Apartment,520000.0,,1.0,1.0,6438.0,,
1 Bedroom Apartment,950000.0,1.0,1.0,1.0,,,
2 Bedroom House,562000.0,2.0,1.0,2.0,150.0,,
2 Bedroom Apartment,480000.0,2.0,1.0,1.0,250.0,,
1 Bedroom Apartment,699000.0,1.0,1.0,1.0,,,
3 Bedroom House,550000.0,3.0,1.0,1.0,,,
4 Bedroom Apartment,15461600.0,4.0,4.0,,,,
3 Bedroom Apartment,1500000.0,3.0,2.0,1.0,,,
1 Bedroom House,1200000.0,1.0,1.0,,1.0,,
2 Bedroom Apartment,1100000.0,2.0,1.0,1.0,,,
5 Bedroom House,3800000.0,5.0,3.0,4.0,2148.0,,
3 Bedroom Townhouse,999000.0,3.0,4.0,2.0,10767.0,,
3 Bedroom Townhouse,650000.0,3.0,1.0,1.0,34342.0,,
1 Bedroom Apartment,700000.0,1.0,1.0,1.0,,311 Peter Mokaba Road,
2 Bedroom Apartment,890000.0,2.0,1.0,2.0,,,
2 Bedroom Apartment,1100000.0,2.0,1.0,1.0,,,
3 Bedroom Townhouse,790000.0,3.0,2.0,1.0,4116.0,,
3 Bedroom Townhouse,1650000.0,3.0,2.0,4.0,17187.0,,
4 Bedroom House,4100000.0,4.0,25.0,2.0,,,
3 Bedroom Apartment,3750000.0,3.0,3.0,,,,
3 Bedroom Townhouse,4990000.0,3.0,35.0,3.0,,,
3 Bedroom Apartment,1950000.0,3.0,2.0,1.0,,,
3 Bedroom Townhouse,2200000.0,3.0,3.0,2.0,,,
5 Bedroom House,5400000.0,5.0,4.0,13.0,920.0,,
3 Bedroom Townhouse,650000.0,3.0,1.0,1.0,34342.0,,
3 Bedroom House,695000.0,3.0,1.0,3.0,227.0,,
2 Bedroom House,630000.0,2.0,1.0,1.0,408.0,,
4.5 Bedroom House,1750000.0,45.0,3.0,7.0,912.0,,
2 Bedroom Apartment,1015000.0,2.0,1.0,1.0,,,
3 Bedroom Townhouse,1420000.0,3.0,2.0,1.0,,,
2 Bedroom Apartment,3200000.0,2.0,2.0,2.0,,,
3 Bedroom House,2650000.0,3.0,3.0,2.0,783.0,,
3 Bedroom House,850000.0,3.0,2.0,1.0,261.0,,
2 Bedroom Apartment,1295000.0,2.0,2.0,1.0,,,
3 Bedroom Townhouse,970000.0,3.0,2.0,1.0,4206.0,,
2 Bedroom Apartment,4900000.0,2.0,2.0,2.0,,,
2 Bedroom Apartment,1890000.0,2.0,2.0,2.0,,,
4 Bedroom Townhouse,1350000.0,4.0,4.0,4.0,66679.0,,
3 Bedroom House,1400000.0,3.0,2.0,4.0,2025.0,,
2 Bedroom Apartment,850000.0,2.0,2.0,2.0,,74 Queen Street,
2 Bedroom Townhouse,902000.0,2.0,2.0,1.0,89896.0,,
2 Bedroom Townhouse,902000.0,2.0,2.0,1.0,3703.0,,
2 Bedroom Apartment,690000.0,2.0,1.0,2.0,,,
4 Bedroom Apartment,5900000.0,4.0,3.0,2.0,,,
2 Bedroom Apartment,995000.0,2.0,1.0,2.0,,,
3 Bedroom Townhouse,750000.0,3.0,3.0,1.0,123.0,,
4 Bedroom House,1450000.0,4.0,2.0,5.0,,,
2 Bedroom Apartment,995000.0,2.0,1.0,2.0,,,
3 Bedroom Apartment,1400000.0,3.0,2.0,1.0,,,
3 Bedroom Apartment,2200000.0,3.0,2.0,1.0,,,
3 Bedroom House,945000.0,3.0,1.0,6.0,232.0,,
3 Bedroom Townhouse,3180000.0,3.0,2.0,5.0,700.0,,
1 Bedroom Apartment,625000.0,1.0,1.0,,,,
2 Bedroom Apartment,2350000.0,2.0,1.0,1.0,,,
3 Bedroom Apartment,1080000.0,3.0,2.0,1.0,,,
3 Bedroom Townhouse,2980000.0,3.0,3.0,1.0,,,
4 Bedroom House,3895000.0,4.0,3.0,2.0,,,
4 Bedroom House,1850000.0,4.0,3.0,3.0,931.0,,
4 Bedroom House,1750000.0,4.0,25.0,4.0,989.0,,
2 Bedroom Apartment,1900000.0,2.0,1.0,2.0,,,
3 Bedroom Apartment,11749999.0,3.0,3.0,1.0,,,
3 Bedroom Apartment,820000.0,3.0,1.0,1.0,,,
4 Bedroom House,2300000.0,4.0,2.0,4.0,1199.0,,
5 Bedroom House,5500000.0,5.0,6.0,4.0,2808.0,,
3 Bedroom Apartment,2200000.0,3.0,2.0,1.0,,,
3 Bedroom Apartment,870000.0,3.0,2.0,1.0,,,
2 Bedroom Townhouse,810000.0,2.0,2.0,1.0,,,
3 Bedroom Apartment,850000.0,3.0,2.0,2.0,,,
2 Bedroom Apartment,1325000.0,2.0,2.0,1.0,16921.0,,
3 Bedroom Townhouse,5300000.0,3.0,25.0,2.0,,,
4 Bedroom House,1950000.0,4.0,3.0,3.0,,,
5 Bedroom House,3300000.0,5.0,2.0,3.0,465.0,,
4 Bedroom Townhouse,1275000.0,4.0,4.0,4.0,,,
3 Bedroom House,770000.0,3.0,1.0,,,,
2 Bedroom Apartment,2400000.0,2.0,2.0,2.0,,,
2 Bedroom House,750000.0,2.0,1.0,1.0,267.0,,
2 Bedroom Apartment,1895000.0,2.0,2.0,1.0,,,
5 Bedroom House,5290000.0,5.0,5.0,12.0,1181.0,,
3 Bedroom House,900000.0,3.0,1.0,3.0,410.0,,
3 Bedroom House,1595000.0,3.0,2.0,,939.0,,
3 Bedroom House,790000.0,3.0,2.0,2.0,,,
3 Bedroom House,1095000.0,3.0,1.0,3.0,450.0,,
3 Bedroom House,2700000.0,3.0,1.0,9.0,5575.0,,
3 Bedroom House,2900000.0,3.0,25.0,2.0,353.0,,
4 Bedroom Townhouse,2995000.0,4.0,3.0,5.0,,,
2.5 Bedroom Apartment,695000.0,25.0,15.0,1.0,,,
6 Bedroom House,1500000.0,6.0,25.0,4.0,418.0,,
3 Bedroom House,950000.0,3.0,2.0,2.0,650.0,,
4 Bedroom House,3695000.0,4.0,3.0,2.0,1065.0,,
5 Bedroom House,3300000.0,5.0,2.0,3.0,465.0,,
3 Bedroom House,1800000.0,3.0,3.0,2.0,1239.0,,
2 Bedroom Apartment,780000.0,2.0,1.0,1.0,,,
5 Bedroom House,21000000.0,5.0,55.0,7.0,2134.0,,
1 Bedroom Apartment,2995000.0,1.0,1.0,2.0,,,
3 Bedroom House,2380000.0,3.0,25.0,8.0,3517.0,16 Highway Road,
1 Bedroom Apartment,475000.0,1.0,1.0,1.0,,,
5 Bedroom House,900000.0,5.0,,,681.0,,
3 Bedroom House,1095000.0,3.0,2.0,2.0,300.0,,
4 Bedroom House,1299000.0,4.0,2.0,5.0,242.0,,
3 Bedroom House,825000.0,3.0,3.0,1.0,464.0,,
4 Bedroom Apartment,3400000.0,4.0,3.0,1.0,,"287 San Lameer, R61 Lower South Coast Road, San Lameer, San Lameer",
1 Bedroom Apartment,2199000.0,1.0,1.0,2.0,,,
2 Bedroom Apartment,3200000.0,2.0,2.0,1.0,,323 Zimbali Suites,
3 Bedroom House,2380000.0,3.0,25.0,8.0,3517.0,16 Highway Road,
1 Bedroom Apartment,365000.0,1.0,1.0,,,,
1 Bedroom Apartment,1190000.0,1.0,1.0,1.0,,,
3 Bedroom Apartment,5650000.0,3.0,2.0,,,,
3 Bedroom House,4270000.0,3.0,3.0,3.0,728.0,,
3 Bedroom Apartment,3800000.0,3.0,2.0,1.0,,,
3 Bedroom House,849000.0,3.0,1.0,6.0,365.0,,
4 Bedroom House,7500000.0,4.0,35.0,9.0,1204.0,,
3 Bedroom House,1980000.0,3.0,2.0,2.0,,"2 Ss M C M, 296 Sphiwe Zuma Avenue",
1 Bedroom Apartment,500000.0,1.0,1.0,,6438.0,,
2 Bedroom Townhouse,750000.0,2.0,2.0,3.0,,,
4 Bedroom Apartment,3650000.0,4.0,35.0,2.0,,,
4 Bedroom Townhouse,5450000.0,4.0,3.0,2.0,395.0,,
2 Bedroom Apartment,660000.0,2.0,1.0,1.0,,,
3 Bedroom House,999000.0,3.0,3.0,4.0,232.0,,
3 Bedroom House,779999.0,3.0,1.0,,326.0,,
0.5 Bedroom Apartment,499000.0,5.0,,1.0,,,
3 Bedroom Apartment,1830000.0,3.0,2.0,2.0,,"1 Ss Vista Del Mar, 20 Orange Rocks Road",
2 Bedroom Apartment,660000.0,2.0,1.0,1.0,,,
2 Bedroom Apartment,600000.0,2.0,1.0,1.0,,,
3 Bedroom House,950000.0,3.0,3.0,4.0,1123.0,,
2 Bedroom Townhouse,1250000.0,2.0,1.0,,7002.0,,
2.5 Bedroom Apartment,980000.0,25.0,2.0,,,,
3 Bedroom Townhouse,1780000.0,3.0,2.0,1.0,,1 Ngwele Rd,
2 Bedroom Apartment,1595000.0,2.0,1.0,,,,
4 Bedroom Apartment,2200000.0,4.0,3.0,2.0,,,
4 Bedroom Apartment,5900000.0,4.0,3.0,2.0,,,
2 Bedroom Apartment,1875000.0,2.0,2.0,2.0,,,
3 Bedroom House,750000.0,3.0,2.0,3.0,,,
2 Bedroom Apartment,4600000.0,2.0,2.0,1.0,,,
3 Bedroom House,1650000.0,3.0,1.0,6.0,557.0,,
2 Bedroom Apartment,2395000.0,2.0,2.0,2.0,,3 The Vineyards,
2 Bedroom Apartment,2450000.0,2.0,2.0,2.0,,,
2 Bedroom Apartment,995000.0,2.0,2.0,1.0,,,
2 Bedroom Apartment,775000.0,2.0,2.0,1.0,,,
2 Bedroom Apartment,1070000.0,2.0,2.0,1.0,,,
2 Bedroom House,620000.0,2.0,1.0,,240.0,,
3 Bedroom House,810000.0,3.0,2.0,4.0,1903.0,133 Plein,
1 Bedroom Apartment,380000.0,1.0,1.0,1.0,,,
3 Bedroom House,700000.0,3.0,2.0,2.0,1269.0,,
2 Bedroom House,1000000.0,2.0,2.0,2.0,1583.0,,
2 Bedroom House,1470000.0,2.0,2.0,7.0,1076.0,,
1 Bedroom Apartment,920000.0,1.0,1.0,2.0,,,
2 Bedroom Townhouse,830000.0,2.0,1.0,1.0,1813.0,,
3 Bedroom House,1650000.0,3.0,1.0,6.0,557.0,,
2 Bedroom Apartment,650000.0,2.0,1.0,1.0,,,
2 Bedroom Apartment,796000.0,2.0,2.0,,,,
7 Bedroom House,11900000.0,7.0,6.0,14.0,1528.0,,
3 Bedroom House,1250000.0,3.0,2.0,1.0,378.0,,
3 Bedroom Townhouse,4800000.0,3.0,3.0,2.0,203.0,,
3 Bedroom House,699000.0,3.0,1.0,5.0,352.0,40aa Dumakude Road,
3 Bedroom Apartment,895000.0,3.0,1.0,1.0,,"6 Ss Chiltern, 74 Williamson Street",
3 Bedroom Apartment,850000.0,3.0,1.0,1.0,,,
5 Bedroom House,7400000.0,5.0,4.0,13.0,1705.0,"12b Kirtlington Park Estate, 56 Inanda Road",
3 Bedroom House,3400000.0,3.0,3.0,4.0,,,
3 Bedroom House,1495000.0,3.0,1.0,4.0,834.0,,
4 Bedroom House,2250000.0,4.0,3.0,3.0,2000.0,,
2 Bedroom House,4300000.0,2.0,1.0,11.0,1945.0,,
3 Bedroom House,1650000.0,3.0,15.0,4.0,1113.0,,
4 Bedroom House,3999000.0,4.0,3.0,3.0,1577.0,,
3 Bedroom Apartment,1175000.0,3.0,2.0,3.0,,,
4 Bedroom Townhouse,5850000.0,4.0,4.0,4.0,9049.0,"1 Zimbali Hills 1, 127 Waterwood Drive",
2 Bedroom Apartment,840000.0,2.0,1.0,1.0,,11 Burton Avenue,
2 Bedroom Apartment,930000.0,2.0,1.0,1.0,,,
2 Bedroom Apartment,875000.0,2.0,1.0,1.0,,,
1 Bedroom Apartment,890000.0,1.0,1.0,1.0,,,
1 Bedroom Apartment,2350000.0,1.0,1.0,1.0,,,
5 Bedroom House,1700000.0,5.0,25.0,11.0,1272.0,,
9 Bedroom House,2780000.0,9.0,9.0,8.0,1405.0,,
4 Bedroom House,1690000.0,4.0,1.0,,964.0,,
3 Bedroom Apartment,1175000.0,3.0,2.0,3.0,,,
4 Bedroom House,875000.0,4.0,2.0,1.0,373.0,,
1 Bedroom Apartment,540000.0,1.0,1.0,1.0,,,
3 Bedroom House,1600000.0,3.0,3.0,1.0,1068.0,,
3 Bedroom House,3395000.0,3.0,35.0,12.0,4000.0,,
2.5 Bedroom Apartment,790000.0,25.0,15.0,1.0,,,
3 Bedroom House,1350000.0,3.0,1.0,2.0,746.0,,
1 Bedroom Apartment,550000.0,1.0,1.0,1.0,,,
1.5 Bedroom Apartment,1650000.0,15.0,15.0,2.0,,,
3 Bedroom House,1600000.0,3.0,2.0,4.0,1617.0,,
3 Bedroom House,1875000.0,3.0,3.0,6.0,996.0,,
3 Bedroom House,815000.0,3.0,1.0,2.0,,,
1 Bedroom Apartment,599000.0,1.0,1.0,1.0,,,
4 Bedroom House,1595000.0,4.0,25.0,3.0,849.0,,
House,639000.0,,,,297.0,,
2 Bedroom House,320000.0,2.0,1.0,2.0,747.0,,
House,639000.0,,,,297.0,,
2 Bedroom House,860000.0,2.0,1.0,1.0,324.0,,
2 Bedroom Apartment,1995000.0,2.0,2.0,1.0,,,
2 Bedroom Apartment,790000.0,2.0,2.0,1.0,,,
2 Bedroom House,799000.0,2.0,1.0,2.0,130.0,,
1 Bedroom Apartment,1100000.0,1.0,1.0,2.0,,,
4 Bedroom House,1350000.0,4.0,3.0,6.0,597.0,,
8 Bedroom House,2900000.0,8.0,4.0,4.0,1440.0,25 Simon Van Der Stel St,
3 Bedroom House,1150000.0,3.0,1.0,2.0,902.0,,
3 Bedroom Apartment,1285000.0,3.0,2.0,2.0,,,
1 Bedroom Apartment,650000.0,1.0,1.0,1.0,,,
2 Bedroom Apartment,1479000.0,2.0,1.0,1.0,,,
5 Bedroom House,2395000.0,5.0,2.0,8.0,1004.0,,
2.5 Bedroom Apartment,1250000.0,25.0,1.0,1.0,,30 Hurst Grove,
4 Bedroom House,9595000.0,4.0,4.0,11.0,1487.0,"The Gardens, 36 Washington Drive",
4 Bedroom Townhouse,4500000.0,4.0,2.0,2.0,,,
4 Bedroom House,3250000.0,4.0,2.0,5.0,,,
3 Bedroom House,890000.0,3.0,1.0,6.0,1054.0,,
3 Bedroom House,2200000.0,3.0,3.0,5.0,931.0,,
3 Bedroom Apartment,3300000.0,3.0,2.0,2.0,,20 North Beach Road,
3 Bedroom Townhouse,2099999.0,3.0,2.0,2.0,,,
2 Bedroom Apartment,1649000.0,2.0,1.0,1.0,,16 Palms 6,
1 Bedroom House,290000.0,1.0,1.0,2.0,300.0,,
3 Bedroom Townhouse,2095000.0,3.0,2.0,2.0,,"23 Grantham Park, Section 17, 28 Hunters Way",
1.5 Bedroom Apartment,925000.0,15.0,1.0,1.0,,"17 Ss Whittington Court, 71 Gladys Mazibuko Road",
2 Bedroom Apartment,1479000.0,2.0,1.0,1.0,,,
2 Bedroom Apartment,1500000.0,2.0,1.0,1.0,,113 Gladys Mazibuko,
1 Bedroom Apartment,1600000.0,1.0,1.0,1.0,,"224 Zimbali Boulevard Suites, 12 Albizia Drive",
4 Bedroom Apartment,6425000.0,4.0,2.0,2.0,,,
2 Bedroom Apartment,1300000.0,2.0,1.0,1.0,,,
2 Bedroom Apartment,695000.0,2.0,1.0,1.0,,"9 Surfs Edge, 218 Marine Drive",
6 Bedroom House,,6.0,2.0,,549.0,,
3 Bedroom House,2672500.0,3.0,2.0,6.0,1074.0,"Serenity Hills, 1 Zen Place",
3.5 Bedroom House,5100000.0,35.0,3.0,7.0,664.0,Umhlali Country Club and Golf Estate,
2 Bedroom Apartment,950000.0,2.0,1.0,1.0,,,
3 Bedroom House,1300000.0,3.0,1.0,2.0,266.0,,
4 Bedroom House,3995000.0,4.0,3.0,8.0,,22 Granleigh Crescent,
3 Bedroom Townhouse,2995000.0,3.0,25.0,2.0,137.0,"35 Aura, 1 Langa Ridge",
3 Bedroom House,3200000.0,3.0,2.0,2.0,907.0,,
3 Bedroom Townhouse,1200000.0,3.0,15.0,1.0,6790.0,,
4 Bedroom House,5200000.0,4.0,25.0,3.0,1069.0,,
3 Bedroom House,1750000.0,3.0,3.0,5.0,1895.0,,
3 Bedroom House,1250000.0,3.0,2.0,2.0,1428.0,,
3 Bedroom House,860000.0,3.0,1.0,3.0,371.0,,
3 Bedroom House,1300000.0,3.0,2.0,2.0,1016.0,437 Robin Crescent,
2 Bedroom Apartment,899000.0,2.0,2.0,1.0,,10 Lanyon Grove,
6 Bedroom Apartment,4950000.0,6.0,6.0,2.0,,,
Apartment,750000.0,,1.0,,,,
2 Bedroom Apartment,899000.0,2.0,2.0,1.0,,10 Lanyon Grove,
1 Bedroom Apartment,1750000.0,1.0,1.0,2.0,,,
3 Bedroom Townhouse,3350000.0,3.0,25.0,2.0,36737.0,,
4 Bedroom Apartment,5900000.0,4.0,3.0,3.0,,,
4 Bedroom House,1450000.0,4.0,2.0,4.0,698.0,,
2 Bedroom Apartment,750000.0,2.0,15.0,1.0,,,
3 Bedroom Townhouse,970000.0,3.0,2.0,2.0,168.0,,
1 Bedroom House,900000.0,1.0,1.0,,2880.0,,
3 Bedroom Apartment,1195000.0,3.0,2.0,2.0,,,
3 Bedroom House,2350000.0,3.0,2.0,2.0,1689.0,,
2 Bedroom Apartment,4450611.0,2.0,2.0,2.0,,,
3 Bedroom Apartment,6055422.0,3.0,3.0,2.0,,,
2 Bedroom Apartment,440000.0,2.0,1.0,,45.0,"161 Chapel Street , Central",
3 Bedroom House,1395000.0,3.0,3.0,2.0,1038.0,,
1 Bedroom Apartment,2150000.0,1.0,1.0,1.0,,,
2 Bedroom Apartment,3946111.0,2.0,2.0,2.0,,,
2 Bedroom Apartment,3100000.0,2.0,2.0,2.0,,,
2 Bedroom Apartment,1295000.0,2.0,1.0,2.0,81.0,"13 Ss Gordon Mews, 93 Claribel Road",
3 Bedroom Apartment,3250000.0,3.0,2.0,2.0,,"3 Ss Shorebreak, 56 North Beach Road",
2 Bedroom Apartment,440000.0,2.0,1.0,,45.0,"161 Chapel Street , Central",
2 Bedroom Apartment,1350000.0,2.0,2.0,3.0,,"309 Ballito Groves, 309 Lee Barnes Boulevard",
3 Bedroom House,4800000.0,3.0,2.0,4.0,481.0,,
3 Bedroom House,780000.0,3.0,2.0,1.0,,,
3 Bedroom House,780000.0,3.0,2.0,,128.0,,
3 Bedroom House,1605000.0,3.0,1.0,,1012.0,,
2 Bedroom Townhouse,450000.0,2.0,1.0,1.0,,,
1.5 Bedroom Apartment,399000.0,15.0,1.0,,,,
2 Bedroom Apartment,600000.0,2.0,1.0,1.0,,,
1 Bedroom Apartment,795000.0,1.0,1.0,1.0,,,
2 Bedroom Apartment,1695000.0,2.0,1.0,1.0,,,
2 Bedroom House,530000.0,2.0,1.0,,332.0,,
1 Bedroom Apartment,425000.0,1.0,1.0,,,,
3 Bedroom House,1250000.0,3.0,2.0,4.0,,,
2 Bedroom Apartment,645000.0,2.0,1.0,1.0,,,
1.5 Bedroom Apartment,700000.0,15.0,1.0,1.0,,,
2 Bedroom Apartment,399000.0,2.0,,1.0,,,
4 Bedroom House,700000.0,4.0,2.0,1.0,,,
2 Bedroom Apartment,1645000.0,2.0,2.0,1.0,,,
1.5 Bedroom Apartment,890000.0,15.0,15.0,1.0,,,
8 Bedroom House,2100000.0,8.0,8.0,10.0,,,
4 Bedroom House,1300000.0,4.0,2.0,7.0,2110.0,,
4 Bedroom House,1300000.0,4.0,2.0,7.0,2110.0,,
2 Bedroom Apartment,2350000.0,2.0,2.0,1.0,,,
2 Bedroom Apartment,935000.0,2.0,1.0,3.0,,,
2 Bedroom Apartment,1500000.0,2.0,1.0,1.0,,,
7 Bedroom House,24000000.0,7.0,7.0,14.0,851.0,,
2 Bedroom Apartment,2125000.0,2.0,2.0,4.0,,,
4 Bedroom House,2490000.0,4.0,3.0,1.0,1800.0,7 Kinsey Drive,
2 Bedroom Townhouse,1720000.0,2.0,1.0,2.0,,,
4 Bedroom House,10750000.0,4.0,3.0,2.0,1518.0,58 Eland,
8 Bedroom House,6499000.0,8.0,6.0,14.0,1810.0,12 Kingston Drive,
2 Bedroom Apartment,450000.0,2.0,1.0,1.0,,,
4 Bedroom House,3200000.0,4.0,3.0,1.0,,"11 Mount Champagne R600,winterton Kzn 3340",
13 Bedroom House,15999999.0,13.0,14.0,12.0,,,
4 Bedroom House,2756000.0,4.0,4.0,2.0,,,
2 Bedroom Apartment,1150000.0,2.0,1.0,2.0,,,
3 Bedroom Townhouse,1195000.0,3.0,2.0,2.0,884.0,,
5 Bedroom House,1295000.0,5.0,2.0,6.0,1078.0,,
2 Bedroom Apartment,873600.0,2.0,1.0,2.0,,,
5 Bedroom House,2500000.0,5.0,25.0,6.0,2356.0,,
4 Bedroom House,10750000.0,4.0,3.0,2.0,1518.0,58 Eland,
5 Bedroom House,10750000.0,5.0,5.0,4.0,1250.0,32 Umvumvu Drive,
2 Bedroom Apartment,829000.0,2.0,1.0,2.0,,25 Down Avenue,
5 Bedroom Townhouse,8995000.0,5.0,5.0,3.0,,"6,7,8,12 Serabella, 61 Mahogany Road",
3 Bedroom Apartment,2350000.0,3.0,3.0,2.0,,,
5 Bedroom House,6000000.0,5.0,4.0,8.0,2678.0,,
3 Bedroom House,1305000.0,3.0,1.0,9.0,1900.0,,
3 Bedroom Apartment,4995000.0,3.0,3.0,1.0,,,
House,1550000.0,,,,900.0,,
2 Bedroom Apartment,1450000.0,2.0,15.0,1.0,,,
3 Bedroom House,490000.0,3.0,1.0,,545.0,,
3 Bedroom House,980000.0,3.0,2.0,6.0,2028.0,,
2 Bedroom Apartment,650000.0,2.0,1.0,1.0,,,
2 Bedroom Apartment,1695000.0,2.0,2.0,2.0,,,
4 Bedroom House,1400000.0,4.0,25.0,5.0,786.0,,
2 Bedroom House,3280000.0,2.0,2.0,2.0,,,
4 Bedroom House,1935000.0,4.0,3.0,2.0,2023.0,,
2 Bedroom Apartment,2900000.0,2.0,2.0,1.0,95.0,,
2 Bedroom Apartment,1495000.0,2.0,2.0,2.0,,,
2 Bedroom House,500000.0,2.0,1.0,1.0,,,
1 Bedroom Apartment,3150000.0,1.0,1.0,1.0,,,
5 Bedroom House,4990000.0,5.0,5.0,10.0,1275.0,,
4 Bedroom Townhouse,995000.0,4.0,2.0,2.0,,,
2 Bedroom Apartment,1850000.0,2.0,1.0,2.0,,,
4 Bedroom Townhouse,995000.0,4.0,2.0,2.0,,,
4 Bedroom House,3700000.0,4.0,3.0,3.0,1552.0,27 Cycad Drive,
3 Bedroom House,1495000.0,3.0,3.0,22.0,1518.0,,
4 Bedroom House,2375000.0,4.0,2.0,2.0,946.0,228 Brighton Street,
6 Bedroom House,7850000.0,6.0,5.0,,2585.0,,
2 Bedroom Apartment,1290000.0,2.0,1.0,1.0,,,
3 Bedroom House,895000.0,3.0,1.0,1.0,,,
2 Bedroom Townhouse,795000.0,2.0,2.0,1.0,,,
7 Bedroom House,1750000.0,7.0,2.0,2.0,1130.0,,
3 Bedroom House,820000.0,3.0,3.0,2.0,413.0,,
4 Bedroom House,4800000.0,4.0,45.0,11.0,,,
3 Bedroom Townhouse,2195000.0,3.0,2.0,2.0,,"14 Clair De Lune, 85 Link Road",
2 Bedroom Apartment,860000.0,2.0,1.0,1.0,,,
2 Bedroom Apartment,8570000.0,2.0,25.0,,1773.0,,
2 Bedroom Apartment,1450000.0,2.0,2.0,1.0,,117 Inanda Road,
2 Bedroom Apartment,1600000.0,2.0,2.0,2.0,,"303 Imbali Ridge, 1571 San Tafe Street",
2 Bedroom Apartment,3400000.0,2.0,2.0,2.0,,,
3 Bedroom House,820000.0,3.0,3.0,2.0,413.0,,
2 Bedroom Apartment,890000.0,2.0,1.0,2.0,,10 Valley View Avenue,
2 Bedroom Apartment,599000.0,2.0,1.0,1.0,,,
2 Bedroom Townhouse,750000.0,2.0,1.0,2.0,,,
2 Bedroom Townhouse,930000.0,2.0,15.0,2.0,4047.0,,
1 Bedroom Apartment,1040000.0,1.0,1.0,1.0,,,
2 Bedroom Townhouse,850000.0,2.0,2.0,1.0,19052.0,,
2 Bedroom Apartment,1850000.0,2.0,1.0,2.0,,,
2 Bedroom Townhouse,1200000.0,2.0,15.0,1.0,17469.0,"21 Wild Waves, 22 Seafern Road",
2 Bedroom Apartment,1060836.0,2.0,2.0,1.0,,,
1 Bedroom Apartment,805175.0,1.0,1.0,1.0,,,
1 Bedroom Apartment,699000.0,1.0,1.0,1.0,,,
2 Bedroom Apartment,1650000.0,2.0,2.0,1.0,,,
15 Bedroom House,10600000.0,15.0,10.0,10.0,,,
3 Bedroom House,1500000.0,3.0,2.0,1.0,733.0,,
1 Bedroom House,1100000.0,1.0,1.0,,,,
2 Bedroom Apartment,870000.0,2.0,2.0,1.0,,,
2 Bedroom Apartment,1200000.0,2.0,2.0,,24553.0,,
4 Bedroom House,14995000.0,4.0,45.0,12.0,1050.0,,
2 Bedroom Apartment,2650000.0,2.0,2.0,2.0,,,
2 Bedroom Apartment,680000.0,2.0,1.0,,,,
2 Bedroom House,810000.0,2.0,1.0,,326.0,,
2 Bedroom House,450000.0,2.0,1.0,2.0,465.0,,
2 Bedroom Townhouse,1400000.0,2.0,2.0,2.0,,,
2 Bedroom Apartment,1404000.0,2.0,2.0,,,,
15 Bedroom House,10600000.0,15.0,10.0,10.0,,,
3 Bedroom House,1870000.0,3.0,2.0,2.0,833.0,,
3 Bedroom House,3780000.0,3.0,2.0,4.0,3500.0,,
4 Bedroom House,1300000.0,4.0,2.0,2.0,1155.0,,
3 Bedroom Townhouse,2999999.0,3.0,25.0,5.0,,,
3 Bedroom Apartment,4250000.0,3.0,2.0,2.0,,,
2 Bedroom Apartment,1675000.0,2.0,2.0,1.0,,,
3 Bedroom House,2300000.0,3.0,2.0,10.0,857.0,,
4 Bedroom House,4450000.0,4.0,3.0,8.0,1955.0,,
3 Bedroom House,2100000.0,3.0,15.0,4.0,686.0,,
2 Bedroom Apartment,6000000.0,2.0,25.0,3.0,,,
3 Bedroom Apartment,1350000.0,3.0,2.0,2.0,,1 Spink Road,
7 Bedroom House,,7.0,3.0,2.0,929.0,,
4 Bedroom Apartment,6790000.0,4.0,25.0,2.0,,1 Tamboti Drive,
4 Bedroom House,2770000.0,4.0,25.0,6.0,1280.0,,
3 Bedroom Townhouse,1550000.0,3.0,1.0,4.0,,,
2 Bedroom Townhouse,3200000.0,2.0,2.0,2.0,,,
2 Bedroom Apartment,1130000.0,2.0,1.0,2.0,,"12 Ss THE Siding, 38 Station Ridge Road",
5 Bedroom House,1250000.0,5.0,4.0,,666.0,,
2 Bedroom Apartment,6000000.0,2.0,25.0,3.0,,,
1 Bedroom Apartment,795000.0,1.0,1.0,1.0,,,
2 Bedroom Apartment,795000.0,2.0,1.0,3.0,,,
1 Bedroom Apartment,700000.0,1.0,1.0,1.0,,132 Musgrave Road,
2 Bedroom Townhouse,1350000.0,2.0,2.0,2.0,7949.0,"62 Aintree Lane, 521 Kassier Road",
2 Bedroom House,1495000.0,2.0,2.0,4.0,961.0,,
6 Bedroom House,5800001.0,6.0,5.0,2.0,12139.0,,
3.5 Bedroom Townhouse,1750000.0,35.0,2.0,4.0,,,
4 Bedroom House,1900000.0,4.0,3.0,2.0,1834.0,,
2 Bedroom House,1190000.0,2.0,3.0,2.0,1391.0,629 Dick King Road,
5 Bedroom House,10600000.0,5.0,4.0,6.0,1252.0,,
3 Bedroom Townhouse,2595000.0,3.0,2.0,2.0,7554.0,,
3 Bedroom Apartment,1550000.0,3.0,2.0,2.0,,,
3 Bedroom Townhouse,4500000.0,3.0,3.0,3.0,10012.0,"7 Ss Idlewild, 2 Club Drive, 7 Idlewild",
2 Bedroom Apartment,3600000.0,2.0,2.0,1.0,,,
2 Bedroom Apartment,5500000.0,2.0,2.0,1.0,,,
4 Bedroom House,1950000.0,4.0,2.0,4.0,1012.0,,
3 Bedroom House,1695000.0,3.0,2.0,10.0,1800.0,,
2 Bedroom House,4950000.0,2.0,2.0,2.0,606.0,1 Ironwood Avenue,
3 Bedroom House,1695000.0,3.0,2.0,10.0,1800.0,,
1 Bedroom Apartment,420000.0,1.0,1.0,,,"Flat 42 Durdoc, 73 Dr Yusuf Dadoo Street",
1 Bedroom Apartment,550000.0,1.0,1.0,1.0,,,
4 Bedroom House,3390000.0,4.0,3.0,2.0,1263.0,,
4 Bedroom Townhouse,7750000.0,4.0,4.0,2.0,8888.0,,
1 Bedroom Apartment,550000.0,1.0,1.0,1.0,,,
2 Bedroom Apartment,1700000.0,2.0,15.0,,,,
1 Bedroom Apartment,600000.0,1.0,1.0,,,,
1 Bedroom Apartment,550000.0,1.0,1.0,1.0,,,
1 Bedroom Apartment,595000.0,1.0,1.0,1.0,1780.0,,
1 Bedroom Townhouse,500000.0,1.0,1.0,1.0,,,
3 Bedroom Townhouse,810400.0,3.0,2.0,,,,
2 Bedroom Apartment,8995000.0,2.0,2.0,2.0,,,
2 Bedroom Apartment,1850000.0,2.0,1.0,2.0,,,
2 Bedroom Apartment,2950000.0,2.0,2.0,2.0,,,
1.5 Bedroom Apartment,710000.0,15.0,1.0,,,,
3 Bedroom Townhouse,945000.0,3.0,15.0,1.0,,,
3 Bedroom Apartment,1490000.0,3.0,2.0,1.0,,,
3 Bedroom House,735000.0,3.0,2.0,4.0,368.0,,
7 Bedroom House,,7.0,3.0,2.0,686.0,,
3 Bedroom Townhouse,899000.0,3.0,2.0,2.0,,,
2 Bedroom Apartment,2600000.0,2.0,2.0,1.0,,,
2 Bedroom House,520000.0,2.0,1.0,3.0,413.0,3404 Vimbukalo Road,
3 Bedroom House,490000.0,3.0,2.0,1.0,,,
3 Bedroom House,,3.0,2.0,3.0,,,
1 Bedroom Apartment,1100000.0,1.0,1.0,1.0,,,
3 Bedroom House,980000.0,3.0,1.0,1.0,728.0,,
2 Bedroom Apartment,850000.0,2.0,2.0,4.0,,,
4 Bedroom House,1795000.0,4.0,2.0,2.0,1227.0,,
1 Bedroom Apartment,1550000.0,1.0,1.0,1.0,,,
3 Bedroom House,10890000.0,3.0,35.0,3.0,781.0,,
3 Bedroom Apartment,1250000.0,3.0,2.0,1.0,,,
2 Bedroom Apartment,1850000.0,2.0,1.0,,,,
3 Bedroom Apartment,1500000.0,3.0,25.0,1.0,,,
4 Bedroom House,1495000.0,4.0,2.0,2.0,1050.0,,
4 Bedroom House,1495000.0,4.0,2.0,2.0,1050.0,,
2 Bedroom Apartment,3200000.0,2.0,2.0,2.0,,,
2 Bedroom Apartment,970000.0,2.0,1.0,2.0,,,
2 Bedroom Townhouse,3690000.0,2.0,2.0,2.0,13232.0,,
2 Bedroom Apartment,895000.0,2.0,1.0,2.0,,,
6 Bedroom House,4320000.0,6.0,6.0,1.0,24.0,,
6 Bedroom House,1695000.0,6.0,5.0,6.0,974.0,,
4 Bedroom House,749000.0,4.0,2.0,2.0,360.0,,
7 Bedroom House,5500000.0,7.0,5.0,6.0,1012.0,,
5 Bedroom House,2795000.0,5.0,3.0,7.0,1096.0,,
2 Bedroom Apartment,1395000.0,2.0,1.0,1.0,,,
1.5 Bedroom Apartment,1689000.0,15.0,1.0,2.0,71.0,"6 Summit Row,",
3 Bedroom Townhouse,1945000.0,3.0,25.0,2.0,,,
2 Bedroom Apartment,1399000.0,2.0,2.0,2.0,,,
2 Bedroom Apartment,700000.0,2.0,2.0,1.0,,53 Marine Drive,
2 Bedroom Apartment,2649000.0,2.0,2.0,2.0,,,
2 Bedroom Townhouse,2795000.0,2.0,2.0,2.0,,,
4 Bedroom Apartment,3000000.0,4.0,35.0,3.0,,,
3 Bedroom Apartment,2695000.0,3.0,2.0,4.0,,,
4 Bedroom House,2499000.0,4.0,4.0,4.0,976.0,,
3 Bedroom House,4595000.0,3.0,3.0,2.0,,,
2 Bedroom Apartment,3175000.0,2.0,2.0,2.0,90.0,,
1 Bedroom Apartment,1500000.0,1.0,1.0,2.0,,,
1 Bedroom Apartment,1500000.0,1.0,1.0,,,,
3 Bedroom Townhouse,1550000.0,3.0,2.0,4.0,132.0,,
2 Bedroom Apartment,670000.0,2.0,2.0,1.0,,,
3 Bedroom House,1100000.0,3.0,1.0,8.0,364.0,,
6 Bedroom House,1850000.0,6.0,25.0,5.0,979.0,,
2 Bedroom Townhouse,450000.0,2.0,1.0,1.0,6459.0,,
2 Bedroom Apartment,1300000.0,2.0,2.0,1.0,,,
2 Bedroom Apartment,670000.0,2.0,2.0,1.0,,,
2 Bedroom Apartment,1650000.0,2.0,1.0,3.0,61.0,,
3 Bedroom House,4200000.0,3.0,2.0,2.0,2000.0,,
1 Bedroom Apartment,1199000.0,1.0,1.0,1.0,64.0,,
3 Bedroom Apartment,4200000.0,3.0,3.0,2.0,,,
4 Bedroom House,2900000.0,4.0,2.0,,1180.0,,
4 Bedroom House,2195000.0,4.0,2.0,7.0,1010.0,,
3 Bedroom House,1050000.0,3.0,2.0,4.0,2100.0,,
7 Bedroom House,4885000.0,7.0,5.0,,2394.0,2750 Marine Drive,
9 Bedroom Townhouse,350000.0,9.0,5.0,1.0,2882.0,,
3 Bedroom Townhouse,2395000.0,3.0,2.0,2.0,,,
4 Bedroom House,11999000.0,4.0,4.0,6.0,1500.0,,
3 Bedroom Townhouse,1875000.0,3.0,2.0,1.0,320.0,,
1 Bedroom Apartment,625000.0,1.0,1.0,1.0,,,
2 Bedroom Apartment,2230000.0,2.0,2.0,,,,
3 Bedroom Townhouse,610000.0,3.0,1.0,2.0,49954.0,,
3 Bedroom Apartment,1950000.0,3.0,2.0,2.0,,,
2 Bedroom Apartment,2400000.0,2.0,2.0,2.0,,P474,
5 Bedroom House,12075000.0,5.0,5.0,4.0,1012.0,195 Seaview Drive Tinley Manor,
3 Bedroom House,1400000.0,3.0,1.0,2.0,850.0,,
4 Bedroom Townhouse,3849000.0,4.0,4.0,4.0,27643.0,,
3 Bedroom House,3195000.0,3.0,2.0,10.0,966.0,,
2 Bedroom Apartment,2230000.0,2.0,2.0,,,,
3 Bedroom House,1750000.0,3.0,2.0,5.0,2089.0,,
4 Bedroom House,1699000.0,4.0,2.0,13.0,,,
5 Bedroom House,4750000.0,5.0,3.0,2.0,1022.0,11 Fairview Drive,
3 Bedroom House,1295000.0,3.0,2.0,7.0,2101.0,,
4 Bedroom House,2680000.0,4.0,2.0,3.0,1227.0,,
3 Bedroom Apartment,1295000.0,3.0,2.0,1.0,,,
3 Bedroom Apartment,797000.0,3.0,2.0,1.0,,65 Morcom Road,
2 Bedroom Apartment,425000.0,2.0,1.0,1.0,,,
3 Bedroom House,1250000.0,3.0,1.0,1.0,922.0,,
3 Bedroom Apartment,780000.0,3.0,1.0,2.0,,,
1 Bedroom Apartment,1750000.0,1.0,1.0,1.0,,,
5 Bedroom House,1894999.0,5.0,4.0,13.0,2630.0,,
3 Bedroom House,1100000.0,3.0,2.0,4.0,,,
3 Bedroom Apartment,1350000.0,3.0,,1.0,,,
4 Bedroom House,1950000.0,4.0,3.0,3.0,4113.0,,
2 Bedroom Apartment,2995000.0,2.0,2.0,1.0,,32 Mvula Lane,
4 Bedroom Townhouse,3200000.0,4.0,35.0,2.0,,"8 Chaseford, 300 Old Howick Road",
6 Bedroom House,2650000.0,6.0,4.0,2.0,1900.0,,
1 Bedroom Apartment,1750000.0,1.0,1.0,1.0,,,
2 Bedroom Apartment,1260000.0,2.0,25.0,1.0,,,
3 Bedroom Townhouse,895000.0,3.0,2.0,3.0,,"4 Nanyuki, 17 Lilyvale Road",
3 Bedroom House,950000.0,3.0,2.0,5.0,655.0,,
1 Bedroom Apartment,2250000.0,1.0,1.0,,,1 Main Road,
3 Bedroom Apartment,4990000.0,3.0,2.0,2.0,,,
4 Bedroom House,1040000.0,4.0,2.0,7.0,2641.0,,
2 Bedroom Townhouse,899000.0,2.0,1.0,1.0,,,
2 Bedroom Apartment,3000000.0,2.0,2.0,2.0,,,
5 Bedroom House,1900000.0,5.0,4.0,5.0,1334.0,,
3 Bedroom Apartment,1150000.0,3.0,2.0,1.0,,7 Gordon Road,
2 Bedroom House,499000.0,2.0,2.0,4.0,209.0,,
3 Bedroom House,1550000.0,3.0,2.0,3.0,1800.0,,
3 Bedroom Townhouse,3300000.0,3.0,2.0,4.0,,,
3 Bedroom House,750000.0,3.0,1.0,3.0,,,
3 Bedroom House,3950000.0,3.0,35.0,2.0,400.0,,
3 Bedroom Apartment,2180000.0,3.0,2.0,2.0,,,
3 Bedroom Apartment,1827500.0,3.0,2.0,1.0,,,
2 Bedroom House,3495000.0,2.0,2.0,2.0,,,
2.5 Bedroom Apartment,1095000.0,25.0,15.0,1.0,,,
2 Bedroom House,499000.0,2.0,2.0,4.0,209.0,,
2 Bedroom Apartment,1295000.0,2.0,2.0,2.0,,,
3 Bedroom House,1250000.0,3.0,2.0,3.0,512.0,,
3 Bedroom Townhouse,35000000.0,3.0,4.0,3.0,,,
4 Bedroom House,8995000.0,4.0,45.0,6.0,,,
4 Bedroom Apartment,3200000.0,4.0,2.0,2.0,,2 Forest Road,
2 Bedroom Apartment,4100000.0,2.0,25.0,3.0,,,
3 Bedroom House,1600000.0,3.0,2.0,4.0,2024.0,,
3 Bedroom Townhouse,1100000.0,3.0,2.0,4.0,12986.0,"6 Ss Elysium Cabana Resort, 5 Cowry Drive",
3 Bedroom Townhouse,4995000.0,3.0,2.0,1.0,40653.0,,
4 Bedroom House,1640000.0,4.0,3.0,2.0,,,
6 Bedroom House,2800000.0,6.0,6.0,15.0,2170.0,,
2 Bedroom Apartment,5800000.0,2.0,2.0,2.0,,,
2 Bedroom Apartment,1600000.0,2.0,2.0,1.0,,205 Summerway Lane,
3 Bedroom Apartment,1700000.0,3.0,2.0,1.0,,"20 Ss Breakerview Bay, 1 Brooke Gardens",
2 Bedroom Apartment,1350000.0,2.0,2.0,1.0,,,
6 Bedroom House,1650000.0,6.0,2.0,5.0,815.0,37 Mayors Walk,
4 Bedroom House,1050000.0,4.0,3.0,2.0,1155.0,,
2 Bedroom Townhouse,2979000.0,2.0,2.0,2.0,,"17 Elaleni Gardens, 1 Elaleni Drive",
2 Bedroom Apartment,865000.0,2.0,1.0,3.0,,6 Groove Road,
3 Bedroom Apartment,2750000.0,3.0,2.0,2.0,,,
3 Bedroom Townhouse,1650000.0,3.0,25.0,2.0,17441.0,"37 Wild Waves, 22 Breamhill Drive",
2 Bedroom Apartment,1200000.0,2.0,2.0,2.0,,,
6 Bedroom House,1890000.0,6.0,3.0,6.0,1474.0,,
2 Bedroom Apartment,1350000.0,2.0,2.0,1.0,,,
5 Bedroom House,3195000.0,5.0,3.0,3.0,,,
3 Bedroom Townhouse,6820000.0,3.0,3.0,4.0,5391.0,"8 Zimbali Views, 121 Yellowwood Drive, Unit 8 Zimbali Views",
3 Bedroom House,1250000.0,3.0,2.0,4.0,530.0,,
1 Bedroom Apartment,575000.0,1.0,1.0,2.0,,,
4 Bedroom Apartment,3500000.0,4.0,2.0,2.0,980.0,,
3 Bedroom Apartment,1975000.0,3.0,2.0,2.0,142.0,,
0.5 Bedroom Apartment,1250000.0,5.0,1.0,,,"D23 Ss Ocean Club Zimbali, 1 Ocean Club Drive",
3 Bedroom Apartment,2850000.0,3.0,2.0,1.0,,"111 Barrington Estates, 1 Gazelle Road",
4 Bedroom House,3200000.0,4.0,3.0,4.0,1352.0,"Serenity Hills, 7 Tranquility Lane",
4 Bedroom Apartment,5975000.0,4.0,25.0,,,,
6 Bedroom House,2500000.0,6.0,4.0,9.0,1011.0,,
0.5 Bedroom Apartment,1150000.0,5.0,1.0,,,"D20 Ss Ocean Club, 1 Ocean Club Drive, Unit D20 Ocean Club",
4 Bedroom Townhouse,3950000.0,4.0,3.0,4.0,,,
3 Bedroom House,5320000.0,3.0,2.0,5.0,613.0,,
2 Bedroom House,2600000.0,2.0,15.0,4.0,284278.0,,
3 Bedroom House,2595000.0,3.0,2.0,3.0,810.0,,
3 Bedroom Apartment,1650000.0,3.0,2.0,2.0,,"Ss Praslin, 2442 National Road",
4 Bedroom Apartment,5900000.0,4.0,3.0,1.0,,286 Yellowwood Drive,
4 Bedroom House,1650000.0,4.0,2.0,5.0,,,
1 Bedroom Apartment,1450000.0,1.0,1.0,2.0,,,
2 Bedroom Apartment,1050000.0,2.0,1.0,1.0,,,
1 Bedroom Apartment,1450000.0,1.0,1.0,2.0,,,
2 Bedroom Apartment,1350000.0,2.0,1.0,1.0,,,
3 Bedroom House,925000.0,3.0,1.0,3.0,411.0,,
1 Bedroom Apartment,425000.0,1.0,1.0,,,,
2 Bedroom Apartment,2039000.0,2.0,1.0,1.0,,,
3 Bedroom House,1300000.0,3.0,2.0,1.0,,,
3 Bedroom House,895000.0,3.0,1.0,1.0,518.0,,
1.5 Bedroom Apartment,450000.0,15.0,1.0,,,,
2 Bedroom Apartment,780000.0,2.0,1.0,2.0,,,
2 Bedroom Apartment,740000.0,2.0,1.0,1.0,,,
1 Bedroom House,350000.0,1.0,1.0,,,,
4 Bedroom House,1599990.0,4.0,3.0,1.0,,,
House,795000.0,,,,,,
2 Bedroom Apartment,615000.0,2.0,1.0,2.0,,,
2 Bedroom Apartment,580000.0,2.0,1.0,,,,
1 Bedroom Apartment,750000.0,1.0,1.0,1.0,,41 Snell Parade,
Apartment,279000.0,,1.0,,,,
3 Bedroom House,1650000.0,3.0,2.0,1.0,,,
4 Bedroom House,,4.0,1.0,2.0,1884.0,10 Bridget Road,
4 Bedroom House,2300000.0,4.0,35.0,6.0,940.0,,
3 Bedroom House,1300000.0,3.0,2.0,1.0,,,
2 Bedroom Apartment,1295000.0,2.0,2.0,1.0,,,
4 Bedroom House,3790000.0,4.0,5.0,3.0,1101.0,,
3 Bedroom Apartment,3500000.0,3.0,25.0,1.0,,,
2 Bedroom Apartment,835000.0,2.0,2.0,1.0,,3 Topham Road,
2 Bedroom Apartment,1750000.0,2.0,2.0,2.0,,,
2 Bedroom Apartment,1595000.0,2.0,1.0,2.0,,,
2 Bedroom Apartment,1550000.0,2.0,1.0,2.0,,,
1.5 Bedroom Apartment,625000.0,15.0,1.0,1.0,,,
3 Bedroom Townhouse,3950000.0,3.0,25.0,2.0,250.0,,
3 Bedroom Townhouse,1295000.0,3.0,3.0,2.0,1821.0,,
2 Bedroom Apartment,1695000.0,2.0,1.0,2.0,,,
2 Bedroom House,550000.0,2.0,1.0,1.0,673.0,,
3 Bedroom House,950000.0,3.0,2.0,1.0,1335.0,,
3 Bedroom House,1900000.0,3.0,15.0,2.0,1350.0,,
3 Bedroom Apartment,3900000.0,3.0,2.0,2.0,2426.0,,
2 Bedroom Apartment,930000.0,2.0,1.0,1.0,,71 Fyfe Rd,
2 Bedroom Apartment,790000.0,2.0,1.0,1.0,,,
2 Bedroom Townhouse,820000.0,2.0,2.0,1.0,1791.0,"3 Cordova, 124 Bidston Road",
8 Bedroom House,4999500.0,8.0,3.0,11.0,1308.0,,
2 Bedroom Apartment,1200000.0,2.0,2.0,1.0,,,
2 Bedroom Apartment,930000.0,2.0,1.0,1.0,,71 Fyfe Rd,
3 Bedroom Apartment,4395000.0,3.0,3.0,2.0,,7 Highline Zululami Luxury Apartments,
2 Bedroom Townhouse,2850000.0,2.0,2.0,2.0,1360.0,,
3 Bedroom House,1995000.0,3.0,2.0,8.0,997.0,320 Z K Matthews Road,
4 Bedroom House,8250000.0,4.0,4.0,4.0,785.0,,
3 Bedroom Apartment,1795000.0,3.0,2.0,2.0,,,
3 Bedroom Apartment,2399000.0,3.0,3.0,,,,
3 Bedroom Townhouse,8950000.0,3.0,2.0,4.0,504.0,,
2 Bedroom Apartment,745000.0,2.0,1.0,1.0,,,
2 Bedroom Apartment,1100000.0,2.0,1.0,,,,
4 Bedroom House,1050000.0,4.0,3.0,1.0,1356.0,,
2 Bedroom Apartment,750000.0,2.0,1.0,2.0,,,
3 Bedroom Townhouse,8950000.0,3.0,2.0,4.0,504.0,,
2 Bedroom Apartment,1699000.0,2.0,2.0,2.0,,47 Aurora Drive,
4 Bedroom House,1949000.0,4.0,2.0,3.0,1788.0,36 Manton Crescent,
3 Bedroom Townhouse,4350000.0,3.0,3.0,2.0,1000.0,2a Edgecliff Dr,
2 Bedroom Townhouse,799000.0,2.0,2.0,2.0,1556.0,,
9 Bedroom House,12500000.0,9.0,65.0,10.0,25040.0,,
2 Bedroom Townhouse,3280000.0,2.0,2.0,2.0,6576.0,,
3 Bedroom Townhouse,1575000.0,3.0,2.0,4.0,5079.0,,
3 Bedroom Apartment,3999000.0,3.0,2.0,2.0,,,
6 Bedroom House,799000.0,6.0,1.0,,1038.0,,
2 Bedroom Apartment,3790000.0,2.0,2.0,4.0,,P228 Sheffield Beach Road,
2 Bedroom House,460000.0,2.0,1.0,,325.0,,
2 Bedroom Townhouse,1200000.0,2.0,2.0,1.0,,,
2 Bedroom Apartment,850000.0,2.0,1.0,1.0,,,
4 Bedroom House,2295000.0,4.0,25.0,7.0,900.0,,
3 Bedroom Apartment,1995000.0,3.0,2.0,2.0,,,
2 Bedroom Apartment,702000.0,2.0,1.0,1.0,,,
2 Bedroom Townhouse,710000.0,2.0,1.0,1.0,,,
4 Bedroom Apartment,880000.0,4.0,25.0,1.0,,,
2 Bedroom Apartment,950000.0,2.0,1.0,1.0,,,
2 Bedroom Townhouse,760000.0,2.0,1.0,1.0,2022.0,,
5 Bedroom Townhouse,9575000.0,5.0,5.0,2.0,,,
3 Bedroom Apartment,1750000.0,3.0,2.0,1.0,,,
3 Bedroom Apartment,2850000.0,3.0,2.0,1.0,,,
4 Bedroom Townhouse,7500000.0,4.0,4.0,2.0,,,
3 Bedroom House,600000.0,3.0,1.0,4.0,489.0,,
2 Bedroom Apartment,2495000.0,2.0,2.0,1.0,,,
3 Bedroom Townhouse,1740000.0,3.0,3.0,2.0,40127.0,,
1 Bedroom Apartment,650000.0,1.0,1.0,1.0,,,
2 Bedroom Apartment,1100000.0,2.0,2.0,1.0,,,
8 Bedroom Apartment,2200000.0,8.0,4.0,,,,
2 Bedroom Apartment,950000.0,2.0,1.0,1.0,,,
6 Bedroom House,8995000.0,6.0,5.0,14.0,1154.0,,
6 Bedroom House,2700000.0,6.0,4.0,2.0,,,
2 Bedroom House,545000.0,2.0,1.0,,338.0,,
4 Bedroom House,5500000.0,4.0,3.0,9.0,2005.0,,
7 Bedroom House,5995000.0,7.0,7.0,12.0,1365.0,,
3 Bedroom House,2479000.0,3.0,2.0,13.0,2284.0,,
4 Bedroom House,1100000.0,4.0,2.0,2.0,1408.0,,
3 Bedroom House,699000.0,3.0,1.0,3.0,429.0,,
3 Bedroom Apartment,1425000.0,3.0,2.0,2.0,,60 Mano... 44 Old Main Road,
4 Bedroom House,1860000.0,4.0,3.0,3.0,1000.0,1 Vink Street,
4 Bedroom House,6900000.0,4.0,35.0,2.0,13321.0,,
1 Bedroom Apartment,1700000.0,1.0,1.0,1.0,,"Wager Ave, Hawaan, Blackburn",
5 Bedroom House,600000.0,5.0,2.0,1.0,,,
2 Bedroom House,550000.0,2.0,1.0,1.0,493.0,1b Ashwood Drive Panorama,
3 Bedroom House,1827500.0,3.0,1.0,,1111.0,20 2nd Street,
4 Bedroom House,6900000.0,4.0,35.0,2.0,13321.0,,
3 Bedroom Townhouse,3500000.0,3.0,2.0,1.0,24.0,,
2 Bedroom Apartment,765000.0,2.0,1.0,,,,
0.5 Bedroom Apartment,650000.0,5.0,1.0,1.0,,,
2 Bedroom Apartment,5800000.0,2.0,3.0,2.0,,,
3 Bedroom House,2835000.0,3.0,2.0,2.0,300.0,,
10 Bedroom House,1695000.0,10.0,55.0,10.0,1087.0,,
2 Bedroom Apartment,595000.0,2.0,1.0,1.0,,,
3 Bedroom Apartment,890000.0,3.0,2.0,1.0,,,
4 Bedroom Townhouse,3800000.0,4.0,25.0,4.0,5053.0,,
2 Bedroom Apartment,450000.0,2.0,1.0,1.0,,,
1 Bedroom Apartment,575000.0,1.0,1.0,1.0,,"18 Ocean View Retirement Complex, 354 Musgrave Road",
3 Bedroom Apartment,1290000.0,3.0,2.0,2.0,,8 Turnbull Street,
2 Bedroom Apartment,770000.0,2.0,1.0,1.0,,,
3 Bedroom Apartment,750000.0,3.0,1.0,1.0,,,
2 Bedroom Apartment,895000.0,2.0,2.0,1.0,,,
2.5 Bedroom House,750000.0,25.0,1.0,,316.0,36 Ithubalethu Grove,
3 Bedroom House,875000.0,3.0,2.0,4.0,450.0,,
1.5 Bedroom Apartment,575000.0,15.0,1.0,1.0,,"4 Ss Dolvern Court, 81 Cromwell Road",
3 Bedroom House,1390000.0,3.0,1.0,5.0,,,
5 Bedroom House,3500000.0,5.0,4.0,13.0,931.0,3 Diagonal Street,
2 Bedroom Apartment,1240000.0,2.0,1.0,1.0,,,
3 Bedroom House,725000.0,3.0,1.0,4.0,450.0,,
3 Bedroom House,1250000.0,3.0,1.0,4.0,,,
3 Bedroom House,725000.0,3.0,1.0,4.0,450.0,,
1 Bedroom Townhouse,620000.0,1.0,1.0,2.0,107969.0,244 Ramsey Avenue,
3 Bedroom Apartment,2190000.0,3.0,2.0,1.0,,,
2 Bedroom Apartment,2800000.0,2.0,2.0,2.0,,,
2 Bedroom Apartment,560000.0,2.0,1.0,1.0,,,
3 Bedroom House,1275000.0,3.0,1.0,5.0,548.0,,
3 Bedroom Apartment,4500000.0,3.0,2.0,2.0,,,
3 Bedroom Townhouse,895000.0,3.0,2.0,1.0,20257.0,,
1 Bedroom Apartment,900000.0,1.0,1.0,1.0,,,
3 Bedroom Townhouse,1250000.0,3.0,2.0,1.0,300.0,,
1 Bedroom Apartment,520000.0,1.0,1.0,1.0,,,
3 Bedroom Apartment,750000.0,3.0,1.0,1.0,,,
2 Bedroom Apartment,640000.0,2.0,1.0,1.0,,,
3 Bedroom House,1480000.0,3.0,2.0,4.0,930.0,,
2 Bedroom Apartment,1550000.0,2.0,2.0,2.0,,,
3 Bedroom House,700000.0,3.0,1.0,1.0,,,
8 Bedroom House,8800000.0,8.0,6.0,3.0,36227.0,,
3 Bedroom House,1480000.0,3.0,2.0,4.0,930.0,,
3 Bedroom Apartment,1420000.0,3.0,2.0,1.0,,,
3 Bedroom House,3295000.0,3.0,2.0,2.0,300.0,,
2 Bedroom Apartment,700000.0,2.0,1.0,2.0,,,
3 Bedroom House,1250000.0,3.0,2.0,2.0,,,
1 Bedroom Apartment,1200000.0,1.0,1.0,2.0,,,
1 Bedroom Apartment,1750000.0,1.0,1.0,1.0,,,
3 Bedroom House,1030000.0,3.0,1.0,4.0,595.0,13 Montgomery Road,
2 Bedroom Apartment,750000.0,2.0,2.0,1.0,2216.0,81 Lena Ahrens Road,
3 Bedroom House,1150000.0,3.0,2.0,2.0,560.0,,
2 Bedroom Apartment,1999000.0,2.0,1.0,1.0,,132 Musgrave Road,
3 Bedroom House,750000.0,3.0,15.0,1.0,667.0,,
6 Bedroom House,,6.0,5.0,7.0,87453.0,,
2 Bedroom Apartment,1239000.0,2.0,1.0,1.0,,,
4 Bedroom House,2400000.0,4.0,3.0,5.0,734.0,,
2 Bedroom Apartment,4450000.0,2.0,2.0,2.0,,,
3 Bedroom Townhouse,5695000.0,3.0,4.0,3.0,14600.0,,
1 Bedroom Townhouse,1295000.0,1.0,1.0,1.0,,,
3 Bedroom House,1490000.0,3.0,2.0,2.0,1056.0,,
2 Bedroom Apartment,795000.0,2.0,1.0,1.0,,,
2 Bedroom Apartment,1295000.0,2.0,2.0,1.0,,"71 Ss Bowhill Lodge, 16 Gordon Road",
3 Bedroom House,3250000.0,3.0,2.0,4.0,300.0,84 Lalela Estate,
3 Bedroom Apartment,850000.0,3.0,1.0,1.0,,,
4 Bedroom House,1995000.0,4.0,2.0,4.0,1385.0,,
4 Bedroom House,1950000.0,4.0,4.0,4.0,1180.0,,
3 Bedroom House,1429317.0,3.0,2.0,1.0,236.0,,
3 Bedroom House,1426405.0,3.0,2.0,1.0,233.0,,
4 Bedroom House,1995000.0,4.0,2.0,4.0,1385.0,,
1 Bedroom Apartment,1049000.0,1.0,1.0,2.0,,,
2 Bedroom Townhouse,560000.0,2.0,2.0,1.0,260538.0,,
7 Bedroom House,1827000.0,7.0,4.0,6.0,2161.0,,
2 Bedroom Apartment,1530000.0,2.0,15.0,1.0,,,
3 Bedroom House,2460000.0,3.0,1.0,2.0,,,
3 Bedroom House,1590000.0,3.0,2.0,3.0,880.0,,
2 Bedroom Townhouse,1130000.0,2.0,1.0,1.0,,,
2 Bedroom Apartment,799000.0,2.0,1.0,2.0,,,
2 Bedroom Apartment,1595000.0,2.0,2.0,2.0,,,
3 Bedroom House,2700000.0,3.0,2.0,2.0,5924.0,,
1 Bedroom Townhouse,450000.0,1.0,1.0,1.0,260538.0,,
3 Bedroom House,2950000.0,3.0,3.0,5.0,1384.0,,
2 Bedroom Apartment,1150000.0,2.0,1.0,2.0,,,
3 Bedroom House,2300000.0,3.0,2.0,6.0,1415.0,,
2 Bedroom Apartment,1250000.0,2.0,1.0,1.0,,,
3 Bedroom House,1590000.0,3.0,2.0,3.0,880.0,,
3 Bedroom Apartment,2895000.0,3.0,2.0,2.0,,,
2 Bedroom Apartment,850000.0,2.0,2.0,1.0,,,
2 Bedroom Townhouse,2450000.0,2.0,2.0,2.0,3728.0,,
2 Bedroom Apartment,1150000.0,2.0,2.0,1.0,,,
2 Bedroom Apartment,1695000.0,2.0,1.0,2.0,,,
2 Bedroom Apartment,550000.0,2.0,2.0,2.0,,,
3 Bedroom House,1200000.0,3.0,2.0,5.0,,,
4 Bedroom House,2400000.0,4.0,3.0,6.0,2000.0,1 Tavistock Road,
2 Bedroom Apartment,750000.0,2.0,2.0,2.0,,,
3 Bedroom House,1200000.0,3.0,2.0,5.0,,,
3 Bedroom House,2600000.0,3.0,1.0,4.0,936.0,,
4 Bedroom Townhouse,3495000.0,4.0,3.0,10.0,1720.0,"13 Greenvale Village, 36 Shongweni Road",
6 Bedroom House,2950000.0,6.0,4.0,4.0,4964.0,36 Wellington Road,
3 Bedroom House,1100000.0,3.0,2.0,2.0,1206.0,,
3 Bedroom Townhouse,2950000.0,3.0,2.0,1.0,9002.0,,
1 Bedroom Apartment,550000.0,1.0,1.0,,,,
2 Bedroom House,780000.0,2.0,1.0,6.0,298.0,,
3 Bedroom House,1850000.0,3.0,2.0,6.0,1013.0,,
2 Bedroom House,695000.0,2.0,1.0,3.0,156.0,,
2 Bedroom House,2795000.0,2.0,2.0,2.0,332.0,,
2 Bedroom Townhouse,1150000.0,2.0,2.0,2.0,,,
7 Bedroom House,9950000.0,7.0,55.0,10.0,1470.0,,
3 Bedroom House,900000.0,3.0,2.0,2.0,465.0,,
5 Bedroom House,2995000.0,5.0,35.0,6.0,1280.0,,
4 Bedroom House,1400000.0,4.0,2.0,3.0,521.0,,
4 Bedroom House,1480000.0,4.0,2.0,4.0,1044.0,,
2.5 Bedroom Townhouse,895000.0,25.0,1.0,1.0,16741.0,,
3 Bedroom House,1698000.0,3.0,2.0,2.0,972.0,,
2 Bedroom House,1175000.0,2.0,1.0,2.0,,,
2 Bedroom Apartment,695000.0,2.0,1.0,1.0,,,
4 Bedroom House,2795000.0,4.0,25.0,7.0,1580.0,,
2 Bedroom Apartment,450000.0,2.0,1.0,,,,
6 Bedroom House,2495000.0,6.0,3.0,6.0,687.0,77 Barns Road,
3 Bedroom House,1590000.0,3.0,2.0,6.0,931.0,71 Garcin Place,
5 Bedroom House,995000.0,5.0,2.0,10.0,1500.0,,
3 Bedroom Townhouse,780000.0,3.0,1.0,2.0,,,
3 Bedroom Apartment,1450000.0,3.0,25.0,1.0,,,
4 Bedroom House,2795000.0,4.0,25.0,7.0,1580.0,,
4 Bedroom Townhouse,2395000.0,4.0,2.0,2.0,,"1 Ss Sixty Norfolk Road, 58 Norfolk Road",
4 Bedroom House,2680000.0,4.0,4.0,6.0,1012.0,,
28 Bedroom House,9750000.0,28.0,15.0,4.0,7651.0,,
2.5 Bedroom Apartment,1495000.0,25.0,15.0,2.0,,,
3 Bedroom House,2595000.0,3.0,3.0,8.0,1557.0,13 Gainsborough Drive,
3 Bedroom House,1250000.0,3.0,2.0,5.0,1017.0,,
6 Bedroom House,24999999.0,6.0,8.0,8.0,1082.0,40 Idwala,
6 Bedroom House,10750000.0,6.0,5.0,4.0,539.0,,
2 Bedroom Apartment,1300000.0,2.0,2.0,1.0,,,
2 Bedroom Apartment,785000.0,2.0,1.0,1.0,,"11 Avalon, 146 Williamson Street",
2 Bedroom Apartment,595000.0,2.0,1.0,,,,
1 Bedroom Apartment,440000.0,1.0,1.0,,,,
3 Bedroom House,1295000.0,3.0,15.0,2.0,1515.0,,
3 Bedroom Townhouse,2495000.0,3.0,2.0,2.0,5718.0,"11 Ss Graceland, 1 Avondale Road, Unit 11 Graceland",
3 Bedroom Townhouse,3000000.0,3.0,35.0,4.0,4778.0,"14 Horizon Edge, 112 Mount Edgecombe Drive",
3 Bedroom Townhouse,1700000.0,3.0,2.0,2.0,,,
4 Bedroom Apartment,1150000.0,4.0,2.0,3.0,,,
2 Bedroom Apartment,975000.0,2.0,2.0,1.0,,5 Selvey Avenue,
3 Bedroom House,1250000.0,3.0,1.0,2.0,235.0,,
2 Bedroom Townhouse,920000.0,2.0,2.0,2.0,105.0,9 Canterbury Drive,
3 Bedroom Apartment,4299000.0,3.0,2.0,2.0,,,
3 Bedroom Townhouse,850000.0,3.0,1.0,2.0,123.0,,
1 Bedroom Apartment,475000.0,1.0,1.0,,,,
2 Bedroom Apartment,980000.0,2.0,2.0,1.0,,,
1 Bedroom Apartment,1995000.0,1.0,1.0,1.0,,6 Lagoon Drive,
3 Bedroom Townhouse,4950000.0,3.0,25.0,2.0,13321.0,"32 Ss Luxe Zimbali, 43 Yellowwood Drive, Unit 32 Luxe Zimbali",
4 Bedroom House,2900000.0,4.0,4.0,2.0,1330.0,,
1 Bedroom Apartment,475000.0,1.0,1.0,,,,
2 Bedroom Apartment,700000.0,2.0,1.0,1.0,,,
2 Bedroom Apartment,1220000.0,2.0,2.0,1.0,,"Laguna La Crete, 5 Selvey Ave",
3 Bedroom House,1290000.0,3.0,2.0,2.0,1031.0,,
3 Bedroom House,1195000.0,3.0,15.0,2.0,200.0,,
3 Bedroom House,2799000.0,3.0,25.0,6.0,759.0,,
5 Bedroom Townhouse,1280000.0,5.0,3.0,2.0,3013.0,,
3 Bedroom Apartment,1100000.0,3.0,3.0,1.0,,,
3 Bedroom House,3250000.0,3.0,2.0,4.0,2281.0,"10 Emonyeni Ridge, 8 Blamey",
2 Bedroom Apartment,2850000.0,2.0,2.0,1.0,,,
2 Bedroom Apartment,3950000.0,2.0,2.0,2.0,,,
2.5 Bedroom Apartment,1325000.0,25.0,1.0,1.0,,,
3 Bedroom House,1820000.0,3.0,25.0,6.0,999.0,,
2 Bedroom Apartment,2850000.0,2.0,2.0,2.0,,35 Sheffield Beach Road,
3 Bedroom Townhouse,1300000.0,3.0,2.0,1.0,21744.0,,
2.5 Bedroom Apartment,1325000.0,25.0,1.0,1.0,,,
3 Bedroom House,1550000.0,3.0,2.0,4.0,,,
3 Bedroom House,5950000.0,3.0,2.0,2.0,,,
5 Bedroom House,4950000.0,5.0,35.0,6.0,4191.0,,
1 Bedroom Apartment,550000.0,1.0,1.0,1.0,,,
3 Bedroom Townhouse,1752000.0,3.0,2.0,1.0,,,
2 Bedroom House,749000.0,2.0,2.0,6.0,303.0,,
1 Bedroom Apartment,1150000.0,1.0,1.0,1.0,,"D19 Ocean Club, 19 Ocean Club Drive",
2 Bedroom Townhouse,900000.0,2.0,2.0,2.0,,"Faerie Glen, 4 Canterbury Drive",
3 Bedroom Townhouse,1695000.0,3.0,25.0,2.0,250.0,,
House,950000.0,,,,400.0,,
3 Bedroom Townhouse,1350000.0,3.0,2.0,1.0,,,
3 Bedroom House,1580000.0,3.0,2.0,1.0,,,
5 Bedroom House,,5.0,,,,,
1 Bedroom Apartment,675000.0,1.0,1.0,,,,
3 Bedroom Apartment,1550000.0,3.0,2.0,2.0,,61 Colin Street,
3 Bedroom Apartment,4500000.0,3.0,2.0,4.0,,,
2 Bedroom Apartment,2950000.0,2.0,1.0,1.0,,,
3 Bedroom House,1495000.0,3.0,1.0,3.0,420.0,,
3 Bedroom House,2480000.0,3.0,2.0,3.0,1647.0,,
1 Bedroom Apartment,675000.0,1.0,1.0,,,,
3 Bedroom Apartment,4295000.0,3.0,2.0,2.0,,6 Highline Zululami Luxury Apartments,
3 Bedroom Apartment,5750000.0,3.0,25.0,2.0,,,
3 Bedroom Townhouse,6900000.0,3.0,2.0,2.0,4021.0,,
3 Bedroom House,1360000.0,3.0,2.0,2.0,453.0,,
3 Bedroom House,2550000.0,3.0,2.0,9.0,4000.0,16 Berea Road,
3 Bedroom House,1250000.0,3.0,2.0,6.0,653.0,303 Brixham Road,
1.5 Bedroom Apartment,475000.0,15.0,1.0,1.0,,,
3 Bedroom House,1498500.0,3.0,2.0,4.0,1062.0,,
2 Bedroom Townhouse,2900000.0,2.0,2.0,4.0,,"26 Ss Northfields, 11 The Street",
4 Bedroom House,2150000.0,4.0,2.0,,274.0,8 Gordon,
2 Bedroom Apartment,1180000.0,2.0,2.0,1.0,,,
3 Bedroom Apartment,2950000.0,3.0,2.0,2.0,,,
2 Bedroom Townhouse,995000.0,2.0,1.0,2.0,119.0,,
2 Bedroom Apartment,780000.0,2.0,1.0,1.0,,,
2 Bedroom Apartment,1595000.0,2.0,2.0,1.0,,,
4 Bedroom Townhouse,3000000.0,4.0,4.0,2.0,354.0,1094 Main Road,
4 Bedroom Apartment,2695000.0,4.0,3.0,2.0,,"2 197 On Lambert, 197 Lambert Road",
3 Bedroom House,1450000.0,3.0,2.0,2.0,1012.0,,
3 Bedroom Apartment,950000.0,3.0,15.0,2.0,,,
3 Bedroom House,1000000.0,3.0,1.0,2.0,377.0,,
1 Bedroom Apartment,540000.0,1.0,1.0,,,,
3 Bedroom Apartment,2080000.0,3.0,2.0,2.0,,,
House,1350000.0,,,,674.0,,
1 Bedroom Apartment,799000.0,1.0,1.0,2.0,,,
4 Bedroom House,670000.0,4.0,2.0,3.0,454.0,,
3 Bedroom Apartment,3400000.0,3.0,25.0,2.0,,,
4 Bedroom House,2600000.0,4.0,4.0,1.0,781067.0,,
1 Bedroom Apartment,799000.0,1.0,1.0,2.0,,,
2 Bedroom Townhouse,2800000.0,2.0,2.0,,,,
3 Bedroom Apartment,1450000.0,3.0,2.0,3.0,,,
2 Bedroom Apartment,1695000.0,2.0,2.0,3.0,,,
14 Bedroom House,19000000.0,14.0,9.0,10.0,4530.0,,
3 Bedroom House,2250000.0,3.0,2.0,2.0,,,
3 Bedroom House,750000.0,3.0,2.0,1.0,402.0,,
3 Bedroom House,4995000.0,3.0,2.0,2.0,1533.0,,
5 Bedroom House,1295000.0,5.0,4.0,2.0,1416.0,,
3 Bedroom House,4950000.0,3.0,3.0,3.0,,,
2 Bedroom Apartment,650000.0,2.0,1.0,1.0,,Groove Road,
3 Bedroom House,2599000.0,3.0,2.0,6.0,1001.0,,
3 Bedroom House,4500000.0,3.0,25.0,2.0,202.0,,
3 Bedroom Apartment,2200000.0,3.0,2.0,2.0,,,
1 Bedroom Apartment,350000.0,1.0,1.0,2.0,,,
3 Bedroom House,720000.0,3.0,1.0,5.0,448.0,,
2 Bedroom House,1490000.0,2.0,2.0,2.0,1862.0,,
3 Bedroom House,4950000.0,3.0,3.0,3.0,,,
3 Bedroom Townhouse,1295000.0,3.0,2.0,2.0,,,
2 Bedroom Apartment,695000.0,2.0,1.0,2.0,,,
3 Bedroom House,550000.0,3.0,1.0,2.0,438.0,,
2 Bedroom Apartment,1350000.0,2.0,2.0,1.0,,,
2 Bedroom Apartment,1170000.0,2.0,2.0,2.0,,,
1 Bedroom Apartment,595000.0,1.0,1.0,,,,
2 Bedroom Apartment,1010000.0,2.0,2.0,1.0,,,
3 Bedroom Apartment,1450000.0,3.0,2.0,1.0,,5 Selvey Avenue,
4 Bedroom Townhouse,5500000.0,4.0,3.0,2.0,,,
3 Bedroom Apartment,1850000.0,3.0,2.0,2.0,,,
2 Bedroom Townhouse,2300000.0,2.0,1.0,1.0,,"16 Ss Seawood Close, 31 Chartwell Drive",
4 Bedroom House,929000.0,4.0,2.0,2.0,,,
2 Bedroom Apartment,1250000.0,2.0,1.0,1.0,,300 Florida Rd,
2 Bedroom Apartment,780000.0,2.0,1.0,1.0,,,
2 Bedroom Apartment,2300000.0,2.0,1.0,2.0,,,
2 Bedroom Apartment,2670000.0,2.0,2.0,1.0,,,
3 Bedroom House,1250000.0,3.0,3.0,1.0,1012.0,10 Hibiscus Avenue,
4 Bedroom House,1620000.0,4.0,3.0,6.0,2418.0,,
2 Bedroom Apartment,1950000.0,2.0,25.0,4.0,,138 Venice Road (140 Venice Road),
Apartment,1650000.0,,1.0,1.0,,,
3 Bedroom Apartment,7999000.0,3.0,25.0,3.0,,741 Musgrave Road,
3 Bedroom Townhouse,1558000.0,3.0,2.0,2.0,2216.0,"44 Ss Candlewood, 44 Arbuthnot Street",
3 Bedroom Apartment,1550000.0,3.0,2.0,1.0,,,
4 Bedroom Townhouse,7950000.0,4.0,4.0,4.0,5880.0,"1 Ss THE Corals, 7 Coral Close, Unit 1 The Corals",
4 Bedroom House,15000000.0,4.0,4.0,3.0,1791.0,31 Yellowwood Drive,
2 Bedroom Apartment,2550000.0,2.0,2.0,2.0,,"227 Pebble Beach, 2 Heleza Boulevard",
2 Bedroom Apartment,2550000.0,2.0,2.0,2.0,,"227 Pebble Beach, 2 Heleza Boulevard",
2 Bedroom Apartment,795000.0,2.0,1.0,1.0,,,
4 Bedroom Townhouse,14000000.0,4.0,45.0,8.0,6686.0,,
3 Bedroom Apartment,2450000.0,3.0,2.0,2.0,,,
2 Bedroom Apartment,1195000.0,2.0,2.0,2.0,,,
3 Bedroom Apartment,2795000.0,3.0,2.0,1.0,,,
3 Bedroom Apartment,2450000.0,3.0,2.0,2.0,,,
3 Bedroom Apartment,5200000.0,3.0,2.0,2.0,,,
4 Bedroom Townhouse,879000.0,4.0,3.0,1.0,64.0,,
3 Bedroom Apartment,2650000.0,3.0,2.0,1.0,,,
2 Bedroom Apartment,3950000.0,2.0,2.0,1.0,,,
1 Bedroom Apartment,899000.0,1.0,1.0,1.0,,,
3 Bedroom Townhouse,2900000.0,3.0,3.0,5.0,84718.0,,
2 Bedroom Apartment,1150000.0,2.0,2.0,2.0,,,
2 Bedroom Apartment,1527625.0,2.0,1.0,1.0,,,
2 Bedroom Apartment,845000.0,2.0,2.0,1.0,,,
3 Bedroom Apartment,1395000.0,3.0,2.0,2.0,,,
3 Bedroom Apartment,975000.0,3.0,1.0,1.0,,,
2 Bedroom Apartment,725000.0,2.0,25.0,1.0,,,
3 Bedroom Townhouse,3895000.0,3.0,25.0,3.0,,,
3 Bedroom Apartment,820000.0,3.0,1.0,1.0,,,
1 Bedroom Apartment,2300000.0,1.0,1.0,1.0,,,
1 Bedroom Apartment,650000.0,1.0,1.0,1.0,,,
3 Bedroom Apartment,7995000.0,3.0,2.0,2.0,,,
3 Bedroom Apartment,1095000.0,3.0,25.0,1.0,,,
2 Bedroom Apartment,3500000.0,2.0,,1.0,,The Rixos,
2 Bedroom Apartment,1150000.0,2.0,15.0,2.0,,,
4 Bedroom House,750000.0,4.0,2.0,,590.0,,
2 Bedroom Apartment,750000.0,2.0,1.0,2.0,,,
1 Bedroom Apartment,350000.0,1.0,1.0,,,,
2 Bedroom Apartment,799000.0,2.0,2.0,1.0,,,
3 Bedroom Apartment,750000.0,3.0,1.0,1.0,,,
3 Bedroom House,1585000.0,3.0,3.0,3.0,957.0,,
2 Bedroom Apartment,780000.0,2.0,1.0,,,,
2 Bedroom Apartment,800000.0,2.0,2.0,,,,
2 Bedroom Apartment,670000.0,2.0,1.0,,,,
3 Bedroom Apartment,3300000.0,3.0,2.0,2.0,,,
3 Bedroom Apartment,4690000.0,3.0,3.0,2.0,,,
4 Bedroom House,1899000.0,4.0,1.0,6.0,2024.0,,
3 Bedroom Apartment,4690000.0,3.0,3.0,2.0,,,
3 Bedroom Apartment,1790000.0,3.0,2.0,3.0,,,
4 Bedroom House,1595000.0,4.0,2.0,3.0,793.0,,
3 Bedroom House,970000.0,3.0,1.0,2.0,168.0,,
3 Bedroom Townhouse,3095000.0,3.0,2.0,5.0,,,
4 Bedroom House,1695000.0,4.0,3.0,1.0,9111.0,,
2.5 Bedroom Apartment,950000.0,25.0,15.0,1.0,,,
1 Bedroom Apartment,1390000.0,1.0,1.0,2.0,,,
2 Bedroom Apartment,1890000.0,2.0,2.0,2.0,,,
2 Bedroom Apartment,1650000.0,2.0,2.0,2.0,,"107 98 On Gordon, 98 Gordon Road",
2 Bedroom Apartment,800000.0,2.0,1.0,1.0,,,
5 Bedroom House,4250000.0,5.0,45.0,6.0,1349.0,3 Blackwood Place,
4 Bedroom House,5900000.0,4.0,2.0,20.0,2056.0,,
4 Bedroom House,1250000.0,4.0,1.0,2.0,496.0,,
1 Bedroom Apartment,1950000.0,1.0,1.0,1.0,,,
2 Bedroom Apartment,2121600.0,2.0,2.0,1.0,,,
4 Bedroom House,8374282.0,4.0,4.0,4.0,,,
3 Bedroom Townhouse,3495000.0,3.0,3.0,5.0,,"43b Ss 41 Gainsborough Drive, 43 Gainsborough Drive",
3 Bedroom Townhouse,3495000.0,3.0,3.0,5.0,,"43b Ss 41 Gainsborough Drive, 43 Gainsborough Drive",
3 Bedroom Townhouse,960000.0,3.0,2.0,1.0,20181.0,"7 Ss Gleneagles-Port Edward, 5 Boundary Road",
3 Bedroom Apartment,3995000.0,3.0,2.0,2.0,,,
3 Bedroom House,3995000.0,3.0,2.0,2.0,55753.0,,
5 Bedroom Townhouse,,5.0,4.0,4.0,,,
4 Bedroom House,4950000.0,4.0,4.0,3.0,1794.0,,
3 Bedroom House,2550000.0,3.0,2.0,6.0,1209.0,,
1 Bedroom Apartment,750000.0,1.0,1.0,1.0,,,
3 Bedroom House,2450000.0,3.0,3.0,4.0,1534.0,,
2 Bedroom Apartment,1200000.0,2.0,15.0,1.0,,,
3 Bedroom Apartment,1870000.0,3.0,2.0,1.0,,,
3 Bedroom House,2300000.0,3.0,3.0,4.0,1335.0,,
3 Bedroom Apartment,3250000.0,3.0,2.0,1.0,,,
3 Bedroom House,650000.0,3.0,1.0,2.0,5710.0,,
10 Bedroom House,6500000.0,10.0,7.0,5.0,1819.0,,
3 Bedroom House,830000.0,3.0,2.0,,1351.0,,
3 Bedroom House,2450000.0,3.0,3.0,4.0,1534.0,,
3 Bedroom House,969000.0,3.0,1.0,1.0,,,
3 Bedroom House,1450000.0,3.0,2.0,,609.0,,
4 Bedroom Apartment,1800000.0,4.0,3.0,2.0,,,
13 Bedroom House,8900000.0,13.0,9.0,16.0,2335.0,,
5 Bedroom House,7500000.0,5.0,55.0,7.0,4948.0,,
1 Bedroom Apartment,620000.0,1.0,1.0,1.0,,,
1 Bedroom Apartment,245000.0,1.0,1.0,2.0,,,
3 Bedroom Apartment,1050000.0,3.0,25.0,2.0,,,
3 Bedroom House,1690000.0,3.0,3.0,2.0,916.0,,
4 Bedroom Apartment,1828000.0,4.0,3.0,1.0,,,
3 Bedroom Townhouse,4500000.0,3.0,3.0,3.0,,,
3 Bedroom Apartment,3900000.0,3.0,2.0,4.0,,,
3 Bedroom Townhouse,1499000.0,3.0,2.0,2.0,,,
3 Bedroom Townhouse,1299000.0,3.0,2.0,2.0,,,
2 Bedroom Apartment,901000.0,2.0,2.0,1.0,,,
4 Bedroom House,4500000.0,4.0,3.0,2.0,1860.0,,
3 Bedroom Townhouse,1600000.0,3.0,1.0,3.0,,,
2 Bedroom Apartment,1600000.0,2.0,1.0,1.0,,,
3 Bedroom Townhouse,4750000.0,3.0,3.0,4.0,6160.0,,
3 Bedroom Apartment,850000.0,3.0,2.0,1.0,,,
3 Bedroom Apartment,2500000.0,3.0,1.0,1.0,,,
3 Bedroom Apartment,6995000.0,3.0,35.0,3.0,,,
3 Bedroom House,595000.0,3.0,1.0,3.0,711.0,,
2 Bedroom Apartment,1600000.0,2.0,2.0,2.0,,,
3 Bedroom Apartment,1250000.0,3.0,2.0,2.0,,,
3 Bedroom Townhouse,1590000.0,3.0,2.0,4.0,,,
3 Bedroom Apartment,2499000.0,3.0,2.0,1.0,,,
3 Bedroom House,595000.0,3.0,1.0,3.0,711.0,,
4 Bedroom Townhouse,12000000.0,4.0,4.0,2.0,,,
3 Bedroom Apartment,640000.0,3.0,2.0,2.0,,,
2 Bedroom Apartment,1195000.0,2.0,1.0,2.0,,,
2 Bedroom Apartment,1300000.0,2.0,1.0,,,,
5 Bedroom House,1700000.0,5.0,3.0,4.0,1028.0,,
2 Bedroom Apartment,1379000.0,2.0,2.0,2.0,,,
4 Bedroom House,4750000.0,4.0,3.0,2.0,1349.0,,
5 Bedroom House,2716000.0,5.0,3.0,4.0,1969.0,,
3 Bedroom House,1750000.0,3.0,2.0,2.0,1368.0,,
1.5 Bedroom Apartment,550000.0,15.0,1.0,,,,
1 Bedroom Apartment,699000.0,1.0,1.0,1.0,,,
0.5 Bedroom Apartment,410000.0,5.0,1.0,1.0,,,
2.5 Bedroom Apartment,650000.0,25.0,1.0,1.0,,,
4 Bedroom Townhouse,3300000.0,4.0,25.0,2.0,,,
3 Bedroom Townhouse,11999995.0,3.0,4.0,9.0,4741.0,,
2 Bedroom Apartment,3995000.0,2.0,2.0,2.0,,,
1 Bedroom Apartment,699000.0,1.0,1.0,1.0,,,
2 Bedroom Apartment,1050000.0,2.0,1.0,1.0,,,
3 Bedroom Apartment,5783000.0,3.0,3.0,2.0,,,
4 Bedroom House,2600000.0,4.0,2.0,,2436.0,,
4 Bedroom House,1065000.0,4.0,3.0,4.0,885.0,,
10 Bedroom House,2500000.0,10.0,6.0,10.0,636.0,,
2 Bedroom Townhouse,930000.0,2.0,1.0,1.0,291.0,,
4 Bedroom Townhouse,7200000.0,4.0,4.0,4.0,,,
1 Bedroom Apartment,830000.0,1.0,1.0,,,,
4 Bedroom Townhouse,890000.0,4.0,3.0,2.0,3786.0,,
4 Bedroom Townhouse,5850000.0,4.0,45.0,2.0,9049.0,,
3 Bedroom Townhouse,2190000.0,3.0,2.0,3.0,2076.0,,
3 Bedroom Townhouse,2850000.0,3.0,2.0,3.0,,,
3 Bedroom Apartment,1075000.0,3.0,2.0,2.0,,,
2 Bedroom Apartment,759000.0,2.0,1.0,1.0,,,
1 Bedroom Apartment,1275000.0,1.0,1.0,1.0,,,
1 Bedroom Apartment,1500000.0,1.0,1.0,1.0,,Flat 125 The Quartz 45 Zennith Drive,
3 Bedroom House,3495000.0,3.0,25.0,4.0,616.0,,
4 Bedroom House,12900000.0,4.0,4.0,4.0,,,
3 Bedroom House,3495000.0,3.0,25.0,4.0,616.0,,
3 Bedroom House,1190000.0,3.0,2.0,2.0,2296.0,108 Ebrahim Drive,
1 Bedroom Townhouse,365000.0,1.0,1.0,1.0,,"7 Peterhouse, 341 Prince Alfred Street",
3 Bedroom House,1400000.0,3.0,2.0,4.0,706.0,,
2 Bedroom Townhouse,700000.0,2.0,2.0,1.0,,,
3 Bedroom House,850000.0,3.0,,,,,
2 Bedroom House,640000.0,2.0,1.0,1.0,,,
3 Bedroom House,2460000.0,3.0,2.0,1.0,528.0,,
3 Bedroom House,1950000.0,3.0,15.0,4.0,2281.0,,
4 Bedroom House,3750000.0,4.0,4.0,12.0,989.0,,
7 Bedroom House,3480000.0,7.0,55.0,6.0,2076.0,Highlands Road Pinetown,
3 Bedroom House,1750000.0,3.0,1.0,1.0,,,
1 Bedroom Apartment,420000.0,1.0,1.0,1.0,,,
1 Bedroom Apartment,1799000.0,1.0,1.0,1.0,,,
4 Bedroom House,1830000.0,4.0,3.0,,959.0,,
3 Bedroom House,299500.0,3.0,1.0,11.0,8900.0,,
4 Bedroom House,2000000.0,4.0,2.0,1.0,,,
8 Bedroom House,1800000.0,8.0,7.0,,,,
3 Bedroom House,860000.0,3.0,3.0,9.0,,,
3 Bedroom House,810000.0,3.0,1.0,7.0,,,
2 Bedroom Townhouse,2495000.0,2.0,2.0,2.0,,,
1.5 Bedroom Apartment,860000.0,15.0,1.0,1.0,,,
3 Bedroom House,1600000.0,3.0,2.0,1.0,,,
1 Bedroom Apartment,490000.0,1.0,1.0,2.0,,,
1 Bedroom Apartment,598000.0,1.0,1.0,1.0,,,
1 Bedroom Apartment,490000.0,1.0,1.0,2.0,,,
3 Bedroom House,995000.0,3.0,1.0,6.0,,,
3 Bedroom House,1200000.0,3.0,2.0,7.0,,,
2 Bedroom Townhouse,650000.0,2.0,2.0,1.0,64097.0,,
3 Bedroom House,290000.0,3.0,2.0,,,,
2 Bedroom House,,2.0,1.0,,250.0,,
4 Bedroom House,885000.0,4.0,2.0,4.0,264.0,,
4 Bedroom House,975000.0,4.0,2.0,4.0,376.0,,
4 Bedroom Townhouse,880000.0,4.0,2.0,2.0,800.0,"5 Koelwaters, 13 Visarend Street",
2 Bedroom Apartment,1675000.0,2.0,2.0,2.0,,"202 98 On Gordon, 98 Gordon Road",
3 Bedroom House,650000.0,3.0,1.0,1.0,338.0,,
3 Bedroom Townhouse,1100000.0,3.0,2.0,4.0,,"3 Ss Vuyani Place, 12 Faux Street",
2 Bedroom House,790000.0,2.0,1.0,4.0,344.0,,
2 Bedroom Apartment,590000.0,2.0,2.0,1.0,,44 Queen Street,
1 Bedroom Apartment,575000.0,1.0,1.0,1.0,,"26 Ss Tremley, 15 Ebor Avenue",
2 Bedroom Apartment,1750000.0,2.0,1.0,1.0,,404 Le Boulevard,
5 Bedroom House,2800000.0,5.0,4.0,2.0,,,
3 Bedroom Townhouse,950000.0,3.0,2.0,3.0,,,
3 Bedroom Apartment,4495000.0,3.0,3.0,2.0,,,
3 Bedroom Apartment,1390000.0,3.0,1.0,2.0,726.0,,
2 Bedroom House,790000.0,2.0,1.0,4.0,344.0,,
2 Bedroom Apartment,2500000.0,2.0,2.0,2.0,,,
3 Bedroom Townhouse,680000.0,3.0,1.0,1.0,,,
4 Bedroom House,1480000.0,4.0,3.0,2.0,1350.0,,
4 Bedroom House,1395000.0,4.0,2.0,6.0,423.0,,
4 Bedroom House,11995000.0,4.0,5.0,2.0,6069.0,"5 Jaffrey Avenue, Annandale",
3 Bedroom Townhouse,865000.0,3.0,1.0,2.0,4034.0,,
2 Bedroom Apartment,1650000.0,2.0,2.0,2.0,,,
4 Bedroom House,7995000.0,4.0,45.0,4.0,1960.0,,
2 Bedroom Apartment,1150000.0,2.0,1.0,1.0,,,
3 Bedroom House,1395000.0,3.0,2.0,4.0,465.0,,
2 Bedroom Apartment,980000.0,2.0,1.0,1.0,,,
4 Bedroom House,1650000.0,4.0,2.0,3.0,640.0,,
Apartment,995000.0,,,,103.0,,
3 Bedroom House,830000.0,3.0,1.0,1.0,243.0,,
2 Bedroom Apartment,2999995.0,2.0,2.0,2.0,,40 Signal Road,
2 Bedroom Apartment,3000000.0,2.0,2.0,2.0,,5 Horizon View,
2 Bedroom Apartment,900000.0,2.0,1.0,1.0,,,
3 Bedroom House,1100000.0,3.0,2.0,2.0,1032.0,,
3 Bedroom Apartment,980000.0,3.0,2.0,1.0,,,
3 Bedroom Apartment,3300000.0,3.0,3.0,3.0,,"3 Ss Sovereign Sands, 20 Salmon Street",
2 Bedroom Apartment,5050000.0,2.0,2.0,,1049.0,,
1 Bedroom Apartment,900000.0,1.0,1.0,,,,
3 Bedroom House,3200000.0,3.0,2.0,2.0,516.0,,
5 Bedroom House,6200000.0,5.0,3.0,2.0,5297.0,1 Stonewall Road,
3 Bedroom Apartment,3300000.0,3.0,3.0,3.0,,"3 Ss Sovereign Sands, 20 Salmon Street",
2 Bedroom Apartment,3700000.0,2.0,2.0,1.0,,35 Sheffield Beach Road,
House,850000.0,,,,,,
1 Bedroom Apartment,545000.0,1.0,1.0,1.0,,,
4 Bedroom House,1098000.0,4.0,3.0,2.0,916.0,,
3 Bedroom House,1220000.0,3.0,2.0,5.0,373.0,,
3 Bedroom Townhouse,1395000.0,3.0,2.0,2.0,390.0,,
3 Bedroom Apartment,1290000.0,3.0,2.0,1.0,,,
3 Bedroom Apartment,1100000.0,3.0,15.0,4.0,,,
3 Bedroom Apartment,1100000.0,3.0,15.0,4.0,,,
3 Bedroom Apartment,4195000.0,3.0,2.0,1.0,,"44 La Pirogue, 41 Compensation Beach Road",
2 Bedroom Apartment,700000.0,2.0,1.0,1.0,,,
2.5 Bedroom Apartment,850000.0,25.0,15.0,1.0,,,
3 Bedroom Apartment,2900000.0,3.0,2.0,2.0,,,
4 Bedroom House,979999.0,4.0,2.0,5.0,294.0,,
3 Bedroom Apartment,1200000.0,3.0,3.0,2.0,,,
2 Bedroom Townhouse,895000.0,2.0,1.0,2.0,,,
1 Bedroom Apartment,970000.0,1.0,1.0,1.0,,,
2 Bedroom Townhouse,895000.0,2.0,1.0,2.0,,,
4 Bedroom Apartment,2050000.0,4.0,25.0,2.0,,,
4 Bedroom Townhouse,2990000.0,4.0,25.0,4.0,1500.0,,
1 Bedroom Apartment,340000.0,1.0,1.0,1.0,,,
2 Bedroom Apartment,920000.0,2.0,2.0,1.0,,,
3 Bedroom House,1350000.0,3.0,2.0,6.0,650.0,,
3 Bedroom Apartment,3750000.0,3.0,25.0,2.0,,,
2 Bedroom House,3395000.0,2.0,25.0,2.0,450.0,1 Zululami Villas Boulevard,
4 Bedroom Townhouse,3995000.0,4.0,4.0,4.0,,,
5 Bedroom House,1175000.0,5.0,1.0,5.0,260.0,,
3 Bedroom House,1380000.0,3.0,2.0,2.0,447.0,,
12 Bedroom House,4995000.0,12.0,12.0,10.0,1715.0,,
3 Bedroom Townhouse,2295000.0,3.0,2.0,3.0,,,
3 Bedroom Apartment,1250000.0,3.0,25.0,2.0,,,
2 Bedroom Apartment,865000.0,2.0,2.0,3.0,,,
2 Bedroom Apartment,850000.0,2.0,1.0,1.0,,,
4 Bedroom House,4500000.0,4.0,35.0,2.0,,5 Savilli,
3 Bedroom Apartment,3600000.0,3.0,2.0,2.0,,,
2 Bedroom Apartment,2650000.0,2.0,2.0,1.0,,,
3 Bedroom House,1573000.0,3.0,2.0,4.0,,,
6 Bedroom House,25000000.0,6.0,5.0,6.0,1082.0,,
2 Bedroom Apartment,2699000.0,2.0,2.0,1.0,,"54 The Shades, 23 Weaver Crescent",
5 Bedroom House,3500000.0,5.0,4.0,6.0,1829.0,,
2 Bedroom Apartment,1250000.0,2.0,2.0,2.0,,,
2 Bedroom Apartment,2290000.0,2.0,2.0,2.0,,,
2 Bedroom Apartment,2660000.0,2.0,2.0,2.0,,"74 Ss Lush Condos, 1 Ingwe Drive, Unit 74 Lush Condos",
2.5 Bedroom Apartment,750000.0,25.0,2.0,1.0,,,
2 Bedroom Apartment,865000.0,2.0,2.0,3.0,,,
2 Bedroom Apartment,780000.0,2.0,2.0,,,,
4 Bedroom Townhouse,3495000.0,4.0,25.0,4.0,3237.0,,
2 Bedroom Apartment,900000.0,2.0,1.0,1.0,,,
3 Bedroom Townhouse,16770000.0,3.0,3.0,1.0,3524.0,,
2 Bedroom Apartment,750000.0,2.0,15.0,2.0,,,
3 Bedroom Apartment,2295000.0,3.0,3.0,1.0,,,
4 Bedroom House,1050000.0,4.0,4.0,2.0,285.0,,
1 Bedroom Apartment,540000.0,1.0,1.0,1.0,,,
3 Bedroom Apartment,1795000.0,3.0,2.0,2.0,,,
3 Bedroom House,460000.0,3.0,2.0,1.0,,,
2 Bedroom Apartment,1620000.0,2.0,2.0,2.0,,,
2 Bedroom Townhouse,750000.0,2.0,1.0,2.0,122.0,,
1 Bedroom Apartment,540000.0,1.0,1.0,1.0,,,
4 Bedroom House,1190000.0,4.0,3.0,2.0,516.0,,
4 Bedroom House,1495000.0,4.0,2.0,9.0,684.0,,
Apartment,920000.0,,1.0,1.0,,15 O.r. Tambo Parade,
3 Bedroom House,1195000.0,3.0,25.0,2.0,1159.0,,
2 Bedroom Apartment,2175000.0,2.0,1.0,1.0,,,
1 Bedroom Apartment,950000.0,1.0,1.0,1.0,,,
3 Bedroom Townhouse,1095000.0,3.0,2.0,2.0,18113.0,,
5 Bedroom House,10050000.0,5.0,7.0,9.0,,,
3 Bedroom Townhouse,3000000.0,3.0,25.0,2.0,5220.0,"Unit 1 Forbes Estate, 11 Forbes Dr",
4 Bedroom House,3450000.0,4.0,2.0,5.0,2005.0,19 Manor Close,
5 Bedroom House,4995000.0,5.0,4.0,4.0,2250.0,5a Fiona Place,
7 Bedroom House,8800000.0,7.0,10.0,4.0,14500.0,65 Jan Hofmeyr Road,
3 Bedroom House,1595000.0,3.0,2.0,3.0,1016.0,13 Larkspur Street,
3 Bedroom Apartment,3800000.0,3.0,2.0,4.0,,55 Marine Drive,
3 Bedroom House,2350000.0,3.0,2.0,6.0,1710.0,41 Springvale Road,
2 Bedroom Apartment,1400000.0,2.0,2.0,,,263 O R Tambo Parade,
2 Bedroom Apartment,895000.0,2.0,2.0,2.0,,,
3 Bedroom Townhouse,1570000.0,3.0,25.0,2.0,3515.0,"1 Ss Tulani, 23 George Crooks",
4 Bedroom House,2895000.0,4.0,3.0,2.0,1800.0,8a Aylesbury Avenue,
3 Bedroom Townhouse,2150000.0,3.0,2.0,2.0,40660.0,"Unit 10 Sherbourne Estate, 10 Moorlands Rd",
1 Bedroom Apartment,1950000.0,1.0,1.0,,,"B206 Ethafeni, 4 Dragon Tree",
7 Bedroom House,8800000.0,7.0,10.0,4.0,14500.0,65 Jan Hofmeyr Road,
3 Bedroom Townhouse,2200000.0,3.0,2.0,2.0,94000.0,"Unit 65 Greenhaven Estate, 109 Padfield Rd",
4 Bedroom House,3700000.0,4.0,2.0,12.0,4059.0,77 Forest Drive,
Apartment,650000.0,,,,,7 Uplands Road,
2 Bedroom Apartment,1692000.0,2.0,2.0,1.0,,,
5 Bedroom House,1480000.0,5.0,4.0,2.0,1060.0,52 Geranium,
4 Bedroom House,16000000.0,4.0,4.0,5.0,1176.0,86 Crowned Eagle Drive,
3 Bedroom Townhouse,2150000.0,3.0,2.0,2.0,,"27 Ss Cabana Sierra, 30 Browns Drift Road",
3 Bedroom House,1620000.0,3.0,2.0,1.0,935.0,,
2 Bedroom House,475000.0,2.0,1.0,1.0,169.0,,
5 Bedroom House,8500000.0,5.0,4.0,10.0,205.0,,
3 Bedroom House,975000.0,3.0,2.0,2.0,301.0,,
9 Bedroom House,5500000.0,9.0,9.0,8.0,3185.0,,
2 Bedroom Apartment,1495000.0,2.0,2.0,1.0,,,
2 Bedroom Apartment,3424000.0,2.0,2.0,2.0,,,
2 Bedroom Townhouse,620000.0,2.0,1.0,2.0,,76 Marine Drive,
3 Bedroom Apartment,1135000.0,3.0,2.0,1.0,1230.0,103 Marine Drive,
3 Bedroom Apartment,1960000.0,3.0,2.0,2.0,,96 Lilliecrona Boulevard,
5 Bedroom House,10995000.0,5.0,3.0,4.0,1068.0,,
5 Bedroom House,10995000.0,5.0,3.0,4.0,1068.0,,
5 Bedroom House,1500000.0,5.0,2.0,3.0,2645.0,,
4 Bedroom House,1100000.0,4.0,2.0,2.0,1909.0,,
2 Bedroom Apartment,2485000.0,2.0,2.0,2.0,,,
2 Bedroom Apartment,1099000.0,2.0,2.0,,,,
5 Bedroom House,15000000.0,5.0,5.0,9.0,1925.0,,
3 Bedroom Apartment,1265000.0,3.0,2.0,,,,
3 Bedroom House,2350000.0,3.0,35.0,4.0,3000.0,,
3 Bedroom Apartment,,3.0,2.0,2.0,,,
3 Bedroom Townhouse,1450000.0,3.0,2.0,1.0,,,
3 Bedroom Townhouse,3500000.0,3.0,25.0,4.0,1000.0,"9 Dunrobin Private Estate, 13 Dunrobin Lane",
3 Bedroom Townhouse,950000.0,3.0,2.0,1.0,8353.0,,
3 Bedroom House,750000.0,3.0,1.0,3.0,563.0,,
2 Bedroom Apartment,770000.0,2.0,2.0,2.0,,,
2 Bedroom Apartment,1850000.0,2.0,2.0,2.0,,,
2 Bedroom Apartment,1295000.0,2.0,1.0,2.0,,"78 Ss Sheffield Gardens, 1 Melinda Lane, Unit 78 Sheffield Gardens",
9 Bedroom House,950000.0,9.0,3.0,,450.0,24 Mthonjaneni Place,
2 Bedroom Apartment,695000.0,2.0,2.0,2.0,,7 Uplands Road,
6 Bedroom House,9950000.0,6.0,7.0,9.0,2043.0,4 Oakleigh Avenue,
2 Bedroom Apartment,5750000.0,2.0,2.0,2.0,,11 Shakas Main Road,
4 Bedroom House,3400000.0,4.0,2.0,30.0,1608.0,,
3 Bedroom Townhouse,2100000.0,3.0,2.0,4.0,2772.0,"3 Ss Firenza Gardens, 16 Firenza Gardens",
3 Bedroom House,1900000.0,3.0,3.0,4.0,1335.0,,
4 Bedroom House,9995000.0,4.0,4.0,2.0,1194.0,93 Tinkerbird,
1 Bedroom Apartment,350000.0,1.0,1.0,,,,
4 Bedroom House,950000.0,4.0,,1.0,,,
3 Bedroom Townhouse,5750000.0,3.0,25.0,2.0,13.0,33 Luxe,
2 Bedroom Townhouse,1195000.0,2.0,2.0,2.0,,"Granada Gardens, 26 Truman Road",
3 Bedroom Apartment,2000000.0,3.0,2.0,2.0,,"B2.2 Cotswold Fenns, 117 Inanda Road",
3 Bedroom House,750000.0,3.0,1.0,3.0,563.0,,
3 Bedroom House,950000.0,3.0,1.0,5.0,248.0,,
4 Bedroom House,1285000.0,4.0,,7.0,,,
1 Bedroom Apartment,750000.0,1.0,1.0,,,,
3 Bedroom House,895000.0,3.0,2.0,2.0,669.0,,
6 Bedroom House,2250000.0,6.0,4.0,4.0,1545.0,,
1 Bedroom Apartment,770000.0,1.0,1.0,1.0,,,
3 Bedroom House,1200000.0,3.0,2.0,9.0,476.0,,
10 Bedroom House,4299000.0,10.0,10.0,7.0,1870.0,,
3 Bedroom Apartment,8000000.0,3.0,2.0,2.0,,,
1 Bedroom Apartment,750000.0,1.0,1.0,,,,
4 Bedroom Apartment,995000.0,4.0,25.0,2.0,,,
2 Bedroom Apartment,720000.0,2.0,1.0,1.0,,,
2 Bedroom House,770000.0,2.0,2.0,2.0,169.0,,
2 Bedroom Apartment,780000.0,2.0,15.0,1.0,,,
2 Bedroom Apartment,1085000.0,2.0,1.0,1.0,,,
4 Bedroom House,2350000.0,4.0,25.0,1.0,1367.0,,
3 Bedroom House,895000.0,3.0,2.0,4.0,881.0,,
2.5 Bedroom Apartment,436800.0,25.0,1.0,,,,
5 Bedroom House,12350000.0,5.0,45.0,2.0,1286.0,8 Jackalberry Lane,
3 Bedroom House,799000.0,3.0,2.0,3.0,313.0,,
3 Bedroom House,820000.0,3.0,1.0,2.0,530.0,,
2 Bedroom Apartment,1495000.0,2.0,2.0,1.0,,"508 The Block, 7 Aurora Drive",
3 Bedroom House,795000.0,3.0,2.0,4.0,303.0,,
3 Bedroom House,2000000.0,3.0,2.0,6.0,991.0,,
3 Bedroom Apartment,980000.0,3.0,2.0,1.0,,,
3 Bedroom House,795000.0,3.0,15.0,1.0,250.0,,
6 Bedroom House,5495000.0,6.0,4.0,10.0,2170.0,,
2 Bedroom Apartment,735000.0,2.0,1.0,1.0,,,
1 Bedroom Apartment,860000.0,1.0,1.0,,,,
4 Bedroom House,5500000.0,4.0,25.0,2.0,,Inthaba Terrace,
5 Bedroom House,950000.0,5.0,3.0,6.0,1379.0,,
4 Bedroom House,2750000.0,4.0,2.0,2.0,6065.0,,
4 Bedroom House,4390000.0,4.0,5.0,1.0,650.0,,
3 Bedroom House,1400000.0,3.0,25.0,8.0,446.0,,
3 Bedroom House,3700000.0,3.0,3.0,4.0,1486.0,,
3 Bedroom House,2990000.0,3.0,2.0,2.0,329.0,,
6 Bedroom House,4200000.0,6.0,5.0,5.0,1003.0,,
5 Bedroom House,980000.0,5.0,2.0,2.0,951.0,,
3 Bedroom Townhouse,1300000.0,3.0,2.0,1.0,,,
3 Bedroom House,1385000.0,3.0,2.0,4.0,1267.0,8 Pioneer Road,
8 Bedroom House,3350000.0,8.0,4.0,3.0,4000.0,,
2 Bedroom Apartment,1450000.0,2.0,1.0,1.0,,,
3 Bedroom House,1400000.0,3.0,25.0,8.0,446.0,,
1 Bedroom Apartment,360000.0,1.0,1.0,1.0,,,
2 Bedroom Apartment,910000.0,2.0,1.0,1.0,,,
4 Bedroom House,8450000.0,4.0,2.0,7.0,1349.0,,
3 Bedroom House,3750000.0,3.0,3.0,2.0,360.0,,
4 Bedroom House,6300000.0,4.0,3.0,5.0,600.0,,
2 Bedroom Apartment,750000.0,2.0,1.0,1.0,,,
3 Bedroom Townhouse,1198000.0,3.0,2.0,4.0,2797.0,,
2.5 Bedroom Apartment,580000.0,25.0,15.0,1.0,,47 Folkstone Street,
2 Bedroom Apartment,1650000.0,2.0,1.0,1.0,,,
2 Bedroom Apartment,1250000.0,2.0,2.0,2.0,,,
4 Bedroom House,1390000.0,4.0,25.0,2.0,942.0,,
2 Bedroom Apartment,1250000.0,2.0,2.0,2.0,,,
1 Bedroom Apartment,750000.0,1.0,1.0,2.0,,,
3 Bedroom Apartment,2475000.0,3.0,2.0,1.0,,,
3 Bedroom House,1950000.0,3.0,2.0,3.0,1170.0,,
2 Bedroom Apartment,780000.0,2.0,1.0,2.0,,,
1 Bedroom Apartment,595000.0,1.0,1.0,1.0,,,
4 Bedroom House,3950000.0,4.0,3.0,3.0,462.0,,
2 Bedroom House,495000.0,2.0,1.0,1.0,,"Inchanga Park Country Village, 19 Kingfisher Drive",
2 Bedroom Apartment,1400000.0,2.0,2.0,1.0,,,
2 Bedroom Townhouse,900000.0,2.0,15.0,1.0,66.0,,
4 Bedroom House,2095000.0,4.0,2.0,3.0,937.0,,
4 Bedroom House,7500000.0,4.0,45.0,2.0,739.0,,
1 Bedroom Apartment,620000.0,1.0,1.0,1.0,,,
4 Bedroom House,2565000.0,4.0,2.0,4.0,2171.0,,
3 Bedroom Townhouse,1575000.0,3.0,2.0,2.0,,,
3 Bedroom Apartment,767000.0,3.0,1.0,,,,
3 Bedroom Townhouse,1890000.0,3.0,2.0,4.0,2901.0,,
3 Bedroom House,898000.0,3.0,15.0,2.0,502.0,,
3 Bedroom Townhouse,1075000.0,3.0,25.0,2.0,,,
2 Bedroom Apartment,1950000.0,2.0,2.0,2.0,,,
3 Bedroom Apartment,1585000.0,3.0,2.0,1.0,,,
4 Bedroom Apartment,2500000.0,4.0,2.0,2.0,,,
4 Bedroom House,13900000.0,4.0,4.0,5.0,,1215 Kingfisher Close,
4 Bedroom House,13900000.0,4.0,4.0,5.0,,1215 Kingfisher Close,
3 Bedroom House,5895000.0,3.0,3.0,2.0,11941.0,,
3 Bedroom Apartment,950000.0,3.0,2.0,1.0,,,
3 Bedroom House,2420000.0,3.0,2.0,2.0,1248.0,,
6 Bedroom House,3299000.0,6.0,4.0,9.0,1993.0,,
1 Bedroom Apartment,785000.0,1.0,1.0,,,,
2 Bedroom Apartment,980000.0,2.0,1.0,1.0,,,
2 Bedroom Townhouse,1275000.0,2.0,2.0,2.0,2023.0,,
1 Bedroom Apartment,1545000.0,1.0,1.0,1.0,,,
2 Bedroom Apartment,640000.0,2.0,1.0,1.0,,,
4 Bedroom House,7380000.0,4.0,4.0,3.0,822.0,11 Pinehurst Corner,
4 Bedroom House,2750000.0,4.0,3.0,1.0,,,
3 Bedroom House,1800000.0,3.0,3.0,2.0,2033.0,8 Perth Road,
5 Bedroom House,8750000.0,5.0,7.0,2.0,2108.0,,
5 Bedroom House,23000000.0,5.0,4.0,3.0,1219.0,73 Tinderwood,
5 Bedroom House,1559000.0,5.0,3.0,4.0,,,
5 Bedroom House,9950000.0,5.0,6.0,2.0,1191.0,Pitching Wedge,
3 Bedroom House,1800000.0,3.0,3.0,2.0,2033.0,8 Perth Road,
4 Bedroom House,1775000.0,4.0,2.0,3.0,1984.0,,
2 Bedroom Apartment,1085000.0,2.0,1.0,1.0,,,
0.5 Bedroom Apartment,385000.0,5.0,1.0,,,,
4 Bedroom Apartment,1499000.0,4.0,2.0,2.0,,15 Marine Drive (colonial Sands),
2 Bedroom Apartment,1150000.0,2.0,1.0,1.0,,,
1 Bedroom Apartment,430000.0,1.0,1.0,,,"15 Cottingham, 131 Bath Road",
3 Bedroom House,800000.0,3.0,2.0,2.0,1193.0,,
5 Bedroom House,5700000.0,5.0,6.0,9.0,1000.0,51 Gail Road,
3 Bedroom Apartment,1850000.0,3.0,2.0,2.0,,"21 Terrace Mews, 1394 Marine Terrace",
3 Bedroom House,4950000.0,3.0,2.0,2.0,,"1 Villa Grande, 105 Wager Avenue",
3 Bedroom House,7500000.0,3.0,3.0,6.0,,,
2 Bedroom Apartment,3250000.0,2.0,2.0,1.0,,"1 The Boulders, 84ab Compensation Beach Road",
Apartment,290000.0,,1.0,,,,
1 Bedroom Apartment,1030975.0,1.0,1.0,1.0,,77 Acacia Crescent,
2 Bedroom Townhouse,2495000.0,2.0,25.0,2.0,,"16 Ss Seaford Park, 5 Weaver Crescent",
2 Bedroom Apartment,2150000.0,2.0,1.0,2.0,,"12 Ss Boulevard Edge, 1 Albizia Drive",
1 Bedroom Apartment,3200000.0,1.0,1.0,1.0,,"1506 Ss Umhlanga Arch, 3 Ncondo Place",
2 Bedroom Apartment,780000.0,2.0,1.0,2.0,,"13 Ss Greenways, 38 Allen Street",
2 Bedroom Townhouse,3175000.0,2.0,2.0,2.0,,"18 Elaleni Gardens, 1 Elaleni Drive",
3 Bedroom House,3250000.0,3.0,2.0,2.0,,Lalela Development House Type A,
2 Bedroom Apartment,2350000.0,2.0,2.0,2.0,,"414 Shoreline, Ocean Square, 46 Heleza Boulevard",
3 Bedroom Apartment,2935000.0,3.0,2.0,,,,
3 Bedroom House,1295000.0,3.0,2.0,2.0,299.0,,
2 Bedroom Apartment,750000.0,2.0,1.0,1.0,,,
5 Bedroom House,12000000.0,5.0,5.0,2.0,1589.0,,
3 Bedroom Apartment,650000.0,3.0,2.0,1.0,,,
3 Bedroom Apartment,1180000.0,3.0,2.0,1.0,,17 Forest Road,
4 Bedroom Townhouse,1450000.0,4.0,2.0,3.0,10274.0,2 Fairview,
2 Bedroom Apartment,2350000.0,2.0,2.0,2.0,,"414 Shoreline, Ocean Square, 46 Heleza Boulevard",
5 Bedroom Apartment,4900000.0,5.0,4.0,2.0,,3 Panorama Parade,
3 Bedroom Apartment,4300000.0,3.0,2.0,1.0,,Santorini 59 Marine Drive,
3 Bedroom Townhouse,5500000.0,3.0,2.0,2.0,13321.0,"23 Ss Luxe Zimbali, 2 Yellowwood Drive, Unit 23 Luxe Zimbali",
3 Bedroom Townhouse,1095000.0,3.0,2.0,2.0,4146.0,"3 Ss Falona, 10 Quantock Avenue",
3 Bedroom House,2800000.0,3.0,3.0,4.0,781067.0,,
3 Bedroom Apartment,1150000.0,3.0,2.0,2.0,,17 Gus Brown Road,
5 Bedroom House,12600000.0,5.0,55.0,7.0,1307.0,,
4 Bedroom House,8800000.0,4.0,4.0,2.0,1010.0,"70 Trojon, 70 Trojon",
3 Bedroom Townhouse,1715000.0,3.0,25.0,2.0,3708.0,,
3 Bedroom Townhouse,1795000.0,3.0,25.0,2.0,,,
2 Bedroom Apartment,3080000.0,2.0,2.0,2.0,,"307 Ss Pebble Beach, 2 Heleza Boulevard",
1 Bedroom Apartment,616680.0,1.0,1.0,1.0,,"7 Ss Beau Casa, 50 10th Avenue",
3 Bedroom Apartment,4999999.0,3.0,3.0,2.0,,,
2 Bedroom Apartment,695000.0,2.0,2.0,1.0,,25 Percy Osborn Road,
3 Bedroom House,2150000.0,3.0,2.0,3.0,1850.0,,
5 Bedroom House,12600000.0,5.0,55.0,7.0,1307.0,,
2 Bedroom Apartment,1550000.0,2.0,2.0,2.0,,117 Inanda Road,
2 Bedroom Apartment,860000.0,2.0,1.0,1.0,,,
3 Bedroom Apartment,1180000.0,3.0,2.0,1.0,,,
2 Bedroom House,1500000.0,2.0,1.0,2.0,3776.0,26 Of 208 Scotston Road,
4 Bedroom House,3400000.0,4.0,45.0,4.0,3671.0,,
3 Bedroom Townhouse,2700000.0,3.0,25.0,2.0,,32 Chartwell,
2 Bedroom Townhouse,770000.0,2.0,2.0,1.0,3098.0,"5 Ss Chanteclair, 51 Williamson Street",
0.5 Bedroom Apartment,999999.0,5.0,1.0,1.0,,"1 The Millennial, 5 Park Lane, Umhlanga Rocks, KwaZulu-Natal",
2 Bedroom House,2300000.0,2.0,15.0,1.0,,,
2 Bedroom Apartment,3700000.0,2.0,2.0,1.0,,,
4 Bedroom House,1600000.0,4.0,2.0,8.0,740.0,,
4 Bedroom House,950000.0,4.0,2.0,3.0,444.0,,
6 Bedroom House,4600000.0,6.0,6.0,8.0,929.0,,
0.5 Bedroom Apartment,1250000.0,5.0,1.0,1.0,,,
5 Bedroom House,1500000.0,5.0,4.0,17.0,10120.0,,
2 Bedroom House,1900000.0,2.0,2.0,4.0,1200.0,,
8 Bedroom House,1490000.0,8.0,2.0,3.0,929.0,,
3 Bedroom Apartment,3500000.0,3.0,2.0,1.0,,,
3 Bedroom Townhouse,4195000.0,3.0,25.0,3.0,,,
2 Bedroom Apartment,1600000.0,2.0,1.0,1.0,,,
3 Bedroom Apartment,3500000.0,3.0,2.0,1.0,,,
4 Bedroom House,4900000.0,4.0,35.0,3.0,900.0,,
4 Bedroom House,1270000.0,4.0,2.0,2.0,1652.0,,
5 Bedroom House,3850000.0,5.0,3.0,4.0,1982.0,,
6 Bedroom House,2850000.0,6.0,4.0,3.0,1903.0,,
8 Bedroom House,2750000.0,8.0,3.0,7.0,524.0,,
4 Bedroom House,895000.0,4.0,3.0,3.0,913.0,,
2 Bedroom Apartment,1050000.0,2.0,15.0,1.0,,,
2 Bedroom Apartment,865000.0,2.0,1.0,1.0,,,
4 Bedroom Apartment,,4.0,35.0,1.0,,,
3 Bedroom House,2600000.0,3.0,3.0,4.0,1560.0,,
2 Bedroom Apartment,7000000.0,2.0,2.0,2.0,,,
2 Bedroom Apartment,3200000.0,2.0,2.0,2.0,,,
4 Bedroom House,1789000.0,4.0,3.0,1.0,1067.0,,
4 Bedroom Townhouse,2795000.0,4.0,32.0,2.0,,,
3 Bedroom Apartment,890000.0,3.0,2.0,2.0,,,
2 Bedroom Apartment,3950000.0,2.0,2.0,2.0,,,
2 Bedroom Apartment,1650000.0,2.0,1.0,1.0,,,
1 Bedroom Apartment,639000.0,1.0,1.0,,,,
1 Bedroom Apartment,639000.0,1.0,1.0,,,,
2 Bedroom Apartment,850000.0,2.0,1.0,2.0,,,
2 Bedroom Townhouse,900000.0,2.0,2.0,1.0,,,
2 Bedroom Townhouse,2525000.0,2.0,2.0,2.0,,,
2 Bedroom Apartment,695000.0,2.0,15.0,,,,
1 Bedroom Apartment,850000.0,1.0,1.0,1.0,,,
3 Bedroom House,,3.0,2.0,2.0,1022.0,"3 Bedroom Home, Stoppel Place, Glenmore",
1 Bedroom Apartment,595000.0,1.0,1.0,1.0,,,
4 Bedroom House,1195000.0,4.0,2.0,,376.0,,
3 Bedroom Townhouse,1370000.0,3.0,2.0,2.0,,,
2 Bedroom House,950000.0,2.0,1.0,4.0,,,
2 Bedroom Apartment,950000.0,2.0,1.0,2.0,,,
2 Bedroom Apartment,2100000.0,2.0,2.0,2.0,,,
2 Bedroom Apartment,950000.0,2.0,1.0,2.0,,,
1 Bedroom Apartment,600000.0,1.0,1.0,1.0,,4 Hall Road,
1 Bedroom Apartment,2900000.0,1.0,1.0,1.0,,,
2 Bedroom Apartment,1495000.0,2.0,1.0,1.0,,,
2 Bedroom Apartment,650000.0,2.0,1.0,1.0,,,
3 Bedroom House,6450000.0,3.0,3.0,4.0,,,
2 Bedroom Apartment,2549000.0,2.0,2.0,2.0,,,
2 Bedroom Apartment,1975000.0,2.0,2.0,1.0,,,
4 Bedroom House,1495000.0,4.0,2.0,4.0,2471.0,,
1.5 Bedroom Apartment,850000.0,15.0,1.0,1.0,,,
4 Bedroom Townhouse,12000000.0,4.0,4.0,4.0,6680.0,2 Izinga Park,
2 Bedroom Apartment,2540000.0,2.0,2.0,2.0,,,
3 Bedroom Townhouse,1250000.0,3.0,2.0,3.0,66679.0,,
1 Bedroom Apartment,1850000.0,1.0,1.0,1.0,,,
4 Bedroom House,8500000.0,4.0,2.0,9.0,8863.0,,
8 Bedroom House,10800000.0,8.0,7.0,2.0,1619.0,,
3 Bedroom Townhouse,2850000.0,3.0,2.0,1.0,,,
4 Bedroom House,11500000.0,4.0,4.0,2.0,1435.0,,
1.5 Bedroom Apartment,655200.0,15.0,1.0,,,,
2 Bedroom Apartment,1732250.0,2.0,2.0,1.0,,,
3 Bedroom House,1400000.0,3.0,2.0,5.0,466.0,,
3 Bedroom House,1695000.0,3.0,35.0,7.0,959.0,,
2 Bedroom Apartment,425000.0,2.0,1.0,,,"Flat 57 Dube House, 161 Jabu Ndlovu",
3 Bedroom Apartment,4350000.0,3.0,3.0,4.0,,,
3 Bedroom Townhouse,830000.0,3.0,2.0,,9680.0,,
3 Bedroom House,1300000.0,3.0,15.0,1.0,1381.0,,
3 Bedroom Apartment,4350000.0,3.0,3.0,4.0,,,
5 Bedroom House,2795000.0,5.0,4.0,3.0,4051.0,,
5 Bedroom House,10750000.0,5.0,3.0,3.0,879.0,,
15 Bedroom Apartment,4980000.0,15.0,11.0,10.0,2591.0,,
3 Bedroom Townhouse,1490000.0,3.0,2.0,2.0,4623.0,,
3 Bedroom Apartment,7900000.0,3.0,3.0,2.0,,,
2 Bedroom Apartment,1895000.0,2.0,2.0,1.0,,,
3 Bedroom Townhouse,1200000.0,3.0,25.0,1.0,,,
1 Bedroom Apartment,850000.0,1.0,1.0,1.0,,,
2 Bedroom Apartment,2250000.0,2.0,2.0,,,,
3 Bedroom House,3150000.0,3.0,2.0,4.0,,,
4 Bedroom House,1099000.0,4.0,2.0,4.0,410.0,,
3 Bedroom House,1350000.0,3.0,1.0,3.0,1077.0,,
3 Bedroom House,3500000.0,3.0,25.0,4.0,,,
3 Bedroom House,170000.0,3.0,2.0,2.0,,Share Block 2 Fernwood Estate Bergville,
4 Bedroom House,1500000.0,4.0,2.0,4.0,425.0,,
2 Bedroom Apartment,1690000.0,2.0,2.0,2.0,,,
1 Bedroom Apartment,675000.0,1.0,1.0,1.0,,,
2 Bedroom Apartment,750000.0,2.0,1.0,1.0,,,
5 Bedroom House,1590000.0,5.0,2.0,2.0,,,
4 Bedroom House,1499000.0,4.0,1.0,6.0,344.0,,
3 Bedroom Townhouse,1500000.0,3.0,2.0,2.0,9857.0,,
3 Bedroom Apartment,1365000.0,3.0,2.0,2.0,,,
2 Bedroom Apartment,640000.0,2.0,2.0,2.0,,,
5 Bedroom House,1690000.0,5.0,3.0,2.0,1533.0,,
5 Bedroom House,14900000.0,5.0,5.0,5.0,1270.0,,
3 Bedroom House,1495000.0,3.0,3.0,4.0,1012.0,,
4 Bedroom House,1395000.0,4.0,2.0,12.0,1618.0,,
3 Bedroom House,985000.0,3.0,1.0,8.0,240.0,,
2 Bedroom Apartment,2495000.0,2.0,2.0,2.0,,"36 Lighthouse Mall, 14 Chartwell Drive",
4 Bedroom House,1700000.0,4.0,25.0,4.0,4057.0,,
3 Bedroom Townhouse,1500000.0,3.0,2.0,2.0,9857.0,,
3 Bedroom Apartment,1650000.0,3.0,2.0,2.0,,1262 Old Main Road,
2 Bedroom Townhouse,825000.0,2.0,1.0,1.0,2599.0,,
2 Bedroom Townhouse,3300000.0,2.0,25.0,2.0,,,
2 Bedroom Apartment,770000.0,2.0,1.0,1.0,,,
3 Bedroom Apartment,2527125.0,3.0,1.0,1.0,,,
3 Bedroom Apartment,2516775.0,3.0,2.0,2.0,,,
4 Bedroom House,11500000.0,4.0,45.0,4.0,1193.0,,
4 Bedroom House,6350000.0,4.0,3.0,8.0,900.0,"Palm Lakes Estate, 23 Lake Alice Avenue",
3 Bedroom House,895000.0,3.0,15.0,4.0,450.0,,
3 Bedroom Apartment,3395000.0,3.0,2.0,2.0,,,
3 Bedroom Townhouse,1150000.0,3.0,1.0,4.0,,"12 Sunny Hills, 4 Dunsby Avenue",
3 Bedroom Townhouse,3995000.0,3.0,25.0,4.0,22402.0,,
3 Bedroom Townhouse,6950000.0,3.0,3.0,2.0,1417.0,,
3 Bedroom Townhouse,950000.0,3.0,1.0,2.0,,,
2 Bedroom Apartment,1195000.0,2.0,1.0,2.0,,,
3 Bedroom Apartment,1595000.0,3.0,2.0,2.0,,,
2 Bedroom House,1275000.0,2.0,1.0,1.0,,,
2 Bedroom Apartment,895000.0,2.0,1.0,1.0,,"6 Lawson Mansions, 136 Alan Paton Road",
3 Bedroom Townhouse,2225250.0,3.0,2.0,2.0,,,
2 Bedroom Townhouse,2151443.0,2.0,1.0,2.0,,,
2 Bedroom Townhouse,1870820.0,2.0,1.0,2.0,,,
3 Bedroom Apartment,1595000.0,3.0,2.0,2.0,,,
4 Bedroom House,2795000.0,4.0,25.0,2.0,2418.0,,
2 Bedroom House,1390000.0,2.0,1.0,1.0,250.0,,
2 Bedroom Apartment,5300000.0,2.0,2.0,1.0,,,
3 Bedroom Apartment,845000.0,3.0,2.0,1.0,,,
2 Bedroom Apartment,1095000.0,2.0,2.0,1.0,,,
2 Bedroom Apartment,795000.0,2.0,15.0,2.0,,,
5 Bedroom House,4500000.0,5.0,5.0,2.0,21053.0,,
4 Bedroom Apartment,8995000.0,4.0,3.0,7.0,,,
3 Bedroom Townhouse,1800000.0,3.0,2.0,1.0,,,
3 Bedroom House,1599000.0,3.0,2.0,2.0,515.0,,
4 Bedroom House,3750000.0,4.0,3.0,4.0,991.0,,
2 Bedroom Apartment,1095000.0,2.0,2.0,1.0,,,
3 Bedroom Apartment,1250000.0,3.0,2.0,2.0,,,
3 Bedroom House,6650000.0,3.0,35.0,4.0,1075.0,,
3 Bedroom Apartment,3850000.0,3.0,2.0,1.0,,,
3 Bedroom House,1300000.0,3.0,2.0,2.0,1000.0,,
1 Bedroom Apartment,575000.0,1.0,1.0,,,,
5 Bedroom House,2399000.0,5.0,4.0,7.0,4047.0,2a Widenham Drive,
4 Bedroom House,1395000.0,4.0,3.0,8.0,495.0,,
1 Bedroom Apartment,870000.0,1.0,1.0,1.0,,,
3 Bedroom Townhouse,3250000.0,3.0,2.0,3.0,,"4 Berry Grove, 205 Umhlanga Rocks Drive",
4 Bedroom Apartment,1750000.0,4.0,2.0,2.0,,,
3 Bedroom Townhouse,950000.0,3.0,2.0,1.0,64097.0,,
3 Bedroom Townhouse,3250000.0,3.0,2.0,3.0,,,
4 Bedroom Apartment,2995000.0,4.0,4.0,2.0,,,
4 Bedroom Apartment,6949000.0,4.0,4.0,4.0,,,
3 Bedroom Apartment,1100000.0,3.0,2.0,1.0,,,
4 Bedroom Townhouse,6050000.0,4.0,45.0,5.0,27643.0,,
3 Bedroom Townhouse,650000.0,3.0,2.0,1.0,14334.0,,
3 Bedroom Apartment,3300000.0,3.0,2.0,1.0,,,
4 Bedroom Apartment,4500000.0,4.0,35.0,2.0,,,
3 Bedroom Apartment,940000.0,3.0,1.0,1.0,,,
8 Bedroom House,870000.0,8.0,4.0,,488.0,,
3 Bedroom Apartment,850000.0,3.0,15.0,2.0,,,
2 Bedroom Apartment,3000000.0,2.0,2.0,2.0,,,
2 Bedroom Apartment,4900000.0,2.0,2.0,2.0,,102 2b Lighthouse Road,
2 Bedroom House,720000.0,2.0,1.0,3.0,408.0,,
3 Bedroom House,1350000.0,3.0,1.0,4.0,242.0,,
1 Bedroom Apartment,799000.0,1.0,1.0,3.0,,,
8 Bedroom House,870000.0,8.0,4.0,,488.0,,
2 Bedroom Apartment,1300000.0,2.0,2.0,3.0,,,
3 Bedroom Apartment,790000.0,3.0,1.0,,,,
2 Bedroom Apartment,1270000.0,2.0,1.0,1.0,,,
5 Bedroom House,1995000.0,5.0,35.0,3.0,653.0,,
3 Bedroom House,1000000.0,3.0,2.0,2.0,786.0,,
4 Bedroom House,1980000.0,4.0,2.0,2.0,1012.0,,
4 Bedroom House,2600000.0,4.0,2.0,,,17 Peatties Lakeside Resort,
3 Bedroom House,1400000.0,3.0,2.0,,1160.0,,
3 Bedroom Townhouse,1590000.0,3.0,2.0,6.0,,,
2 Bedroom House,400000.0,2.0,1.0,3.0,,,
2 Bedroom Apartment,3700000.0,2.0,2.0,1.0,,,
3 Bedroom Apartment,2655000.0,3.0,3.0,6.0,,,
5 Bedroom House,5195000.0,5.0,4.0,4.0,757.0,,
3 Bedroom Apartment,3800000.0,3.0,2.0,1.0,,,
4 Bedroom House,8109551.0,4.0,5.0,2.0,,,
3 Bedroom Apartment,6450000.0,3.0,3.0,,,,
1 Bedroom Apartment,585000.0,1.0,1.0,,,,
11 Bedroom House,5500000.0,11.0,11.0,15.0,1285.0,,
3 Bedroom Townhouse,1350000.0,3.0,2.0,3.0,,,
4 Bedroom Townhouse,6450000.0,4.0,4.0,4.0,,,
3 Bedroom Apartment,3800000.0,3.0,2.0,1.0,,,
3 Bedroom Apartment,3195000.0,3.0,2.0,1.0,,,
3 Bedroom House,4350000.0,3.0,3.0,4.0,561.0,,
2 Bedroom Apartment,1950000.0,2.0,2.0,2.0,,,
3 Bedroom Townhouse,1380000.0,3.0,2.0,2.0,4878.0,,
2 Bedroom Apartment,649000.0,2.0,15.0,,,,
6 Bedroom House,1400000.0,6.0,4.0,,758.0,,
5 Bedroom House,1950000.0,5.0,25.0,7.0,697.0,,
2 Bedroom Townhouse,860000.0,2.0,2.0,2.0,158.0,28 Tucker Avenue,
4 Bedroom House,5695000.0,4.0,3.0,6.0,8118.0,14 Ocean View Drive,
2 Bedroom Townhouse,1150000.0,2.0,1.0,2.0,,"Oakleigh Manors, 90 Oakleigh Drive",
1 Bedroom Apartment,820000.0,1.0,1.0,1.0,,,
3 Bedroom House,1950000.0,3.0,2.0,2.0,1010.0,,
2.5 Bedroom Apartment,2650000.0,25.0,2.0,1.0,,,
4 Bedroom House,13950000.0,4.0,45.0,4.0,1082.0,10 Club Drive,
2 Bedroom Apartment,1375000.0,2.0,2.0,2.0,,1 Les Barnes Boulevard,
4 Bedroom House,9000000.0,4.0,5.0,4.0,467.0,,
1 Bedroom Apartment,450000.0,1.0,1.0,1.0,,,
2 Bedroom Apartment,1699000.0,2.0,2.0,2.0,,20 Newlands Drive,
4 Bedroom House,5695000.0,4.0,3.0,6.0,8118.0,14 Ocean View Drive,
3 Bedroom Apartment,950000.0,3.0,2.0,,,33 Bishopsgate Road,
3 Bedroom Apartment,4200000.0,3.0,2.0,2.0,,57 North Beach Road,
2 Bedroom Apartment,850000.0,2.0,1.0,1.0,,9 Marine Drive,
3 Bedroom Townhouse,6875000.0,3.0,3.0,4.0,6675.0,,
2 Bedroom Apartment,1195000.0,2.0,1.0,2.0,,,
4 Bedroom House,1750000.0,4.0,2.0,1.0,1105.0,,
4 Bedroom Apartment,1586000.0,4.0,2.0,2.0,,,
2 Bedroom Apartment,899000.0,2.0,2.0,2.0,,,
1 Bedroom Apartment,649000.0,1.0,1.0,1.0,,,
2 Bedroom Apartment,1999999.0,2.0,2.0,2.0,,,
4 Bedroom Apartment,3350000.0,4.0,35.0,4.0,,77 Marine Drive,
2 Bedroom Townhouse,1099000.0,2.0,2.0,1.0,,"Mountain View Estate, 1b Dennis Shepstone Drive",
2 Bedroom Townhouse,1099000.0,2.0,2.0,1.0,,"Mountain View Estate, 1b Dennis Shepstone Drive",
3 Bedroom House,1284000.0,3.0,2.0,7.0,1909.0,,
3 Bedroom Apartment,2100000.0,3.0,2.0,2.0,,,
3 Bedroom Apartment,4700000.0,3.0,25.0,4.0,,,
2 Bedroom Apartment,485000.0,2.0,1.0,,,,
4 Bedroom Apartment,3350000.0,4.0,35.0,4.0,,77 Marine Drive,
3 Bedroom House,1330000.0,3.0,2.0,2.0,1200.0,,
2 Bedroom House,949000.0,2.0,15.0,4.0,839.0,,
2 Bedroom Apartment,1650000.0,2.0,1.0,1.0,,,
3 Bedroom House,3145000.0,3.0,3.0,2.0,116.0,"Number 24 Aura, Zululami",
1.5 Bedroom Apartment,625000.0,15.0,1.0,1.0,,"204 Suttonmere, 2 Sutton Crescent",
3 Bedroom Apartment,1950000.0,3.0,3.0,2.0,,32 Collison Street,
3 Bedroom House,1300000.0,3.0,2.0,1.0,1260.0,,
3 Bedroom House,1350000.0,3.0,3.0,,1470.0,,
1 Bedroom Apartment,700000.0,1.0,1.0,1.0,,"12 Ss Suva, 70 6th Avenue",
2 Bedroom Apartment,1995000.0,2.0,2.0,1.0,,23 Weaver Crescent,
5 Bedroom House,1200000.0,5.0,35.0,12.0,4096.0,16 Inchanga Drive,
2 Bedroom Apartment,830000.0,2.0,15.0,1.0,,4 Ross Street,
2 Bedroom Apartment,1850000.0,2.0,1.0,1.0,,502 La Ballito,
1 Bedroom Apartment,950000.0,1.0,1.0,1.0,,,
3 Bedroom Apartment,2550000.0,3.0,2.0,2.0,,"14 Ss, 35 Bellamont Road",
3 Bedroom House,4500000.0,3.0,2.0,2.0,324.0,,
2 Bedroom Apartment,1200000.0,2.0,2.0,,,,
7 Bedroom House,9300000.0,7.0,6.0,4.0,1461.0,42 Glen Drive,
2 Bedroom House,670000.0,2.0,1.0,,383.0,,
2 Bedroom Apartment,1990000.0,2.0,1.0,3.0,,,
3 Bedroom Townhouse,2245000.0,3.0,2.0,2.0,5437.0,"1 Cascade Gardens, 438 Andrew Zondo Road",
2 Bedroom Apartment,2250000.0,2.0,2.0,2.0,,2 Heleza Blvd,
2 Bedroom Apartment,1850000.0,2.0,1.0,1.0,,502 La Ballito,
5 Bedroom House,22500000.0,5.0,6.0,4.0,1214.0,51b Yellowwood Drive,
3 Bedroom House,3025000.0,3.0,2.0,8.0,2239.0,,
3 Bedroom House,700000.0,3.0,2.0,,,,
3 Bedroom Apartment,980000.0,3.0,2.0,1.0,,23 Crown Road,
3 Bedroom Apartment,795000.0,3.0,2.0,3.0,,93 Chiltern Drive,
3 Bedroom Apartment,1500000.0,3.0,1.0,2.0,,,
2 Bedroom House,697950.0,2.0,1.0,1.0,260.0,,
7 Bedroom House,5998000.0,7.0,6.0,13.0,2323.0,3 Dageraad,
5 Bedroom House,1350000.0,5.0,2.0,5.0,888.0,,
2 Bedroom Apartment,770000.0,2.0,2.0,1.0,,,
2 Bedroom Apartment,875000.0,2.0,1.0,1.0,,,
7 Bedroom House,5998000.0,7.0,6.0,13.0,2323.0,3 Dageraad,
2 Bedroom Apartment,840000.0,2.0,1.0,1.0,,,
3 Bedroom House,890000.0,3.0,2.0,3.0,571.0,,
3 Bedroom Townhouse,3950000.0,3.0,25.0,3.0,,,
6 Bedroom House,2500000.0,6.0,5.0,8.0,,,
4 Bedroom House,2700000.0,4.0,3.0,3.0,1025.0,,
5 Bedroom House,2995000.0,5.0,3.0,6.0,4164.0,,
4 Bedroom House,1580000.0,4.0,2.0,3.0,1227.0,,
2 Bedroom Apartment,375000.0,2.0,1.0,,,"89 Goodhope Centre, 92 Denis Hurley Street",
3 Bedroom Townhouse,2650000.0,3.0,2.0,2.0,5244.0,,
2 Bedroom Apartment,780000.0,2.0,1.0,1.0,,,
3 Bedroom House,600000.0,3.0,1.0,,233.0,,
9 Bedroom House,2400000.0,9.0,6.0,8.0,1943.0,,
4 Bedroom House,4650000.0,4.0,3.0,4.0,443.0,"Brooklyn Estate, 38 Brooklyn Estate Street",
4 Bedroom House,3450000.0,4.0,4.0,6.0,1279.0,,
3 Bedroom House,1160000.0,3.0,2.0,3.0,757.0,,
3 Bedroom Townhouse,1950000.0,3.0,2.0,1.0,,"R61 Main Road, Lower South Coast, Kzn",
6 Bedroom House,2500000.0,6.0,4.0,2.0,2349.0,,
2 Bedroom Apartment,980000.0,2.0,2.0,2.0,66.0,192 Esther Roberts Road,
2 Bedroom Apartment,1995000.0,2.0,2.0,2.0,,"708 Ss 708 Ridgetown Central, 5 Summit Row",
2 Bedroom Apartment,770000.0,2.0,1.0,,,,
3 Bedroom Apartment,1440000.0,3.0,2.0,2.0,,,
3 Bedroom House,1170000.0,3.0,2.0,6.0,278.0,,
5 Bedroom House,4395000.0,5.0,4.0,6.0,1012.0,13 Norrie Ave,
1 Bedroom Apartment,450000.0,1.0,1.0,,,18 Noble Road,
3 Bedroom Apartment,1944000.0,3.0,2.0,2.0,,,
2 Bedroom Apartment,2980000.0,2.0,25.0,1.0,96.0,,
3 Bedroom House,795000.0,3.0,2.0,4.0,306.0,,
3 Bedroom House,950000.0,3.0,1.0,3.0,325.0,,
1 Bedroom Apartment,995000.0,1.0,1.0,1.0,,,
3 Bedroom Apartment,1275000.0,3.0,2.0,2.0,,"63 Ss Village Park, 14 High Cresent, Unit 63 Village Park",
3 Bedroom Townhouse,6200000.0,3.0,2.0,3.0,,"1 Zululami, 1 Sheffield Street",
2.5 Bedroom Apartment,850000.0,25.0,15.0,1.0,,"3 Josmar Court, 33 Brand Avenue",
2 Bedroom Apartment,980000.0,2.0,2.0,2.0,66.0,192 Esther Roberts Road,
2 Bedroom Apartment,650000.0,2.0,1.0,1.0,,,
3 Bedroom Townhouse,2200000.0,3.0,3.0,3.0,,"15 Glen Eden, 520 Town Bush",
3 Bedroom Townhouse,1380000.0,3.0,2.0,6.0,,,
1 Bedroom Apartment,800000.0,1.0,1.0,,,,
2 Bedroom Apartment,3708352.0,2.0,2.0,2.0,,,
3 Bedroom Apartment,2690000.0,3.0,25.0,1.0,,,
2 Bedroom House,990000.0,2.0,2.0,2.0,525.0,,
1 Bedroom Apartment,995000.0,1.0,1.0,,,20 Erskine Terrace,
4 Bedroom Apartment,1750000.0,4.0,2.0,2.0,,,
3 Bedroom Townhouse,1275000.0,3.0,3.0,2.0,,,
2 Bedroom Apartment,769000.0,2.0,1.0,1.0,,,
2 Bedroom Apartment,2395000.0,2.0,2.0,1.0,,,
3 Bedroom House,1100000.0,3.0,2.0,1.0,1886.0,,
4 Bedroom House,2399999.0,4.0,3.0,,1260.0,,
4 Bedroom Apartment,5950000.0,4.0,2.0,1.0,,,
2 Bedroom Apartment,2900000.0,2.0,2.0,2.0,,,
2 Bedroom Apartment,2150000.0,2.0,1.0,1.0,,,
1 Bedroom Apartment,1550000.0,1.0,1.0,1.0,,,
2 Bedroom Townhouse,795000.0,2.0,1.0,2.0,89896.0,,
2 Bedroom Apartment,770000.0,2.0,1.0,1.0,,80 Cromwell Road,
4 Bedroom House,,4.0,2.0,3.0,3006.0,,
5 Bedroom House,4450000.0,5.0,45.0,5.0,676.0,,
3 Bedroom Townhouse,1000000.0,3.0,2.0,3.0,,,
2 Bedroom Apartment,3800000.0,2.0,2.0,2.0,,,
3 Bedroom House,1100000.0,3.0,2.0,1.0,1886.0,,
4 Bedroom House,1650000.0,4.0,3.0,2.0,1261.0,,
5 Bedroom House,2150000.0,5.0,4.0,2.0,,,
2 Bedroom House,3400000.0,2.0,2.0,2.0,,,
3 Bedroom House,930000.0,3.0,1.0,4.0,468.0,,
1 Bedroom Apartment,350000.0,1.0,1.0,,,,
3 Bedroom House,2180000.0,3.0,25.0,2.0,809.0,,
1 Bedroom Apartment,570000.0,1.0,1.0,2.0,,,
1 Bedroom Apartment,570000.0,1.0,1.0,2.0,,,
1 Bedroom Townhouse,1000000.0,1.0,1.0,,,,
3 Bedroom House,630000.0,3.0,1.0,3.0,611.0,,
4 Bedroom House,1495000.0,4.0,3.0,7.0,1012.0,,
2 Bedroom Apartment,3500000.0,2.0,2.0,1.0,,,
3 Bedroom House,6550000.0,3.0,2.0,3.0,700.0,,
1.5 Bedroom Apartment,670000.0,15.0,1.0,1.0,,,
3 Bedroom Townhouse,1645000.0,3.0,1.0,2.0,,,
4 Bedroom House,1295000.0,4.0,1.0,1.0,395.0,,
4 Bedroom House,1194000.0,4.0,2.0,2.0,203.0,,
3 Bedroom House,800000.0,3.0,2.0,4.0,208.0,,
4 Bedroom House,2170000.0,4.0,35.0,3.0,,,
3 Bedroom House,520000.0,3.0,1.0,,234.0,,
3 Bedroom House,650000.0,3.0,1.0,3.0,162.0,,
Apartment,330000.0,,1.0,,,,
4 Bedroom House,,4.0,35.0,7.0,1463.0,,
2 Bedroom Apartment,660000.0,2.0,1.0,1.0,80.0,,
3 Bedroom House,799999.0,3.0,1.0,3.0,,,
3 Bedroom House,2995000.0,3.0,25.0,2.0,,,
2 Bedroom House,890000.0,2.0,1.0,2.0,276.0,,
3 Bedroom House,680000.0,3.0,1.0,1.0,234.0,,
3 Bedroom House,790000.0,3.0,1.0,6.0,254.0,,
2 Bedroom Apartment,1120000.0,2.0,2.0,2.0,,,
3 Bedroom House,4900000.0,3.0,2.0,4.0,,,
3 Bedroom House,860000.0,3.0,1.0,2.0,263.0,,
1.5 Bedroom Apartment,1050000.0,15.0,15.0,,,,
3 Bedroom House,1980000.0,3.0,2.0,2.0,2000.0,,
Apartment,440000.0,,1.0,,,,
4 Bedroom House,2200000.0,4.0,2.0,,2046.0,,
2 Bedroom Apartment,625000.0,2.0,15.0,1.0,,,
2 Bedroom Apartment,610000.0,2.0,1.0,1.0,,,
3 Bedroom House,4900000.0,3.0,2.0,4.0,,,
2 Bedroom House,1650000.0,2.0,1.0,10.0,1012.0,,
3 Bedroom House,2095000.0,3.0,2.0,9.0,,,
4 Bedroom House,1045000.0,4.0,15.0,2.0,309.0,,
1 Bedroom House,2545000.0,1.0,1.0,2.0,113172.0,,
3 Bedroom Townhouse,1450000.0,3.0,2.0,1.0,4031.0,"72 Ss La Vista, 109 Dek Street",
3 Bedroom Apartment,2399000.0,3.0,2.0,1.0,,"C14 Ss, 39 Bellamont Road",
2 Bedroom House,1280000.0,2.0,1.0,2.0,1119.0,,
2 Bedroom Townhouse,1250000.0,2.0,15.0,2.0,1131.0,59 Bridgeview Road,
2 Bedroom Apartment,1850000.0,2.0,2.0,2.0,,"9 Sonning, 355 Innes Road",
3 Bedroom House,2500000.0,3.0,2.0,4.0,344.0,,
4 Bedroom House,2100000.0,4.0,2.0,8.0,1452.0,,
4 Bedroom House,1570000.0,4.0,1.0,6.0,1474.0,25 Eaton Road,
4 Bedroom House,2100000.0,4.0,2.0,8.0,1452.0,,
2 Bedroom Apartment,2350000.0,2.0,2.0,2.0,,,
2 Bedroom House,2805000.0,2.0,2.0,2.0,332.0,46 Sheffield Road,
4 Bedroom Townhouse,5250000.0,4.0,4.0,5.0,,"8 Ss Le Verseau, 41 Jan Hofmeyr Road",
2 Bedroom Apartment,1200000.0,2.0,15.0,1.0,,"3 Protea Lodge, 290 Problem Mkhize Road",
4 Bedroom House,3290000.0,4.0,35.0,4.0,1585.0,,
2 Bedroom Townhouse,2652000.0,2.0,1.0,1.0,,"148 Hillcrest Country Retirement Estate, 2 Country Lane",
4 Bedroom Townhouse,2795000.0,4.0,3.0,4.0,,79 Anthony Road,
3 Bedroom Apartment,870000.0,3.0,2.0,,,,
3 Bedroom Apartment,730000.0,3.0,1.0,1.0,,1 Aquamarine Drive,
2 Bedroom Apartment,670000.0,2.0,1.0,2.0,,,
3 Bedroom House,1595000.0,3.0,2.0,2.0,,,
3 Bedroom House,1200000.0,3.0,15.0,2.0,242.0,,
3 Bedroom Apartment,2300000.0,3.0,2.0,2.0,,"1249 Ss Ballito Hills, 1 Hills Avenue, Unit 1249, Block 166, Ballito Hills",
2 Bedroom Apartment,969000.0,2.0,1.0,1.0,,,
3 Bedroom House,595000.0,3.0,1.0,1.0,,,
1 Bedroom Apartment,410000.0,1.0,1.0,,,"8 Ss Moncrieff, 104 King Dinuzulu Road South",
2 Bedroom Apartment,850000.0,2.0,1.0,1.0,,,
2 Bedroom House,370000.0,2.0,1.0,2.0,317.0,,
2 Bedroom Apartment,3400000.0,2.0,2.0,2.0,2963.0,164 South Beach Road,
3 Bedroom Apartment,1620000.0,3.0,2.0,2.0,,,
2 Bedroom Apartment,1200000.0,2.0,1.0,3.0,,,
3 Bedroom Apartment,3950000.0,3.0,2.0,2.0,,,
3 Bedroom House,1200000.0,3.0,15.0,2.0,242.0,,
2 Bedroom Apartment,1250000.0,2.0,25.0,2.0,,,
2 Bedroom Apartment,698000.0,2.0,2.0,1.0,,,
2 Bedroom Apartment,1200000.0,2.0,1.0,1.0,,,
1 Bedroom Apartment,1275000.0,1.0,1.0,1.0,,,
2 Bedroom Apartment,1350000.0,2.0,2.0,2.0,,,
2 Bedroom Apartment,1980000.0,2.0,1.0,2.0,,"10 Ss Zimbali Boulevard Suites, 1 Boulevard Drive, Unit 110 Boulevard Suites",
2 Bedroom House,600000.0,2.0,1.0,,1602.0,,
3 Bedroom House,3850000.0,3.0,25.0,4.0,2433.0,"3 Ss San Milano, 2 San Milano , Seaward Estate",
1 Bedroom Apartment,900000.0,1.0,1.0,1.0,,"624 Ballito Groves, 1 Lee Barnes Boulevard",
1 Bedroom Apartment,695000.0,1.0,1.0,,,,
3 Bedroom House,920000.0,3.0,1.0,5.0,360.0,,
2 Bedroom Apartment,1999000.0,2.0,2.0,1.0,75.0,,
4 Bedroom Townhouse,,4.0,3.0,2.0,,,
3 Bedroom House,1300000.0,3.0,2.0,1.0,1252.0,,
3 Bedroom Apartment,1100000.0,3.0,2.0,3.0,,,
3 Bedroom House,1295000.0,3.0,2.0,4.0,747.0,,
1 Bedroom Apartment,2250000.0,1.0,1.0,1.0,,"C3 Ocean Club, 1 Ocean Club Drive",
3 Bedroom Apartment,895000.0,3.0,1.0,1.0,,,
4 Bedroom House,995000.0,4.0,2.0,7.0,371.0,,
3 Bedroom House,550000.0,3.0,1.0,6.0,315.0,,
House,110000.0,,,,660.0,,
3 Bedroom Apartment,3990000.0,3.0,2.0,2.0,,2 Ocean Way,
3 Bedroom Apartment,2400000.0,3.0,3.0,4.0,,,
2 Bedroom House,2150000.0,2.0,1.0,1.0,200.0,"97 San Lameer Lower South Coast Kwa-Zulu Natal N2s R61,",
3 Bedroom House,1200000.0,3.0,1.0,1.0,590.0,,
3 Bedroom Apartment,780000.0,3.0,2.0,2.0,,,
3 Bedroom House,1899999.0,3.0,2.0,5.0,953.0,,
3 Bedroom Apartment,2150000.0,3.0,2.0,2.0,,,
2 Bedroom House,2795000.0,2.0,2.0,4.0,332.0,1461 Lalela Estate,
3 Bedroom Apartment,895000.0,3.0,1.0,1.0,,,
1 Bedroom Apartment,1300000.0,1.0,1.0,2.0,,,
5 Bedroom House,2495000.0,5.0,5.0,,1289.0,,
6 Bedroom House,11500000.0,6.0,6.0,2.0,1000.0,,
3 Bedroom House,1050000.0,3.0,1.0,12.0,,,
0.5 Bedroom Apartment,550000.0,5.0,1.0,1.0,,,
3 Bedroom House,3650000.0,3.0,2.0,10.0,807.0,,
3 Bedroom House,2400000.0,3.0,2.0,2.0,,,
8 Bedroom House,1599000.0,8.0,3.0,8.0,,,
3 Bedroom Townhouse,975000.0,3.0,2.0,3.0,,,
1 Bedroom House,2545000.0,1.0,1.0,2.0,113172.0,,
3 Bedroom House,1850000.0,3.0,15.0,1.0,1184.0,55 Darvill Road,
1 Bedroom Apartment,1595000.0,1.0,1.0,1.0,,,
2 Bedroom Apartment,1650000.0,2.0,1.0,1.0,,,
1.5 Bedroom Apartment,797000.0,15.0,1.0,,,,
4 Bedroom House,1695000.0,4.0,1.0,2.0,1499.0,"93 Richie Road, Pelham, Pietermaritzburg",
3 Bedroom House,2895000.0,3.0,2.0,8.0,680.0,,
3 Bedroom Townhouse,2150000.0,3.0,2.0,,,,
House,3025400.0,,,,5281.0,,
9 Bedroom House,2996000.0,9.0,6.0,11.0,1013.0,,
4 Bedroom House,1695000.0,4.0,1.0,2.0,1499.0,"93 Richie Road, Pelham, Pietermaritzburg",
2 Bedroom Apartment,1395000.0,2.0,2.0,1.0,,,
5 Bedroom House,2800000.0,5.0,25.0,2.0,1368.0,,
4 Bedroom Townhouse,4995000.0,4.0,45.0,3.0,,,
4 Bedroom House,5995000.0,4.0,4.0,2.0,1298.0,,
3 Bedroom House,380000.0,3.0,1.0,1.0,,,
3 Bedroom Townhouse,950000.0,3.0,2.0,2.0,1399.0,,
3 Bedroom Apartment,1290000.0,3.0,2.0,1.0,,,
3 Bedroom Apartment,2497000.0,3.0,2.0,1.0,,,
3 Bedroom House,750000.0,3.0,2.0,3.0,,,
4 Bedroom House,1995000.0,4.0,2.0,2.0,,,
2 Bedroom Apartment,1350000.0,2.0,2.0,2.0,,,
14 Bedroom House,11000000.0,14.0,145.0,21.0,2229.0,,
3 Bedroom Apartment,980000.0,3.0,2.0,1.0,,,
4 Bedroom House,1950000.0,4.0,35.0,5.0,1029.0,,
4 Bedroom House,1950000.0,4.0,35.0,5.0,1029.0,,
3 Bedroom House,1650000.0,3.0,2.0,2.0,,,
2 Bedroom Apartment,945000.0,2.0,1.0,1.0,,,
3 Bedroom Apartment,2995000.0,3.0,2.0,2.0,,,
3 Bedroom Apartment,1785000.0,3.0,2.0,2.0,,,
3 Bedroom Apartment,9800000.0,3.0,3.0,1.0,,,
2 Bedroom Apartment,1080000.0,2.0,2.0,1.0,,,
2 Bedroom Apartment,1480000.0,2.0,2.0,2.0,,,
3 Bedroom Townhouse,2595000.0,3.0,25.0,1.0,,,
2 Bedroom Apartment,1895000.0,2.0,1.0,1.0,,,
4 Bedroom Townhouse,4250000.0,4.0,3.0,4.0,5539.0,"3 Lia, 3 Kariba Crescent",
Apartment,1200050.0,,,,,3 Siphosethu Rd,
3 Bedroom Townhouse,1475000.0,3.0,2.0,2.0,,,
3 Bedroom House,5150000.0,3.0,25.0,4.0,596.0,,
4 Bedroom House,,4.0,3.0,3.0,2912.0,47 Devon Terrace,
4 Bedroom House,1950000.0,4.0,2.0,3.0,1205.0,,
2 Bedroom Apartment,690000.0,2.0,2.0,1.0,,4a Loftheim Street,
7 Bedroom House,4490000.0,7.0,5.0,3.0,,150 Soofie Saheb Drive,
3 Bedroom Apartment,1900000.0,3.0,2.0,3.0,,751 Warriors Lane,
3 Bedroom House,12900000.0,3.0,2.0,32.0,6074.0,407 Marine Drive,
3 Bedroom House,1450000.0,3.0,2.0,8.0,546.0,,
4 Bedroom House,1695000.0,4.0,2.0,7.0,1272.0,28 Wilson Drive,
3 Bedroom House,5150000.0,3.0,25.0,4.0,596.0,,
3 Bedroom Apartment,1250000.0,3.0,1.0,4.0,,10 Munster Road,
2 Bedroom Townhouse,1500000.0,2.0,2.0,2.0,4786.0,"A5.4 Cotswold Fenns, 117 Inanda Road",
6 Bedroom House,6495000.0,6.0,6.0,8.0,3323.0,49 Meerut Road,
3 Bedroom Apartment,600000.0,3.0,1.0,2.0,,174 Hillside Road,
3 Bedroom Townhouse,2900000.0,3.0,35.0,3.0,,112 Mount Edgecombe Drive,
3 Bedroom House,1230000.0,3.0,2.0,5.0,2016.0,,
3 Bedroom House,695000.0,3.0,1.0,3.0,429.0,,
3 Bedroom Townhouse,1575000.0,3.0,2.0,2.0,193.0,,
4 Bedroom House,3500000.0,4.0,35.0,2.0,1500.0,,
2 Bedroom Townhouse,880000.0,2.0,1.0,1.0,,,
2 Bedroom Townhouse,1250000.0,2.0,1.0,2.0,2529.0,,
4 Bedroom House,1795000.0,4.0,2.0,2.0,1631.0,15 Yale Crescent,
1 Bedroom Apartment,1350000.0,1.0,1.0,1.0,,,
2 Bedroom Apartment,4300000.0,2.0,2.0,2.0,,,
2 Bedroom Townhouse,880000.0,2.0,1.0,1.0,,,
3 Bedroom Apartment,1095000.0,3.0,2.0,2.0,,,
5 Bedroom House,9500000.0,5.0,5.0,5.0,900.0,,
2 Bedroom Apartment,5875000.0,2.0,2.0,2.0,,,
3 Bedroom Apartment,3800000.0,3.0,2.0,1.0,,,
3 Bedroom House,1100000.0,3.0,3.0,5.0,306.0,,
6 Bedroom House,2895000.0,6.0,5.0,4.0,1938.0,,
3 Bedroom House,2200000.0,3.0,3.0,4.0,,,
3 Bedroom House,799000.0,3.0,1.0,2.0,358.0,,
7 Bedroom House,2200000.0,7.0,5.0,2.0,,44 Marine Drive,
2 Bedroom Apartment,860000.0,2.0,15.0,1.0,,,
3 Bedroom Apartment,1350000.0,3.0,2.0,2.0,,,
3 Bedroom House,1100000.0,3.0,2.0,1.0,306.0,,
3 Bedroom Townhouse,2095000.0,3.0,2.0,1.0,130.0,71 Inanda Rd,
3 Bedroom Apartment,4495000.0,3.0,2.0,2.0,,,
3 Bedroom Apartment,1095000.0,3.0,2.0,2.0,,,
3 Bedroom House,1485000.0,3.0,2.0,2.0,930.0,,
2 Bedroom Apartment,1090000.0,2.0,1.0,1.0,,,
3 Bedroom House,6500000.0,3.0,3.0,6.0,643.0,,
4 Bedroom House,1320000.0,4.0,2.0,2.0,2014.0,21 Disa Road,
3 Bedroom Apartment,1750000.0,3.0,2.0,2.0,,,
4 Bedroom House,1745000.0,4.0,25.0,7.0,1162.0,,
4 Bedroom House,1390000.0,4.0,2.0,4.0,1056.0,,
5 Bedroom House,3450000.0,5.0,3.0,4.0,2198.0,,
6 Bedroom House,860000.0,6.0,2.0,2.0,,,
3 Bedroom House,2500000.0,3.0,5.0,10.0,829.0,,
4 Bedroom House,1250000.0,4.0,3.0,6.0,967.0,,
3 Bedroom House,1995000.0,3.0,3.0,8.0,490.0,,
2 Bedroom Apartment,890000.0,2.0,2.0,1.0,,"2 Clover Bay, 1050 Marine Drive",
1.5 Bedroom Apartment,780000.0,15.0,1.0,3.0,,,
5 Bedroom House,2895000.0,5.0,3.0,6.0,3961.0,,
3 Bedroom House,1850000.0,3.0,25.0,5.0,1013.0,,
3 Bedroom House,670000.0,3.0,1.0,6.0,202.0,,
3 Bedroom House,2500000.0,3.0,5.0,10.0,829.0,,
3 Bedroom Townhouse,1260000.0,3.0,2.0,3.0,68342.0,,
3 Bedroom House,2690000.0,3.0,35.0,2.0,,,
2 Bedroom Apartment,3200000.0,2.0,2.0,2.0,,,
6 Bedroom House,8500000.0,6.0,6.0,12.0,1255.0,,
1 Bedroom Apartment,1100000.0,1.0,1.0,2.0,,,
2 Bedroom Apartment,780000.0,2.0,1.0,1.0,,,
3 Bedroom House,1200000.0,3.0,2.0,2.0,807.0,,
3 Bedroom Apartment,1395000.0,3.0,1.0,1.0,,,
3 Bedroom Apartment,2850000.0,3.0,2.0,1.0,,,
2 Bedroom Apartment,1695000.0,2.0,1.0,2.0,,14 Arbour Arch 18 High Gate Drive,
4 Bedroom House,1489000.0,4.0,1.0,10.0,1067.0,,
2 Bedroom Apartment,2350000.0,2.0,2.0,1.0,,,
3 Bedroom Apartment,1395000.0,3.0,1.0,1.0,,,
2 Bedroom Apartment,1300000.0,2.0,2.0,2.0,,,
2 Bedroom Apartment,870000.0,2.0,2.0,1.0,,,
4 Bedroom Townhouse,5400000.0,4.0,4.0,6.0,4194.0,,
2 Bedroom Apartment,895000.0,2.0,1.0,1.0,,,
1.5 Bedroom Apartment,1395000.0,15.0,1.0,1.0,,,
2 Bedroom Apartment,980000.0,2.0,2.0,1.0,,,
3 Bedroom House,1100000.0,3.0,2.0,3.0,1044.0,,
3 Bedroom Townhouse,2450000.0,3.0,2.0,2.0,,,
3 Bedroom Townhouse,880000.0,3.0,2.0,2.0,63.0,,
2 Bedroom Apartment,1125000.0,2.0,1.0,1.0,,,
5 Bedroom House,1399000.0,5.0,3.0,1.0,1040.0,,
3 Bedroom Townhouse,5975000.0,3.0,3.0,6.0,,54 Ethafeni,
4 Bedroom Townhouse,1695000.0,4.0,3.0,2.0,9111.0,,
3 Bedroom House,2600000.0,3.0,2.0,6.0,828.0,,
3 Bedroom Apartment,790000.0,3.0,2.0,1.0,,,
2 Bedroom Apartment,655000.0,2.0,2.0,1.0,,,
3 Bedroom Townhouse,1450000.0,3.0,2.0,2.0,13900.0,,
3 Bedroom House,850000.0,3.0,2.0,3.0,3000.0,13 Overdale Road,
4 Bedroom Townhouse,2395000.0,4.0,2.0,4.0,2617.0,"1 Ss Knoll Crest, 5 Knoll Place",
4 Bedroom House,6950000.0,4.0,5.0,12.0,1214.0,,
2 Bedroom Townhouse,500000.0,2.0,2.0,2.0,109067.0,,
2 Bedroom Apartment,620000.0,2.0,1.0,2.0,,,
2 Bedroom Townhouse,4725000.0,2.0,2.0,1.0,,"Villa 2, Oceans On Main",
2 Bedroom Apartment,850000.0,2.0,2.0,,,,
3 Bedroom Apartment,850000.0,3.0,1.0,2.0,,14 Wartski Drive,
5 Bedroom House,8995000.0,5.0,4.0,3.0,440.0,,
3 Bedroom Apartment,1499000.0,3.0,2.0,2.0,,,
2 Bedroom House,240000.0,2.0,1.0,4.0,235.0,1595 S43 S 43 Azalea Road,
3 Bedroom Apartment,1499000.0,3.0,2.0,2.0,,,
3 Bedroom Townhouse,4500000.0,3.0,25.0,3.0,,,
3 Bedroom House,1850000.0,3.0,15.0,9.0,1068.0,,
2 Bedroom Apartment,1350000.0,2.0,2.0,2.0,,,
3 Bedroom Apartment,2525000.0,3.0,2.0,2.0,,"4661 Ballito Hills, 1 Hills Avenue, Ss Unit 4661 Ballito Hills",
2 Bedroom Apartment,460000.0,2.0,1.0,3.0,72.0,,
3 Bedroom Apartment,882000.0,3.0,2.0,2.0,,,
1 Bedroom Apartment,399000.0,1.0,1.0,1.0,,,
4 Bedroom Townhouse,4300000.0,4.0,4.0,2.0,,,
2 Bedroom Apartment,1595000.0,2.0,2.0,2.0,,,
2 Bedroom Townhouse,450000.0,2.0,1.0,,,,
4 Bedroom Townhouse,2400000.0,4.0,2.0,3.0,,"1 Ss Wharncliffe, 84 Gordon Road",
4 Bedroom Townhouse,4300000.0,4.0,4.0,2.0,,,
4 Bedroom House,3495000.0,4.0,2.0,12.0,1013.0,,
4 Bedroom House,1650000.0,4.0,2.0,11.0,956.0,,
5 Bedroom House,1375000.0,5.0,3.0,8.0,652.0,,
3 Bedroom House,1460000.0,3.0,15.0,3.0,1023.0,,
1 Bedroom Townhouse,545000.0,1.0,1.0,,,,
2 Bedroom Apartment,980000.0,2.0,25.0,2.0,,"13 Ss Trenbridge, 37 Cromwell Road",
1 Bedroom Apartment,949000.0,1.0,1.0,1.0,,2 Brackenhill Road,
2 Bedroom Apartment,1399000.0,2.0,2.0,2.0,,2 Brackenhill Road,
3 Bedroom House,1120000.0,3.0,2.0,2.0,1048.0,14 Moodie Avenue,
3 Bedroom Apartment,6350000.0,3.0,2.0,2.0,,,
2 Bedroom Apartment,1550000.0,2.0,1.0,1.0,,,
3 Bedroom House,1650000.0,3.0,2.0,2.0,1234.0,,
3 Bedroom Apartment,1335000.0,3.0,2.0,1.0,,,
4 Bedroom House,2199000.0,4.0,3.0,4.0,1264.0,,
3 Bedroom House,2800000.0,3.0,2.0,1.0,480.0,,
4 Bedroom Townhouse,6950000.0,4.0,3.0,4.0,,,
2 Bedroom Apartment,1080000.0,2.0,1.0,1.0,,,
3 Bedroom House,780000.0,3.0,1.0,2.0,,Redcliff,
2 Bedroom House,1818000.0,2.0,1.0,1.0,,,
House,2300000.0,,5.0,6.0,1335.0,,
4 Bedroom House,2199000.0,4.0,3.0,4.0,1264.0,,
3 Bedroom Apartment,800000.0,3.0,2.0,2.0,,,
2 Bedroom Apartment,2200000.0,2.0,2.0,1.0,84.0,,
1 Bedroom Apartment,795000.0,1.0,1.0,2.0,,,
12 Bedroom House,1650000.0,12.0,7.0,1.0,1067.0,,
3 Bedroom House,3500000.0,3.0,2.0,2.0,348.0,,
3 Bedroom House,1575000.0,3.0,3.0,4.0,1263.0,,
3 Bedroom House,2500000.0,3.0,1.0,,350.0,,
2 Bedroom Apartment,495000.0,2.0,1.0,1.0,,,
House,650000.0,,,,,,
2 Bedroom Apartment,2181067.0,2.0,1.0,2.0,,,
17 Bedroom House,12000000.0,17.0,18.0,14.0,7186.0,293 Old Howick Road,
3 Bedroom House,3900000.0,3.0,3.0,2.0,750.0,,
2 Bedroom Apartment,2200000.0,2.0,2.0,1.0,,"16a Club Mykonos, 22 Bellamont Road",
2 Bedroom Apartment,1695000.0,2.0,2.0,2.0,,"301 98 On Gordon, 98 Gordon Road",
2 Bedroom Apartment,790000.0,2.0,1.0,1.0,,39 Tandy St,
4 Bedroom House,7950000.0,4.0,35.0,4.0,1600.0,301 Little Crescent,
1 Bedroom Apartment,590000.0,1.0,1.0,2.0,,,
2 Bedroom Apartment,790000.0,2.0,1.0,1.0,,39 Tandy St,
1 Bedroom Apartment,1399999.0,1.0,1.0,2.0,,,
3 Bedroom House,1090000.0,3.0,1.0,,,,
3 Bedroom Townhouse,5999000.0,3.0,3.0,6.0,27854.0,105 Wager Avenue,
3 Bedroom Apartment,1850000.0,3.0,25.0,2.0,,,
4 Bedroom House,1350000.0,4.0,25.0,5.0,1098.0,,
5 Bedroom House,2649999.0,5.0,4.0,9.0,2025.0,,
1 Bedroom Apartment,1350000.0,1.0,1.0,1.0,,"110 The Onyx, 38 Umhlanga Ridge Boulevard",
3 Bedroom House,970000.0,3.0,2.0,2.0,605.0,,
3 Bedroom Townhouse,2300000.0,3.0,2.0,4.0,47.0,,
3 Bedroom Apartment,2490000.0,3.0,2.0,2.0,,,
3 Bedroom Apartment,1995000.0,3.0,25.0,1.0,,"902 Capri Heights, 31 Ke Masinga Road",
3 Bedroom Apartment,9500000.0,3.0,3.0,2.0,,,
3 Bedroom House,675000.0,3.0,1.0,4.0,509.0,,
3 Bedroom Townhouse,1375000.0,3.0,2.0,4.0,,,
8 Bedroom House,11750000.0,8.0,8.0,8.0,1341.0,,
4 Bedroom Townhouse,5000000.0,4.0,45.0,8.0,,,
4 Bedroom Apartment,2390000.0,4.0,3.0,3.0,,,
3 Bedroom House,1350000.0,3.0,2.0,2.0,1161.0,9 Cameron Road,
3 Bedroom House,1800000.0,3.0,2.0,2.0,1022.0,,
2 Bedroom Apartment,395000.0,2.0,15.0,,,,
2 Bedroom Apartment,595000.0,2.0,1.0,2.0,,,
4 Bedroom Townhouse,6950000.0,4.0,4.0,2.0,,,
1 Bedroom House,380000.0,1.0,1.0,1.0,400.0,,
1 Bedroom Apartment,825000.0,1.0,1.0,1.0,,,
3 Bedroom House,3950000.0,3.0,35.0,10.0,4049.0,,
3 Bedroom Townhouse,900000.0,3.0,2.0,3.0,,87 Edward Ave,
3 Bedroom Apartment,980000.0,3.0,3.0,2.0,,,
2 Bedroom Apartment,5875000.0,2.0,2.0,2.0,,24 Lagoon Drive,
2 Bedroom Apartment,1165000.0,2.0,1.0,2.0,,,
4 Bedroom Apartment,2390000.0,4.0,3.0,3.0,,,
4 Bedroom House,2300000.0,4.0,3.0,7.0,2001.0,,
3 Bedroom House,2550000.0,3.0,3.0,3.0,3988.0,,
2 Bedroom Townhouse,980000.0,2.0,2.0,2.0,2.0,,
3 Bedroom Apartment,2300000.0,3.0,2.0,2.0,,"8 The Views, 18 Malcolm Welfare Street",
3 Bedroom Apartment,950000.0,3.0,1.0,1.0,,,
6 Bedroom House,16500000.0,6.0,6.0,3.0,1062.0,,
1 Bedroom Apartment,450000.0,1.0,1.0,1.0,,,
3 Bedroom Apartment,2850000.0,3.0,2.0,2.0,,,
5 Bedroom House,1100000.0,5.0,3.0,3.0,,,
3 Bedroom Townhouse,2700000.0,3.0,2.0,2.0,1000.0,,
3 Bedroom Apartment,4250000.0,3.0,4.0,3.0,,,
1 Bedroom Apartment,450000.0,1.0,1.0,1.0,,,
4 Bedroom House,995000.0,4.0,2.0,4.0,465.0,,
3 Bedroom Townhouse,1895000.0,3.0,2.0,4.0,,,
3 Bedroom House,1150000.0,3.0,2.0,2.0,1383.0,,
2 Bedroom Apartment,1600000.0,2.0,2.0,2.0,,,
3 Bedroom House,850000.0,3.0,1.0,2.0,309.0,,
3 Bedroom House,2650000.0,3.0,3.0,2.0,878.0,,
3 Bedroom Townhouse,1250000.0,3.0,1.0,2.0,23710.0,,
3 Bedroom House,1390000.0,3.0,2.0,2.0,1470.0,,
3 Bedroom Townhouse,2850000.0,3.0,25.0,1.0,,"48 Ss Bellamont, 92 Bellamont Road",
2 Bedroom Apartment,690000.0,2.0,1.0,1.0,,,
2 Bedroom Townhouse,740000.0,2.0,2.0,2.0,85.0,5 Hall Road,
2 Bedroom Apartment,650000.0,2.0,2.0,1.0,,,
3 Bedroom House,1249000.0,3.0,1.0,1.0,518.0,,
11 Bedroom House,5950000.0,11.0,8.0,6.0,1020.0,,
2 Bedroom Apartment,720000.0,2.0,1.0,1.0,,,
4 Bedroom House,7950000.0,4.0,3.0,5.0,1025.0,,
2 Bedroom Apartment,1003000.0,2.0,2.0,1.0,,,
Townhouse,3950000.0,,,,,,
11 Bedroom House,5950000.0,11.0,8.0,6.0,1020.0,,
2 Bedroom Apartment,1700000.0,2.0,2.0,1.0,,,
8 Bedroom House,3999995.0,8.0,6.0,9.0,1179.0,,
3 Bedroom House,1895000.0,3.0,2.0,,,32 Haslam Road,
2 Bedroom Apartment,880000.0,2.0,15.0,2.0,,,
2 Bedroom Apartment,1070000.0,2.0,1.0,2.0,60.0,,
7 Bedroom House,875000.0,7.0,3.0,,660.0,,
3 Bedroom Apartment,5499000.0,3.0,3.0,4.0,,,
6 Bedroom House,2250000.0,6.0,4.0,22.0,1730.0,,
3 Bedroom House,1050000.0,3.0,2.0,1.0,323.0,,
4 Bedroom House,2250000.0,4.0,2.0,4.0,,,
2 Bedroom Apartment,1270000.0,2.0,1.0,2.0,,,
2 Bedroom Apartment,831600.0,2.0,1.0,1.0,,,
6 Bedroom House,2490000.0,6.0,3.0,1.0,1115.0,,
2 Bedroom Apartment,725000.0,2.0,1.0,2.0,,59 Clark Road,
6 Bedroom House,1350000.0,6.0,3.0,6.0,465.0,,
2 Bedroom Apartment,4400000.0,2.0,2.0,1.0,,,
3 Bedroom Apartment,1500000.0,3.0,2.0,2.0,,,
2 Bedroom Apartment,795000.0,2.0,2.0,1.0,,,
2 Bedroom Apartment,700000.0,2.0,2.0,,,,
2 Bedroom Apartment,1745000.0,2.0,1.0,1.0,,,
1 Bedroom Apartment,725000.0,1.0,1.0,1.0,,,
2 Bedroom Apartment,720000.0,2.0,15.0,2.0,,,
4 Bedroom House,1680000.0,4.0,2.0,2.0,1849.0,,
4 Bedroom Townhouse,6795000.0,4.0,45.0,4.0,,,
3 Bedroom Townhouse,2900000.0,3.0,35.0,,4778.0,"8 Horizon Edge, 112 Mount Edgecombe Drive",
3 Bedroom House,1495000.0,3.0,2.0,6.0,1486.0,,
3 Bedroom Townhouse,1295000.0,3.0,2.0,2.0,,,
2 Bedroom Apartment,699000.0,2.0,2.0,2.0,,,
3 Bedroom Townhouse,3795000.0,3.0,2.0,2.0,,"Unit 8, The Links, 98 Edgeview Drive, Kindlewood Estate",
3 Bedroom Apartment,1275000.0,3.0,1.0,1.0,,"38 Crystal Cove, . South Beach Road",
10.5 Bedroom House,4000000.0,105.0,5.0,,820.0,,
3 Bedroom Apartment,2800000.0,3.0,2.0,2.0,,,
2 Bedroom Apartment,950000.0,2.0,1.0,3.0,,,
2 Bedroom Apartment,720000.0,2.0,15.0,2.0,,,
3 Bedroom Townhouse,5895000.0,3.0,2.0,2.0,,,
3 Bedroom House,1499000.0,3.0,2.0,4.0,732.0,,
2 Bedroom Apartment,890000.0,2.0,2.0,1.0,,,
1 Bedroom Apartment,475200.0,1.0,1.0,1.0,,,
1 Bedroom Apartment,756000.0,1.0,1.0,1.0,,,
5 Bedroom House,10800000.0,5.0,6.0,4.0,19325.0,,
1 Bedroom Apartment,475200.0,1.0,1.0,1.0,,,
2 Bedroom Apartment,450000.0,2.0,1.0,1.0,,,
4 Bedroom House,2980000.0,4.0,25.0,3.0,1763.0,,
3 Bedroom Townhouse,1175000.0,3.0,2.0,1.0,,,
3 Bedroom Apartment,1395000.0,3.0,2.0,2.0,,,
2 Bedroom Apartment,985000.0,2.0,1.0,1.0,,,
1 Bedroom Apartment,495000.0,1.0,1.0,1.0,,,
6 Bedroom House,1795000.0,6.0,4.0,4.0,1669.0,,
2 Bedroom House,725000.0,2.0,1.0,,51.0,2 Mount Currie Drive,
1 Bedroom Apartment,989000.0,1.0,1.0,1.0,,,
2 Bedroom Apartment,1399000.0,2.0,2.0,2.0,,,
3 Bedroom Townhouse,2100000.0,3.0,2.0,2.0,,,
3 Bedroom House,1060000.0,3.0,2.0,3.0,957.0,,
2 Bedroom Apartment,690000.0,2.0,2.0,1.0,,,
2 Bedroom Apartment,2974154.0,2.0,2.0,1.0,,,
3 Bedroom Apartment,5650000.0,3.0,2.0,2.0,,,
4 Bedroom Townhouse,3995000.0,4.0,3.0,3.0,57432.0,23 Chartwell Dr,
2 Bedroom Apartment,2999999.0,2.0,2.0,2.0,,,
2 Bedroom Apartment,850000.0,2.0,2.0,1.0,,,
2 Bedroom House,1250000.0,2.0,1.0,4.0,1086.0,,
2 Bedroom Townhouse,975000.0,2.0,2.0,1.0,,,
2 Bedroom Apartment,850000.0,2.0,1.0,1.0,,,
2.5 Bedroom Apartment,975000.0,25.0,2.0,1.0,,"13 Ss Figwood Vista, 157 Blackburn Road",
3 Bedroom House,4950000.0,3.0,35.0,2.0,810.0,95 Inanda Road,
4 Bedroom Townhouse,5250000.0,4.0,35.0,4.0,,7a Kings Avenue,
3 Bedroom Apartment,6350000.0,3.0,35.0,3.0,,"Miramar Durban, 284 Musgrave Road",
2 Bedroom Apartment,3400000.0,2.0,2.0,1.0,,,
2 Bedroom Townhouse,1495000.0,2.0,2.0,2.0,,36 Abelia Road,
4 Bedroom House,13990000.0,4.0,5.0,8.0,799.0,,
3 Bedroom Townhouse,1150000.0,3.0,2.0,3.0,13392.0,,
3 Bedroom Apartment,6350000.0,3.0,35.0,3.0,,"Miramar Durban, 284 Musgrave Road",
3 Bedroom Apartment,4195000.0,3.0,35.0,3.0,,"Cadogan Gardens, 298 Musgrave Road",
4 Bedroom House,2095000.0,4.0,2.0,4.0,1198.0,19 Hadeda Haunt Street,
3 Bedroom Townhouse,4460000.0,3.0,3.0,2.0,266.0,772 Summit Road,
3 Bedroom Apartment,3500000.0,3.0,2.0,1.0,,"4 La Pirogue, 2 Jack Powell",
3 Bedroom Townhouse,2695000.0,3.0,2.0,2.0,,5 Tudor Road,
3 Bedroom House,1600000.0,3.0,1.0,11.0,1181.0,,
3 Bedroom House,490000.0,3.0,1.0,1.0,,,
1 Bedroom Apartment,1370000.0,1.0,1.0,1.0,58.0,1 Heleza Boulevard,
3 Bedroom House,1180000.0,3.0,2.0,8.0,968.0,,
2 Bedroom Apartment,1595000.0,2.0,1.0,2.0,,,
2 Bedroom Apartment,1395000.0,2.0,1.0,1.0,,"216 Aldrovande Palace, 6 Jubilee Grove",
3 Bedroom House,5800000.0,3.0,3.0,4.0,,,
4 Bedroom House,1950000.0,4.0,3.0,2.0,3156.0,,
5 Bedroom House,3995000.0,5.0,3.0,4.0,3993.0,,
4 Bedroom Apartment,2280000.0,4.0,3.0,2.0,,2457 Ashmead Drive,
3 Bedroom House,3350000.0,3.0,25.0,2.0,800.0,,
1 Bedroom Apartment,450000.0,1.0,1.0,1.0,,,
3 Bedroom Apartment,9500000.0,3.0,3.0,2.0,,"801 Oyster Shelles, 2c Lighthouse Road",
3 Bedroom House,1250000.0,3.0,1.0,1.0,890.0,,
2 Bedroom Apartment,2190000.0,2.0,2.0,2.0,,5 Signal Road,
8 Bedroom House,19500000.0,8.0,9.0,4.0,2821.0,54 Kudu Road,
4 Bedroom House,1850000.0,4.0,3.0,2.0,1743.0,,
2 Bedroom Apartment,1595000.0,2.0,1.0,2.0,,,
2 Bedroom Apartment,910000.0,2.0,2.0,1.0,,1 Manaba Beach Road,
2 Bedroom Apartment,899000.0,2.0,2.0,1.0,,1 Marine Drive,
2 Bedroom Apartment,665000.0,2.0,2.0,1.0,,1 Beach Road,
4 Bedroom Townhouse,3390000.0,4.0,3.0,6.0,,9 Alamein Avenue,
3 Bedroom Townhouse,1350000.0,3.0,2.0,1.0,4186.0,,
3 Bedroom House,3640000.0,3.0,2.0,2.0,590.0,85 Salt Rock City,
3 Bedroom House,2495000.0,3.0,2.0,7.0,654.0,,
8 Bedroom House,4850000.0,8.0,7.0,7.0,1858.0,7 Collison Street,
7 Bedroom House,1500000.0,7.0,35.0,2.0,250.0,,
2 Bedroom Apartment,1000000.0,2.0,15.0,2.0,,129 Loon Road,
3 Bedroom Townhouse,1300000.0,3.0,2.0,1.0,18663.0,3 Montgomery Street,
6 Bedroom House,2995000.0,6.0,3.0,6.0,1860.0,,
1 Bedroom Apartment,755000.0,1.0,1.0,1.0,,,
3 Bedroom House,1250000.0,3.0,1.0,3.0,1211.0,39 Grimthorpe Ave,
3 Bedroom House,1750000.0,3.0,25.0,4.0,3741.0,,
1 Bedroom Apartment,460000.0,1.0,1.0,,,92 Denis Hurley St,
4 Bedroom House,1475000.0,4.0,2.0,5.0,1100.0,,
5 Bedroom House,1195000.0,5.0,4.0,3.0,683.0,,
3 Bedroom House,1250000.0,3.0,1.0,3.0,1211.0,39 Grimthorpe Ave,
2 Bedroom Apartment,3100000.0,2.0,2.0,2.0,,,
2 Bedroom House,1025000.0,2.0,1.0,1.0,275.0,,
28 Bedroom Apartment,12000000.0,28.0,28.0,6.0,,,
5 Bedroom House,1600000.0,5.0,35.0,11.0,1106.0,120 Shanon Drive,
5 Bedroom House,3800000.0,5.0,55.0,,3174.0,,
2 Bedroom Apartment,795000.0,2.0,1.0,2.0,,14 High Crescent,
4 Bedroom House,3200000.0,4.0,2.0,4.0,4051.0,8 Queens Crescent,
House,350000.0,,,,,,
3 Bedroom House,1595000.0,3.0,2.0,,,,
5 Bedroom House,27000000.0,5.0,65.0,10.0,1029.0,117 Colwyn Drive,
5 Bedroom House,6395000.0,5.0,4.0,8.0,1508.0,78 Sir Arthur Road,
3 Bedroom House,1595000.0,3.0,2.0,,,,
3 Bedroom House,700000.0,3.0,2.0,1.0,450.0,,
1 Bedroom Apartment,499000.0,1.0,1.0,1.0,,,
2 Bedroom Apartment,990000.0,2.0,2.0,2.0,,19 Forest Road,
4 Bedroom House,12500000.0,4.0,45.0,6.0,18698.0,,
5 Bedroom House,1978000.0,5.0,4.0,4.0,1526.0,,
3 Bedroom Townhouse,1750000.0,3.0,2.0,1.0,,,
3 Bedroom House,1080000.0,3.0,2.0,4.0,579.0,,
3 Bedroom Townhouse,2275000.0,3.0,2.0,3.0,,"Ss Peacock Place, 8 Marine View Avenue",
3 Bedroom House,2550000.0,3.0,2.0,2.0,748.0,"20 Greenvale Village, 36 Shongweni Road",
3 Bedroom House,1750000.0,3.0,2.0,,3806.0,7 Redbrick Rd,
3 Bedroom Apartment,4900000.0,3.0,3.0,3.0,,,
2 Bedroom Apartment,565000.0,2.0,1.0,2.0,,"403 Redfern, 27 Bohmer Road",
1.5 Bedroom Apartment,470000.0,15.0,1.0,,,,
3 Bedroom Apartment,1100000.0,3.0,2.0,1.0,,,
3 Bedroom House,1250000.0,3.0,1.0,8.0,1495.0,,
3 Bedroom House,2500000.0,3.0,3.0,7.0,2828.0,,
3 Bedroom House,995000.0,3.0,15.0,2.0,243.0,,
2 Bedroom Townhouse,2100000.0,2.0,2.0,2.0,8061.0,,
2 Bedroom Apartment,1700000.0,2.0,2.0,1.0,,,
2 Bedroom Apartment,699000.0,2.0,15.0,,,92 Denis Hurley St,
2 Bedroom Apartment,1050000.0,2.0,2.0,1.0,,"Marine Dr &, Manaba Beach Rd, Manaba Beach, Margate, 4275",
3 Bedroom Apartment,2200000.0,3.0,2.0,3.0,,"19 Ss Wakenshaw Estate, 3527 Hilton Street, Unit 19 Wakenshaw Estate",
3 Bedroom Apartment,3075000.0,3.0,3.0,1.0,,,
4 Bedroom House,1100000.0,4.0,1.0,6.0,465.0,,
3 Bedroom House,995000.0,3.0,15.0,2.0,243.0,,
3 Bedroom Apartment,1689000.0,3.0,2.0,1.0,,,
4 Bedroom House,1599000.0,4.0,2.0,10.0,,,
6 Bedroom House,1900000.0,6.0,3.0,5.0,1200.0,14 Aloe Road,
4 Bedroom Apartment,9995000.0,4.0,4.0,4.0,,,
1 Bedroom Apartment,620000.0,1.0,15.0,1.0,,"37 Ss Peacehaven, 1 Cordiner Street",
3 Bedroom Townhouse,1450000.0,3.0,2.0,4.0,108.0,,
1 Bedroom Apartment,480000.0,1.0,1.0,1.0,,,
4 Bedroom House,1150000.0,4.0,2.0,3.0,1297.0,,
5 Bedroom House,5500000.0,5.0,4.0,4.0,1095.0,71 Minerva,
2 Bedroom Townhouse,1420000.0,2.0,2.0,2.0,,,
3 Bedroom House,1750000.0,3.0,2.0,3.0,603.0,,
2 Bedroom Apartment,1100000.0,2.0,25.0,2.0,,,
2 Bedroom Apartment,1000000.0,2.0,1.0,,,,
3 Bedroom Apartment,1615000.0,3.0,2.0,3.0,,,
2.5 Bedroom Apartment,1250000.0,25.0,1.0,1.0,,,
2 Bedroom Apartment,890000.0,2.0,1.0,2.0,,,
7 Bedroom House,2700000.0,7.0,7.0,6.0,642.0,,
3 Bedroom Townhouse,2795000.0,3.0,25.0,12.0,4726.0,,
3 Bedroom Townhouse,1050000.0,3.0,2.0,1.0,,,
2 Bedroom Townhouse,870000.0,2.0,1.0,2.0,,,
1 Bedroom Apartment,900000.0,1.0,1.0,1.0,,,
2 Bedroom Townhouse,2979000.0,2.0,2.0,2.0,,,
2 Bedroom Apartment,655000.0,2.0,2.0,1.0,,,
3 Bedroom House,880000.0,3.0,1.0,1.0,,,
3 Bedroom House,1450000.0,3.0,3.0,12.0,1066.0,37 Frey Road,
3 Bedroom Townhouse,3100000.0,3.0,2.0,2.0,,,
2 Bedroom Apartment,1295000.0,2.0,1.0,2.0,,,
3 Bedroom House,880000.0,3.0,1.0,1.0,,,
3 Bedroom Townhouse,1260000.0,3.0,2.0,1.0,,,
2 Bedroom Apartment,690000.0,2.0,1.0,2.0,,,
1 Bedroom House,2250000.0,1.0,1.0,,,C2,
3 Bedroom House,750000.0,3.0,1.0,5.0,379.0,110 Nongalaza Road,
3 Bedroom House,1850000.0,3.0,35.0,3.0,305.0,,
7 Bedroom House,2600000.0,7.0,5.0,5.0,1166.0,,
3 Bedroom House,999999.0,3.0,2.0,2.0,687.0,,
3 Bedroom House,830000.0,3.0,2.0,4.0,186.0,,
2 Bedroom Apartment,1250000.0,2.0,1.0,2.0,,,
1 Bedroom House,570000.0,1.0,1.0,1.0,259567.0,,
5 Bedroom House,4590000.0,5.0,5.0,10.0,1464.0,,
3 Bedroom Apartment,9585000.0,3.0,3.0,2.0,,"708 Ss Skye Ridgeside, 2 Vuna Close",
2 Bedroom Apartment,1700000.0,2.0,2.0,2.0,,10 Burman Drive,
3 Bedroom Apartment,1390000.0,3.0,2.0,2.0,,"1 Ss Sibani Sands, 46 Acacia Crescent, Unit 1 Sibani Sands",
3 Bedroom Apartment,1550000.0,3.0,2.0,1.0,,,
2 Bedroom Apartment,640000.0,2.0,1.0,1.0,,,
4 Bedroom Townhouse,5945000.0,4.0,4.0,2.0,248.0,,
6 Bedroom House,1080000.0,6.0,3.0,,1363.0,,
1 Bedroom Apartment,1650000.0,1.0,1.0,1.0,,115 Musgrave Avenue,
1 Bedroom Apartment,1630000.0,1.0,1.0,1.0,,"618 Shoreline, 46 Heleza Boulevard",
2 Bedroom Apartment,700000.0,2.0,15.0,2.0,,"5 Ss Ankers, 74 Queen Street",
4 Bedroom House,3490000.0,4.0,3.0,4.0,1698.0,,
4 Bedroom House,800000.0,4.0,2.0,1.0,409.0,,
3 Bedroom House,1100000.0,3.0,2.0,2.0,840.0,,
1 Bedroom House,570000.0,1.0,1.0,1.0,259567.0,,
3 Bedroom House,1280000.0,3.0,2.0,3.0,1202.0,,
2 Bedroom Apartment,790000.0,2.0,1.0,1.0,,10 Panorama Drive,
4 Bedroom House,2499999.0,4.0,35.0,11.0,2200.0,11 Uve Rd,
2 Bedroom Apartment,790000.0,2.0,1.0,1.0,,10 Panorama Drive,
3 Bedroom Apartment,3250000.0,3.0,2.0,2.0,,96a Compensation Beach Road,
2 Bedroom Apartment,900000.0,2.0,1.0,1.0,,,
2 Bedroom Townhouse,895000.0,2.0,2.0,2.0,40272.0,"Ss Sunwaves, 27 Bendigo Street",
4 Bedroom House,5350000.0,4.0,3.0,6.0,1272.0,,
3 Bedroom Apartment,3900000.0,3.0,2.0,2.0,,,
4 Bedroom House,2650000.0,4.0,3.0,10.0,929.0,,
4 Bedroom House,7999000.0,4.0,4.0,8.0,1235.0,21 Lady Ellen Crescent,
3 Bedroom House,1495000.0,3.0,2.0,2.0,1004.0,51 Bellevue Road,
4 Bedroom Apartment,5300000.0,4.0,3.0,2.0,,,
1.5 Bedroom Apartment,680000.0,15.0,1.0,1.0,,"27 Ss Vindol, 29 Ebor Avenue",
3 Bedroom House,2399000.0,3.0,2.0,4.0,1496.0,32 Duncan Drive,
3 Bedroom Apartment,1895000.0,3.0,25.0,2.0,,,
4 Bedroom House,2750000.0,4.0,2.0,3.0,,,
3 Bedroom House,1590000.0,3.0,1.0,3.0,505.0,9 Lanyon Grove,
3 Bedroom Apartment,2250000.0,3.0,2.0,2.0,,,
2 Bedroom Apartment,1750000.0,2.0,2.0,2.0,,,
3 Bedroom Apartment,975000.0,3.0,25.0,,,,
3 Bedroom House,5000000.0,3.0,2.0,2.0,1020.0,38 Roehampton Way,
4 Bedroom House,3499000.0,4.0,2.0,11.0,2523.0,,
2 Bedroom Apartment,1195000.0,2.0,1.0,1.0,,"39 Sheffield Gardens, . Melinda Lane",
4 Bedroom House,3200000.0,4.0,3.0,2.0,735.0,91 Rapson Road,
3 Bedroom Townhouse,5500000.0,3.0,45.0,8.0,,3 Le Verseau 41 Jan Hofmeyr Road,
1.5 Bedroom Apartment,880000.0,15.0,1.0,1.0,,"31 Park Lodge Mansions, 369 King Dinuzulu Road South",
3 Bedroom Townhouse,3500000.0,3.0,2.0,2.0,17352.0,6 Gardens Road,
3 Bedroom Apartment,1450000.0,3.0,2.0,1.0,,33 Lillie Crona,
3 Bedroom House,,3.0,25.0,4.0,1000.0,32 Knorhaanbaai Street,
3 Bedroom House,1875000.0,3.0,2.0,6.0,974.0,11 Seaton Road,
3 Bedroom House,2595000.0,3.0,2.0,3.0,1652.0,2 Fuchsia Grove,
2 Bedroom Apartment,1300000.0,2.0,1.0,1.0,,21 Beach Road,
2 Bedroom House,1250000.0,2.0,2.0,4.0,1075.0,34 Roywright,
2 Bedroom House,1250000.0,2.0,2.0,4.0,1075.0,34 Roywright,
3 Bedroom Apartment,1495000.0,3.0,2.0,2.0,,,
3 Bedroom Townhouse,2100000.0,3.0,2.0,3.0,9311.0,"2 Ss Canterbury, 12 Ilchester Avenue",
3 Bedroom Apartment,1150000.0,3.0,1.0,2.0,,2 Beach Road,
4 Bedroom House,2450000.0,4.0,2.0,8.0,961.0,3 Oaktree Avenue,
3 Bedroom House,4700000.0,3.0,2.0,6.0,1165.0,,
3 Bedroom Townhouse,1950000.0,3.0,3.0,2.0,,,
2 Bedroom Apartment,670000.0,2.0,1.0,1.0,,"4 Norlyn, 51 Christie Road",
7 Bedroom House,2175000.0,7.0,5.0,6.0,1566.0,,
7 Bedroom House,2900000.0,7.0,6.0,5.0,2076.0,,
3 Bedroom House,1750000.0,3.0,2.0,2.0,1116.0,,
8 Bedroom House,1838000.0,8.0,4.0,2.0,1078.0,766 Bournemouth Avenue,
5 Bedroom House,10000000.0,5.0,5.0,4.0,1003.0,,
3 Bedroom Townhouse,4195000.0,3.0,2.0,6.0,,,
2 Bedroom Apartment,875000.0,2.0,1.0,1.0,,,
2 Bedroom Apartment,1200000.0,2.0,1.0,1.0,,,
3 Bedroom House,1750000.0,3.0,2.0,2.0,1116.0,,
1 Bedroom Apartment,750000.0,1.0,1.0,2.0,,,
2 Bedroom Apartment,2100000.0,2.0,1.0,2.0,,,
3 Bedroom Apartment,1050000.0,3.0,3.0,2.0,,30 Collison Street,
3 Bedroom Townhouse,1395000.0,3.0,2.0,2.0,2431.0,,
1 Bedroom Apartment,399000.0,1.0,1.0,,,,
2 Bedroom Apartment,799000.0,2.0,2.0,1.0,,,
3 Bedroom House,580000.0,3.0,1.0,2.0,262.0,,
2 Bedroom House,765000.0,2.0,2.0,4.0,100.0,,
4 Bedroom House,1050000.0,4.0,35.0,4.0,472.0,25 Harcombe Gardens,
3 Bedroom Apartment,2199000.0,3.0,2.0,3.0,,,
0.5 Bedroom Apartment,315000.0,5.0,1.0,,,,
4 Bedroom House,1395000.0,4.0,2.0,6.0,1863.0,,
2 Bedroom House,2275000.0,2.0,2.0,10.0,900.0,,
2 Bedroom Apartment,2135000.0,2.0,2.0,2.0,,,
2 Bedroom Apartment,800000.0,2.0,15.0,1.0,,,
3 Bedroom House,500000.0,3.0,1.0,1.0,1386.0,,
2 Bedroom Apartment,1075000.0,2.0,2.0,2.0,86.0,,
3 Bedroom House,1175000.0,3.0,25.0,2.0,,,
Apartment,1150000.0,,1.0,1.0,,,
2 Bedroom House,850000.0,2.0,1.0,,550.0,,
3 Bedroom House,850000.0,3.0,1.0,2.0,267.0,,
2 Bedroom Apartment,795000.0,2.0,1.0,2.0,,,
1 Bedroom Townhouse,550000.0,1.0,1.0,1.0,2143.0,,
2 Bedroom Apartment,2350000.0,2.0,2.0,2.0,,,
1 Bedroom Apartment,765000.0,1.0,1.0,1.0,,,
3 Bedroom House,2130000.0,3.0,2.0,2.0,643.0,,
3 Bedroom House,1175000.0,3.0,25.0,2.0,,,
3 Bedroom House,860000.0,3.0,2.0,,326.0,,
3 Bedroom House,850000.0,3.0,1.0,1.0,275.0,,
3 Bedroom Apartment,1895000.0,3.0,2.0,3.0,,,
3 Bedroom House,899000.0,3.0,15.0,3.0,209.0,,
House,1095000.0,,,,1298.0,,
4 Bedroom House,2499000.0,4.0,2.0,3.0,1198.0,,
4 Bedroom House,2225000.0,4.0,3.0,2.0,,,
2 Bedroom Apartment,4950000.0,2.0,2.0,2.0,,,
3 Bedroom House,5495000.0,3.0,3.0,2.0,1000.0,"994 Cotswold Downs Estate, 93 Inanda Road",
2 Bedroom Apartment,670000.0,2.0,2.0,2.0,,,
1 Bedroom Apartment,630000.0,1.0,1.0,1.0,,,
2 Bedroom Apartment,4950000.0,2.0,2.0,2.0,,,
3 Bedroom House,1750000.0,3.0,2.0,1.0,270.0,,
3 Bedroom Townhouse,5350000.0,3.0,3.0,3.0,3796.0,,
3 Bedroom House,1150000.0,3.0,2.0,4.0,1492.0,,
2 Bedroom House,990000.0,2.0,1.0,2.0,1100.0,,
3 Bedroom House,1795000.0,3.0,2.0,1.0,987.0,,
2 Bedroom Apartment,480000.0,2.0,1.0,1.0,,,
2 Bedroom Apartment,1500000.0,2.0,2.0,2.0,,"Westwood Estate - No Stairs, 11 S28 Lincoln Terrace",
3 Bedroom House,950000.0,3.0,2.0,3.0,658.0,,
4 Bedroom House,5825000.0,4.0,3.0,5.0,1253.0,,
4 Bedroom House,1500000.0,4.0,4.0,2.0,733.0,106 Ringwood Avenue,
2 Bedroom Townhouse,1735000.0,2.0,2.0,2.0,120.0,,
4 Bedroom House,950000.0,4.0,3.0,10.0,1096.0,1 Daffodil Road,
3 Bedroom House,1700000.0,3.0,2.0,5.0,2300.0,"Bryson, 46/2 Lotus Road",
6 Bedroom House,1580000.0,6.0,2.0,2.0,675.0,,
3 Bedroom House,950000.0,3.0,2.0,1.0,242.0,,
3 Bedroom House,1820000.0,3.0,2.0,7.0,929.0,,
3 Bedroom House,3995000.0,3.0,2.0,8.0,1042.0,,
3 Bedroom Townhouse,750000.0,3.0,2.0,1.0,20262.0,5 Boundary Road,
5 Bedroom House,1795000.0,5.0,3.0,12.0,931.0,,
3 Bedroom Townhouse,750000.0,3.0,2.0,1.0,20262.0,5 Boundary Road,
4 Bedroom House,3750000.0,4.0,2.0,2.0,792.0,70 Lake Turquoise,
5.5 Bedroom House,1695000.0,55.0,4.0,5.0,,,
3 Bedroom Apartment,1100000.0,3.0,2.0,2.0,,,
4 Bedroom Townhouse,7880000.0,4.0,35.0,2.0,359.0,,
2 Bedroom Apartment,3200000.0,2.0,2.0,1.0,,,
2 Bedroom Townhouse,750000.0,2.0,1.0,1.0,,"24 Tafta Park Retirement Village, 28 Greenwich Avenue",
2 Bedroom Apartment,3250000.0,2.0,2.0,1.0,,"11 Malindi, 11 Marine Drive",
4 Bedroom House,3280000.0,4.0,4.0,6.0,655.0,,
2 Bedroom House,620000.0,2.0,1.0,3.0,,,
4 Bedroom Townhouse,4200000.0,4.0,4.0,5.0,10500.0,,
3 Bedroom Townhouse,1500000.0,3.0,2.0,3.0,,"10 Bella Donna, 96 Old Main Road",
2 Bedroom House,550000.0,2.0,1.0,6.0,250.0,,
4 Bedroom House,1750000.0,4.0,3.0,5.0,927.0,537 Annet Drive,
2 Bedroom Apartment,699999.0,2.0,15.0,1.0,,"12 Deneberna, 293 Bartle Road",
4 Bedroom Townhouse,3495000.0,4.0,2.0,3.0,,,
3 Bedroom Townhouse,1750000.0,3.0,2.0,1.0,146580.0,"23 Waterford Country Estate, 52 Glen Grey Drive",
3 Bedroom Apartment,1295000.0,3.0,25.0,2.0,,,
2 Bedroom Apartment,1249000.0,2.0,1.0,2.0,,,
5 Bedroom House,1399000.0,5.0,4.0,6.0,1040.0,,
3 Bedroom Townhouse,1399000.0,3.0,2.0,4.0,,,
4 Bedroom House,780000.0,4.0,2.0,1.0,,,
1 Bedroom Apartment,725000.0,1.0,1.0,1.0,,,
3 Bedroom Apartment,2595000.0,3.0,2.0,2.0,,,
3 Bedroom Townhouse,2495000.0,3.0,2.0,1.0,5280.0,,
2 Bedroom Apartment,999000.0,2.0,1.0,1.0,,,
2 Bedroom Apartment,1249000.0,2.0,1.0,2.0,,,
2 Bedroom Apartment,1030000.0,2.0,1.0,1.0,,,
3 Bedroom Townhouse,2750000.0,3.0,2.0,3.0,,,
4 Bedroom House,2835000.0,4.0,4.0,2.0,1056.0,,
3 Bedroom House,1495000.0,3.0,2.0,5.0,312.0,,
3 Bedroom House,2050000.0,3.0,2.0,6.0,1600.0,,
4 Bedroom House,1280000.0,4.0,3.0,4.0,353.0,,
3 Bedroom Apartment,1195000.0,3.0,2.0,3.0,,"3 Cowrie Cove, 677 Barracuda Boulevard Drive",
2 Bedroom Townhouse,1695000.0,2.0,2.0,4.0,300.0,,
15 Bedroom House,3800000.0,15.0,9.0,,1241.0,,
2 Bedroom Apartment,550000.0,2.0,1.0,2.0,,,
1.5 Bedroom Apartment,1485000.0,15.0,1.0,,,,
1 Bedroom Apartment,625000.0,1.0,1.0,1.0,,,
7 Bedroom House,2500000.0,7.0,3.0,4.0,997.0,,
2 Bedroom Apartment,652000.0,2.0,1.0,1.0,,,
3 Bedroom Apartment,979000.0,3.0,1.0,2.0,,,
4 Bedroom House,6495000.0,4.0,3.0,4.0,1016.0,,
4 Bedroom House,2499000.0,4.0,4.0,4.0,929.0,,
5 Bedroom House,3699500.0,5.0,4.0,1.0,1053.0,,
2 Bedroom Apartment,2750000.0,2.0,2.0,2.0,,,
4 Bedroom House,5950000.0,4.0,3.0,2.0,1611.0,,
4 Bedroom House,1790000.0,4.0,2.0,4.0,1936.0,,
4 Bedroom House,3295000.0,4.0,3.0,3.0,1920.0,,
3 Bedroom House,2195000.0,3.0,2.0,3.0,983.0,,
2 Bedroom Apartment,488200.0,2.0,15.0,1.0,,,
3 Bedroom Apartment,1250000.0,3.0,2.0,1.0,,,
2 Bedroom House,859000.0,2.0,1.0,2.0,250.0,,
2 Bedroom Apartment,630000.0,2.0,1.0,,,,
7 Bedroom House,2500000.0,7.0,3.0,4.0,997.0,,
8 Bedroom House,1295000.0,8.0,8.0,8.0,1229.0,,
2 Bedroom Apartment,495000.0,2.0,1.0,,,,
3 Bedroom Apartment,1395000.0,3.0,2.0,2.0,,,
2 Bedroom Apartment,920000.0,2.0,1.0,1.0,,31 Mckenzie Street,
3 Bedroom Apartment,1875000.0,3.0,2.0,2.0,,,
3 Bedroom House,4250000.0,3.0,2.0,6.0,1018.0,,
3 Bedroom House,1650000.0,3.0,2.0,2.0,1052.0,,
3 Bedroom Townhouse,3895000.0,3.0,25.0,3.0,,"10 Ss THE Links At Kindlewood, 98 Edgeview Drive",
3 Bedroom Apartment,3650000.0,3.0,2.0,,,"203 Villa Pax, 2 Ocean Way",
1 Bedroom Apartment,620000.0,1.0,,1.0,,,
3 Bedroom House,1575000.0,3.0,2.0,1.0,256.0,,
2 Bedroom Apartment,995000.0,2.0,1.0,2.0,,,
3 Bedroom House,1390000.0,3.0,2.0,2.0,250.0,193 Brand Road,
3 Bedroom House,2495000.0,3.0,15.0,3.0,2459.0,,
3 Bedroom House,1850000.0,3.0,3.0,5.0,,89 Evans Road,
3 Bedroom House,1575000.0,3.0,2.0,1.0,256.0,,
3 Bedroom House,1485000.0,3.0,2.0,5.0,930.0,,
1.5 Bedroom Apartment,765000.0,15.0,1.0,,,34 Sol Harris Crescent,
1.5 Bedroom Apartment,560000.0,15.0,1.0,1.0,,"31 Seascape Lodge, 22 Nicholson Avenue",
2 Bedroom Apartment,925000.0,2.0,1.0,2.0,,,
3 Bedroom Apartment,895000.0,3.0,2.0,2.0,,,
3 Bedroom House,1699000.0,3.0,2.0,4.0,503.0,,
2 Bedroom Apartment,2700000.0,2.0,2.0,2.0,,,
4 Bedroom House,2250000.0,4.0,25.0,12.0,1092.0,,
1.5 Bedroom Apartment,1145000.0,15.0,1.0,2.0,,"2 Ridgelyn, 615 Peter Mokaba Ridge",
0.5 Bedroom Apartment,590000.0,5.0,1.0,1.0,,,
6 Bedroom House,2650000.0,6.0,4.0,8.0,1069.0,,
4 Bedroom House,2735000.0,4.0,3.0,2.0,2160.0,,
House,1057000.0,,,,600.0,27 THE Knoll,
5 Bedroom House,11749000.0,5.0,6.0,2.0,1427.0,,
3 Bedroom House,1899000.0,3.0,2.0,6.0,2248.0,,
Apartment,599000.0,,1.0,1.0,,,
4 Bedroom House,2735000.0,4.0,3.0,2.0,2160.0,,
1 Bedroom Apartment,825000.0,1.0,1.0,1.0,,449 Lena Ahrens Road,
3 Bedroom Apartment,3495000.0,3.0,2.0,2.0,,,
3 Bedroom Apartment,3395000.0,3.0,2.0,1.0,,,
3 Bedroom Townhouse,3999999.0,3.0,2.0,3.0,,,
2 Bedroom Apartment,990000.0,2.0,2.0,1.0,,,
2 Bedroom Apartment,2090000.0,2.0,2.0,1.0,,,
2 Bedroom Apartment,2250000.0,2.0,2.0,2.0,,,
3 Bedroom House,1795000.0,3.0,2.0,4.0,650.0,15a Coucal Cover Birdswood,
3 Bedroom Townhouse,2950000.0,3.0,2.0,5.0,,,
4 Bedroom House,950000.0,4.0,3.0,2.0,,,
3 Bedroom House,1050000.0,3.0,2.0,2.0,900.0,,
5 Bedroom House,1360000.0,5.0,3.0,2.0,1026.0,,
6 Bedroom House,1400000.0,6.0,35.0,4.0,1170.0,,
2 Bedroom Apartment,750000.0,2.0,1.0,2.0,,,
3 Bedroom House,2250000.0,3.0,2.0,5.0,1199.0,,
Apartment,795000.0,,,,,,
2 Bedroom Apartment,920000.0,2.0,1.0,1.0,,,
16 Bedroom Townhouse,3300000.0,16.0,11.0,20.0,1185.0,,
5 Bedroom House,9900000.0,5.0,5.0,4.0,500.0,"14 Blesbuck Road, Emanzini Bush Lodges",
2 Bedroom Apartment,4350000.0,2.0,25.0,,,"702 Umhlanga Arch, 1 Ncondo Place",
2 Bedroom Townhouse,830000.0,2.0,1.0,2.0,64097.0,1 Capri Crescent,
2 Bedroom Apartment,1295000.0,2.0,1.0,,,26 Erskine Terrace,
3 Bedroom Apartment,1400000.0,3.0,2.0,,24553.0,,
3 Bedroom Apartment,5395000.0,3.0,25.0,2.0,,"1005 Ss Shoreline Sibaya, 46 Heleza Boulevard",
4 Bedroom House,10500000.0,4.0,45.0,4.0,1022.0,54 David Place Ballito,
3 Bedroom Apartment,5395000.0,3.0,25.0,2.0,,"1005 Ss Shoreline Sibaya, 46 Heleza Boulevard",
3 Bedroom House,798000.0,3.0,15.0,2.0,551.0,,
2 Bedroom Apartment,930000.0,2.0,2.0,1.0,,,
2 Bedroom Townhouse,770000.0,2.0,1.0,1.0,,,
3 Bedroom House,1000000.0,3.0,2.0,,650.0,,
1 Bedroom House,475000.0,1.0,1.0,1.0,,,
3 Bedroom Apartment,2800000.0,3.0,3.0,2.0,,,
3 Bedroom House,1250000.0,3.0,25.0,6.0,1407.0,56 Palmiet Road,
1 Bedroom Apartment,675000.0,1.0,1.0,1.0,,15 Ebor Avenue,
4 Bedroom House,1500000.0,4.0,2.0,2.0,3829.0,,
1 Bedroom Apartment,350000.0,1.0,1.0,1.0,,,
3 Bedroom Townhouse,949000.0,3.0,1.0,3.0,90.0,,
2 Bedroom Apartment,,2.0,2.0,2.0,,,
3 Bedroom House,975000.0,3.0,2.0,1.0,,,
3 Bedroom House,4750000.0,3.0,25.0,2.0,520.0,57 Zululami Boulevard,
2 Bedroom Apartment,2400000.0,2.0,2.0,2.0,,,
3 Bedroom House,750000.0,3.0,1.0,1.0,225.0,,
2 Bedroom Apartment,635000.0,2.0,1.0,1.0,,,
14 Bedroom House,3750000.0,14.0,1.0,,1056.0,,
3 Bedroom Apartment,850000.0,3.0,2.0,1.0,,Hencolof 5 Hall Road,
7 Bedroom House,2500000.0,7.0,3.0,2.0,1882.0,1556 Pecat Street Albersville,
3 Bedroom Apartment,4150000.0,3.0,2.0,1.0,,1 Main Road,
4 Bedroom Apartment,1295000.0,4.0,3.0,3.0,,14 Sealandra Sands,
3 Bedroom House,2199000.0,3.0,2.0,10.0,823.0,,
3 Bedroom Townhouse,2650000.0,3.0,25.0,4.0,,,
6 Bedroom House,15950000.0,6.0,7.0,5.0,1519.0,,
1 Bedroom Apartment,2250000.0,1.0,1.0,1.0,,,
3 Bedroom Townhouse,990000.0,3.0,2.0,2.0,4052.0,,
3 Bedroom House,4750000.0,3.0,25.0,2.0,520.0,57 Zululami Boulevard,
2 Bedroom House,1450000.0,2.0,2.0,2.0,,,
3 Bedroom House,1450000.0,3.0,2.0,5.0,1564.0,,
1.5 Bedroom Apartment,895000.0,15.0,1.0,2.0,,,
3 Bedroom Apartment,3545000.0,3.0,2.0,1.0,,"7 Elaleni Gardens, Elaleni Coastal Forest Estate",
3 Bedroom Apartment,2200000.0,3.0,2.0,1.0,,"297 San Lameer, R61 Lower South Coast Road, San Lameer, San Lameer",
3 Bedroom Townhouse,1280000.0,3.0,25.0,2.0,,"2 Ss Castle Combe, 2 Milbank Road",
4 Bedroom House,3130000.0,4.0,2.0,2.0,1336.0,,
1 Bedroom Apartment,470000.0,1.0,1.0,,,,
3 Bedroom House,1200000.0,3.0,25.0,5.0,724.0,,
1 Bedroom Apartment,850000.0,1.0,1.0,1.0,,,
2 Bedroom Apartment,1200000.0,2.0,2.0,2.0,,,
5 Bedroom House,10500000.0,5.0,55.0,2.0,583.0,,
3 Bedroom House,4450000.0,3.0,25.0,4.0,21.0,1 Mvula Lane,
3 Bedroom House,1300000.0,3.0,2.0,4.0,1383.0,,
2 Bedroom Apartment,550000.0,2.0,2.0,2.0,,,
2 Bedroom Apartment,1495000.0,2.0,2.0,3.0,,,
5 Bedroom House,4299000.0,5.0,4.0,6.0,48.0,,
3 Bedroom Townhouse,3350000.0,3.0,2.0,2.0,1883.0,,
2 Bedroom Apartment,730000.0,2.0,1.0,2.0,79.0,"114 Ss Woodridge, 176 Blamey Road",
3 Bedroom House,650000.0,3.0,2.0,,200.0,,
2 Bedroom Apartment,1495000.0,2.0,2.0,3.0,,,
2 Bedroom Apartment,680000.0,2.0,2.0,2.0,,,
1 Bedroom Apartment,1049000.0,1.0,1.0,2.0,,,
2 Bedroom Townhouse,3300000.0,2.0,2.0,3.0,17512.0,,
2 Bedroom Apartment,899000.0,2.0,2.0,2.0,,,
3 Bedroom House,1080000.0,3.0,1.0,6.0,,,
3 Bedroom House,1100000.0,3.0,2.0,2.0,401.0,,
2 Bedroom Apartment,650000.0,2.0,1.0,1.0,,,
2 Bedroom Apartment,1795000.0,2.0,2.0,2.0,,,
3 Bedroom Apartment,2495000.0,3.0,2.0,2.0,,,
3 Bedroom House,1955000.0,3.0,2.0,2.0,959.0,,
3 Bedroom Apartment,1740000.0,3.0,2.0,3.0,,,
3 Bedroom Townhouse,1470000.0,3.0,2.0,2.0,111236.0,,
3 Bedroom Apartment,995000.0,3.0,2.0,2.0,,,
2 Bedroom Apartment,650000.0,2.0,1.0,1.0,,,
3 Bedroom Townhouse,1695000.0,3.0,25.0,1.0,2529.0,,
3 Bedroom Townhouse,1520000.0,3.0,2.0,3.0,12380.0,,
2 Bedroom Apartment,1850000.0,2.0,2.0,1.0,,,
4 Bedroom House,1300000.0,4.0,2.0,1.0,1260.0,,
1 Bedroom Apartment,1495000.0,1.0,1.0,1.0,,,
3 Bedroom Apartment,1265000.0,3.0,2.0,1.0,,,
3 Bedroom Apartment,1395000.0,3.0,2.0,2.0,,,
10 Bedroom House,4000000.0,10.0,10.0,2.0,2032.0,,
3 Bedroom Apartment,5900000.0,3.0,25.0,2.0,,,
3 Bedroom Apartment,5750000.0,3.0,25.0,2.0,,,
4 Bedroom Apartment,5900000.0,4.0,2.0,1.0,,,
4 Bedroom House,18000000.0,4.0,5.0,7.0,884.0,"Simbithi, 12 Silver Oak Way",
3 Bedroom Townhouse,1200000.0,3.0,25.0,3.0,74831.0,,
4 Bedroom House,900000.0,4.0,2.0,1.0,,,
2.5 Bedroom Apartment,1445000.0,25.0,15.0,1.0,,,
3 Bedroom House,4920000.0,3.0,25.0,4.0,379.0,32 3rd Avenue,
3 Bedroom House,1150000.0,3.0,2.0,5.0,484.0,,
2 Bedroom Apartment,3495000.0,2.0,2.0,2.0,,"3 Highline, 1 Sheffield Beach Road",
3 Bedroom Apartment,1950000.0,3.0,2.0,3.0,,"5 Mountview Gardens, 19 Mountain View Avenue",
5 Bedroom House,3850000.0,5.0,5.0,4.0,650.0,221 Heathery Lane,
3 Bedroom Apartment,6900000.0,3.0,3.0,2.0,,"401 The Skye Ridgeside, 1 Vuna Close",
2 Bedroom Apartment,750000.0,2.0,2.0,2.0,,"62 Ss Waterways Residential Estate, 21 Hlawe Street, Unit 62 Waterways Residential Estate",
4 Bedroom House,1500000.0,4.0,2.0,1.0,1385.0,,
3 Bedroom House,4130000.0,3.0,3.0,2.0,844.0,,
2 Bedroom House,350000.0,2.0,1.0,2.0,527.0,,
2 Bedroom Apartment,650000.0,2.0,2.0,1.0,,"15 Ss Kings Views Plats, 1 Uplands Road",
3 Bedroom House,1295000.0,3.0,3.0,10.0,465.0,,
2 Bedroom Apartment,750000.0,2.0,2.0,2.0,,"62 Ss Waterways Residential Estate, 21 Hlawe Street, Unit 62 Waterways Residential Estate",
2 Bedroom Apartment,655000.0,2.0,2.0,1.0,,,
1 Bedroom Apartment,545000.0,1.0,1.0,1.0,,,
3 Bedroom Apartment,2550000.0,3.0,25.0,2.0,,,
2 Bedroom Apartment,785000.0,2.0,15.0,1.0,,,
1 Bedroom Apartment,1450000.0,1.0,1.0,2.0,,"23 Shortens, 1 Lee Barnes Boulevard Boulevard",
2 Bedroom Apartment,680000.0,2.0,15.0,,,,
3 Bedroom House,1399000.0,3.0,15.0,2.0,,,
3 Bedroom Apartment,2190000.0,3.0,2.0,2.0,,,
3 Bedroom Townhouse,5495000.0,3.0,3.0,3.0,4326.0,"3 Savili, 3 Sheffield Beach Road",
1.5 Bedroom Apartment,,15.0,1.0,,,"THE Grove, 143 Margaret Mncadi Avenue",
2 Bedroom Apartment,995000.0,2.0,2.0,1.0,,66 Musgrave Road,
5 Bedroom House,1100000.0,5.0,2.0,2.0,931.0,,
2 Bedroom Apartment,680000.0,2.0,1.0,1.0,,"37 Ss Vindol, 29 Ebor Avenue",
2 Bedroom Townhouse,2375000.0,2.0,2.0,1.0,,,
3 Bedroom House,750000.0,3.0,2.0,2.0,,,
3 Bedroom House,5450000.0,3.0,25.0,3.0,577.0,,
5 Bedroom House,2495000.0,5.0,3.0,8.0,930.0,,
3 Bedroom Apartment,2550000.0,3.0,25.0,2.0,,,
1 Bedroom Apartment,250000.0,1.0,1.0,,,"20 Ss Seabrook, 107 Anton Lembede Road",
1 Bedroom Apartment,1275000.0,1.0,1.0,1.0,,"40 Pioneer Park Retirement Village, 6 Pioneer Close",
8 Bedroom House,,8.0,7.0,12.0,1470.0,4 Burnham Drive,
7 Bedroom House,15000000.0,7.0,8.0,11.0,1043.0,3b Compensation Beach Road,
2 Bedroom Apartment,750000.0,2.0,2.0,,,,
1 Bedroom House,450000.0,1.0,1.0,1.0,196.0,,
2 Bedroom House,4650000.0,2.0,2.0,,200000.0,,
3 Bedroom House,954000.0,3.0,1.0,3.0,294.0,,
2 Bedroom Apartment,1800000.0,2.0,2.0,1.0,,,
4 Bedroom House,2150000.0,4.0,3.0,9.0,1232.0,,
4 Bedroom House,2700000.0,4.0,2.0,12.0,662.0,,
5 Bedroom House,,5.0,4.0,9.0,1016.0,,
2 Bedroom Apartment,1450000.0,2.0,2.0,1.0,,,
3 Bedroom House,825000.0,3.0,1.0,1.0,,,
4 Bedroom House,2400000.0,4.0,2.0,6.0,805.0,,
3 Bedroom House,950000.0,3.0,1.0,3.0,775.0,,
5 Bedroom House,2800000.0,5.0,2.0,1.0,928.0,,
4 Bedroom House,1200000.0,4.0,2.0,5.0,342.0,,
10 Bedroom House,4400000.0,10.0,13.0,3.0,1044.0,,
2 Bedroom House,1500000.0,2.0,1.0,2.0,1515.0,,
4 Bedroom House,1200000.0,4.0,2.0,5.0,342.0,,
7 Bedroom House,1290000.0,7.0,5.0,,929.0,,
40 Bedroom Apartment,15500000.0,40.0,14.0,,349.0,,
2 Bedroom Apartment,1050000.0,2.0,2.0,2.0,6443.0,,
1 Bedroom Apartment,995000.0,1.0,1.0,1.0,893.0,,
2 Bedroom House,1325000.0,2.0,2.0,1.0,2242.0,116 Maclean Street,
2 Bedroom Townhouse,3258000.0,2.0,2.0,3.0,,"30 Elaleni Gardens, 1 Elaleni Drive",
6 Bedroom House,2200000.0,6.0,5.0,6.0,1048.0,,
2 Bedroom Apartment,1100000.0,2.0,1.0,2.0,,"3 Ss Golden Sands, 9 Marine Drive",
5 Bedroom House,1499000.0,5.0,2.0,4.0,,,
3 Bedroom House,900000.0,3.0,15.0,4.0,459.0,,
2 Bedroom Apartment,750000.0,2.0,1.0,3.0,,,
2 Bedroom Apartment,4250000.0,2.0,2.0,2.0,,,
3 Bedroom House,1500000.0,3.0,2.0,4.0,1404.0,,
4 Bedroom House,2200000.0,4.0,2.0,4.0,1868.0,,
3 Bedroom Apartment,4250000.0,3.0,2.0,2.0,,37 South Beach Road,
2 Bedroom Apartment,2650000.0,2.0,2.0,1.0,,,
1 Bedroom Apartment,2250000.0,1.0,1.0,1.0,,,
2 Bedroom Townhouse,795000.0,2.0,1.0,1.0,2599.0,,
3 Bedroom House,1450000.0,3.0,1.0,,1197.0,,
2 Bedroom Apartment,1800000.0,2.0,2.0,2.0,,,
2 Bedroom Apartment,1750000.0,2.0,15.0,2.0,,,
1 Bedroom Apartment,1250000.0,1.0,1.0,1.0,,,
1 Bedroom Apartment,2250000.0,1.0,1.0,1.0,,,
2 Bedroom Apartment,800000.0,2.0,1.0,1.0,,,
1.5 Bedroom Apartment,595000.0,15.0,1.0,2.0,,,
3 Bedroom House,1095000.0,3.0,2.0,4.0,250.0,,
2.5 Bedroom Apartment,1590000.0,25.0,15.0,2.0,,,
3 Bedroom Townhouse,1530000.0,3.0,1.0,2.0,4441.0,14 Gillitt Road,
2 Bedroom Apartment,895000.0,2.0,1.0,1.0,,"6 Lawson Mansions, 136 Alan Payton Road",
4 Bedroom Townhouse,12500000.0,4.0,35.0,2.0,397.0,P228 Sheffield Beach Road,
5 Bedroom House,4400000.0,5.0,45.0,2.0,,,
2 Bedroom Apartment,765000.0,2.0,2.0,2.0,,,
5 Bedroom House,4400000.0,5.0,45.0,2.0,,,
2 Bedroom Apartment,1100000.0,2.0,1.0,,,,
2 Bedroom Apartment,700000.0,2.0,2.0,1.0,,2 Dean Road,
3 Bedroom House,3400000.0,3.0,25.0,4.0,360.0,,
1.5 Bedroom Apartment,710000.0,15.0,1.0,1.0,,,
2 Bedroom Apartment,680000.0,2.0,1.0,1.0,,,
1 Bedroom Apartment,3980000.0,1.0,1.0,2.0,,109 Snell Parade,
3 Bedroom Apartment,7500000.0,3.0,2.0,2.0,,,
3 Bedroom Townhouse,899000.0,3.0,1.0,1.0,,,
3 Bedroom Townhouse,4315000.0,3.0,2.0,2.0,,,
2 Bedroom Townhouse,795000.0,2.0,1.0,1.0,,,
2 Bedroom Apartment,1695000.0,2.0,2.0,1.0,,,
1 Bedroom Apartment,420000.0,1.0,1.0,1.0,,,
2 Bedroom Apartment,25000000.0,2.0,1.0,1.0,,,
2 Bedroom Apartment,1500000.0,2.0,2.0,1.0,,,
4 Bedroom Townhouse,1395000.0,4.0,2.0,4.0,,,
4 Bedroom Apartment,4700000.0,4.0,3.0,1.0,,,
1 Bedroom Apartment,1490000.0,1.0,1.0,,,,
2 Bedroom Apartment,895000.0,2.0,2.0,5.0,,,
2 Bedroom Apartment,1550000.0,2.0,2.0,2.0,,,
2 Bedroom Apartment,995000.0,2.0,2.0,1.0,,,
2 Bedroom Apartment,1550000.0,2.0,2.0,2.0,,,
3 Bedroom House,960000.0,3.0,2.0,1.0,574.0,,
4 Bedroom House,1500000.0,4.0,4.0,,1516.0,,
3 Bedroom House,855000.0,3.0,1.0,2.0,1288.0,,
3 Bedroom Apartment,1295000.0,3.0,2.0,1.0,,,
2 Bedroom Apartment,469000.0,2.0,1.0,1.0,66.0,,
2 Bedroom Apartment,815000.0,2.0,1.0,1.0,,,
3 Bedroom House,2495000.0,3.0,2.0,3.0,188.0,,
4 Bedroom House,4000000.0,4.0,4.0,10.0,737.0,,
14 Bedroom House,5500000.0,14.0,12.0,4.0,7888.0,,
3 Bedroom House,850000.0,3.0,2.0,1.0,581.0,,
1 Bedroom Apartment,1050000.0,1.0,1.0,1.0,,"2 Libra, 33 Collison",
3 Bedroom Apartment,560000.0,3.0,1.0,1.0,76.0,,
3 Bedroom Apartment,1100000.0,3.0,2.0,2.0,,,
2 Bedroom Apartment,3345000.0,2.0,2.0,2.0,,,
3 Bedroom Apartment,3450000.0,3.0,2.0,1.0,,,
2 Bedroom Apartment,1975000.0,2.0,2.0,1.0,,,
3 Bedroom House,1850000.0,3.0,2.0,2.0,1016.0,,
2 Bedroom Apartment,3300000.0,2.0,2.0,2.0,,,
3 Bedroom Apartment,3450000.0,3.0,2.0,1.0,,,
3 Bedroom Townhouse,3500000.0,3.0,2.0,3.0,,,
5 Bedroom Apartment,14500000.0,5.0,5.0,2.0,,,
3 Bedroom Apartment,1690000.0,3.0,2.0,2.0,,,
3 Bedroom Townhouse,1999000.0,3.0,2.0,2.0,,,
2 Bedroom Apartment,3950000.0,2.0,2.0,1.0,,,
5 Bedroom House,5000000.0,5.0,3.0,7.0,3822.0,,
3 Bedroom Apartment,1487500.0,3.0,2.0,1.0,,,
4 Bedroom House,3500000.0,4.0,3.0,8.0,1406.0,,
4 Bedroom House,1120000.0,4.0,1.0,3.0,338.0,,
3 Bedroom Apartment,1730000.0,3.0,2.0,2.0,,,
4 Bedroom Townhouse,5950000.0,4.0,4.0,2.0,6160.0,,
6 Bedroom House,1999000.0,6.0,4.0,9.0,1175.0,,
3 Bedroom Townhouse,1450000.0,3.0,2.0,2.0,17279.0,,
4 Bedroom House,,4.0,3.0,2.0,906.0,223 High Ridge Road,
4 Bedroom Townhouse,5600000.0,4.0,4.0,4.0,7439.0,"3 Balawatu, 105 Yellowwood Drive",
1 Bedroom Apartment,1050000.0,1.0,1.0,1.0,,,
3 Bedroom Apartment,5950000.0,3.0,3.0,2.0,,,
4 Bedroom Apartment,7000000.0,4.0,3.0,2.0,,,
2 Bedroom Townhouse,2250000.0,2.0,15.0,3.0,,,
5 Bedroom House,3850000.0,5.0,4.0,5.0,1236.0,,
2 Bedroom Apartment,799000.0,2.0,1.0,1.0,,635 Oswald Road,
2 Bedroom Apartment,650000.0,2.0,1.0,,,17 Mars Road,
2 Bedroom Apartment,880000.0,2.0,1.0,1.0,,,
2 Bedroom Apartment,914000.0,2.0,1.0,,,1299 Bournemouth Avenue,
5 Bedroom House,4500000.0,5.0,6.0,2.0,158000.0,360 Drift Farm 1 Sunbird Road,
1.5 Bedroom Apartment,680000.0,15.0,1.0,1.0,,"2 Ss Brierley, 55 J.b. Marks Road",
Apartment,580000.0,,1.0,1.0,,71 Beach Road,
2 Bedroom Apartment,1999000.0,2.0,2.0,,,,
2 Bedroom Apartment,850000.0,2.0,2.0,2.0,,1 Duke Road,
3 Bedroom Townhouse,4850000.0,3.0,3.0,3.0,,,
2 Bedroom Apartment,799000.0,2.0,1.0,1.0,,635 Oswald Road,
2 Bedroom Apartment,799000.0,2.0,1.0,1.0,,635 Oswald Road,
2 Bedroom Apartment,980000.0,2.0,2.0,,,2038 Bidstone Road,
3 Bedroom Apartment,2650000.0,3.0,2.0,1.0,,,
3 Bedroom Apartment,1599000.0,3.0,2.0,3.0,,,
4 Bedroom Townhouse,8109551.0,4.0,45.0,4.0,,Erf 648 Zimbali Lakes Drive,
3 Bedroom Apartment,7000000.0,3.0,2.0,2.0,,,
4 Bedroom Apartment,12350000.0,4.0,2.0,2.0,,,
3 Bedroom House,2449000.0,3.0,25.0,12.0,836.0,,
3 Bedroom House,680000.0,3.0,1.0,4.0,325.0,,
2 Bedroom Townhouse,600000.0,2.0,1.0,1.0,259567.0,,
1 Bedroom Apartment,525000.0,1.0,1.0,1.0,,,
3 Bedroom House,920000.0,3.0,2.0,2.0,,57 Rockhill Drive,
2 Bedroom Apartment,1390000.0,2.0,2.0,2.0,,,
3 Bedroom Townhouse,875000.0,3.0,1.0,1.0,37887.0,,
3 Bedroom House,6921200.0,3.0,3.0,2.0,,,
2 Bedroom Apartment,750000.0,2.0,2.0,1.0,,,
2 Bedroom Apartment,895000.0,2.0,2.0,1.0,,,
1 Bedroom Apartment,1075000.0,1.0,1.0,1.0,,,
2 Bedroom Townhouse,1880000.0,2.0,2.0,2.0,,,
3 Bedroom Apartment,3000000.0,3.0,2.0,2.0,,,
2 Bedroom House,1390000.0,2.0,2.0,2.0,14.0,,
2 Bedroom Apartment,650000.0,2.0,1.0,,,176 Blamey Road,
3 Bedroom Townhouse,4250000.0,3.0,2.0,2.0,,,
2 Bedroom Townhouse,580000.0,2.0,2.0,1.0,259567.0,,
1.5 Bedroom Apartment,598500.0,15.0,1.0,1.0,,,
2 Bedroom Apartment,895000.0,2.0,2.0,1.0,,,
1 Bedroom Apartment,500000.0,1.0,1.0,1.0,58.0,,
5 Bedroom House,7000000.0,5.0,5.0,4.0,1230.0,,
4 Bedroom House,2500000.0,4.0,4.0,3.0,1064.0,,
3 Bedroom Apartment,5295000.0,3.0,3.0,2.0,,,
3 Bedroom House,2495000.0,3.0,2.0,5.0,796.0,,
2 Bedroom Apartment,890000.0,2.0,1.0,2.0,,,
3 Bedroom House,1590000.0,3.0,25.0,7.0,931.0,,
3 Bedroom Apartment,7900000.0,3.0,35.0,4.0,,1 Ncondo Place,
3 Bedroom Apartment,2000000.0,3.0,2.0,2.0,,"3 Cotswold Fenns Estate, 118 Inanda Road",
5 Bedroom House,4250000.0,5.0,4.0,6.0,1072.0,,
2 Bedroom House,1050000.0,2.0,1.0,1.0,661.0,,
3 Bedroom House,1295000.0,3.0,15.0,5.0,,,
3 Bedroom House,899000.0,3.0,2.0,4.0,595.0,,
2 Bedroom Apartment,550000.0,2.0,1.0,1.0,,,
4 Bedroom House,1595000.0,4.0,4.0,7.0,1343.0,,
2 Bedroom Apartment,3780000.0,2.0,2.0,2.0,,"1 Ridgeside Dr, Umhlanga Ridge, Durban, 4319",
2 Bedroom Townhouse,760000.0,2.0,2.0,2.0,108034.0,1 A Ramsay Road,
3 Bedroom House,925000.0,3.0,2.0,2.0,450.0,,
3 Bedroom Apartment,7900000.0,3.0,35.0,4.0,,1 Ncondo Place,
3 Bedroom Apartment,895000.0,3.0,1.0,2.0,,,
6 Bedroom House,8840000.0,6.0,6.0,2.0,2181.0,1 Stoneford Lodge,
4 Bedroom House,990000.0,4.0,1.0,1.0,2794.0,,
2 Bedroom House,729000.0,2.0,1.0,3.0,186.0,,
4 Bedroom House,550000.0,4.0,2.0,,300.0,,
2 Bedroom House,729000.0,2.0,1.0,3.0,186.0,,
2 Bedroom House,685000.0,2.0,15.0,2.0,636.0,,
2 Bedroom Townhouse,1450000.0,2.0,2.0,2.0,,,
3 Bedroom Townhouse,7195000.0,3.0,35.0,6.0,,,
2 Bedroom House,975000.0,2.0,1.0,4.0,367.0,,
4 Bedroom House,780000.0,4.0,1.0,,429.0,,
2 Bedroom House,3395000.0,2.0,2.0,2.0,,,
2 Bedroom House,485000.0,2.0,1.0,5.0,1000.0,,
3 Bedroom Townhouse,1090000.0,3.0,15.0,2.0,,,
2 Bedroom Apartment,550000.0,2.0,1.0,,,,
3 Bedroom Townhouse,1150000.0,3.0,2.0,2.0,,,
2.5 Bedroom Apartment,420000.0,25.0,1.0,2.0,,,
3 Bedroom House,799000.0,3.0,1.0,1.0,513.0,,
6 Bedroom Apartment,4500000.0,6.0,4.0,13.0,,,
2 Bedroom House,1290000.0,2.0,1.0,1.0,,,
2 Bedroom House,495000.0,2.0,1.0,3.0,,,
4 Bedroom House,290000.0,4.0,2.0,4.0,,,
2 Bedroom Apartment,920000.0,2.0,1.0,1.0,,31 Mckenzie Street,
4 Bedroom House,950000.0,4.0,2.0,2.0,1151.0,,
6 Bedroom House,1500000.0,6.0,4.0,1.0,4072.0,,
3 Bedroom House,950000.0,3.0,2.0,1.0,4057.0,,
4 Bedroom House,1395000.0,4.0,2.0,2.0,1419.0,,
3 Bedroom House,1390000.0,3.0,3.0,3.0,472.0,,
2 Bedroom House,620000.0,2.0,1.0,1.0,314.0,,
2 Bedroom Apartment,2450000.0,2.0,2.0,3.0,,,
2 Bedroom Apartment,1100000.0,2.0,2.0,2.0,,,
4 Bedroom House,1395000.0,4.0,1.0,1.0,1963.0,,
1 Bedroom Apartment,995000.0,1.0,1.0,1.0,,,
2 Bedroom Apartment,620000.0,2.0,1.0,,,,
4 Bedroom House,2300000.0,4.0,2.0,17.0,1080.0,,
2 Bedroom Townhouse,660000.0,2.0,2.0,2.0,68342.0,,
3 Bedroom House,1290000.0,3.0,2.0,2.0,484.0,,
4 Bedroom House,1350000.0,4.0,2.0,3.0,960.0,,
2 Bedroom Apartment,610000.0,2.0,1.0,,,,
5 Bedroom House,849000.0,5.0,2.0,7.0,1107.0,,
1 Bedroom Apartment,995000.0,1.0,1.0,1.0,,,
1 Bedroom Apartment,550000.0,1.0,1.0,1.0,,,
1 Bedroom Apartment,1050000.0,1.0,1.0,1.0,,,
2 Bedroom Apartment,1210000.0,2.0,2.0,1.0,,,
2 Bedroom Townhouse,1190000.0,2.0,2.0,2.0,,,
3 Bedroom Apartment,800000.0,3.0,2.0,1.0,,,
2 Bedroom Apartment,1450000.0,2.0,2.0,2.0,,,
4 Bedroom House,6400000.0,4.0,3.0,4.0,741.0,,
4 Bedroom House,1650000.0,4.0,3.0,1.0,1623.0,,
2 Bedroom Apartment,795000.0,2.0,1.0,2.0,,,
3 Bedroom House,4995000.0,3.0,35.0,2.0,,,
2 Bedroom Apartment,775000.0,2.0,2.0,1.0,,,
2 Bedroom Apartment,750000.0,2.0,1.0,1.0,,,
2 Bedroom Apartment,400000.0,2.0,1.0,1.0,,,
3 Bedroom House,820000.0,3.0,2.0,,2900.0,99 Lord Macartney Road,
3 Bedroom Apartment,8950000.0,3.0,3.0,2.0,,,
2 Bedroom Apartment,400000.0,2.0,1.0,1.0,,,
3 Bedroom House,3790000.0,3.0,2.0,6.0,457.0,,
2 Bedroom Townhouse,895000.0,2.0,1.0,1.0,,,
4 Bedroom House,2150000.0,4.0,2.0,2.0,1312.0,13 Matapan Drive,
3 Bedroom Townhouse,2900000.0,3.0,4.0,2.0,,,
3 Bedroom Townhouse,2900000.0,3.0,4.0,3.0,,,
2 Bedroom Apartment,2999000.0,2.0,2.0,1.0,,,
4 Bedroom House,8500000.0,4.0,4.0,2.0,1208.0,,
2 Bedroom Apartment,2100000.0,2.0,2.0,2.0,,,
1 Bedroom Apartment,1000000.0,1.0,1.0,1.0,,,
3 Bedroom Apartment,1400000.0,3.0,2.0,2.0,,,
3 Bedroom House,965000.0,3.0,1.0,,374.0,,
3 Bedroom Townhouse,895000.0,3.0,2.0,2.0,4143.0,,
5 Bedroom Apartment,1750000.0,5.0,3.0,8.0,,,
3 Bedroom Apartment,1995000.0,3.0,2.0,2.0,,,
4 Bedroom House,5199000.0,4.0,4.0,4.0,778.0,,
3 Bedroom Apartment,2900000.0,3.0,35.0,1.0,,,
3 Bedroom Townhouse,1150000.0,3.0,2.0,1.0,,,
3 Bedroom Apartment,7495000.0,3.0,2.0,2.0,,,
3 Bedroom Apartment,1950000.0,3.0,2.0,1.0,,,
3 Bedroom House,785000.0,3.0,2.0,,1008.0,,
3 Bedroom House,750000.0,3.0,1.0,,,63 Jabu Ndlovu Street,
3 Bedroom Apartment,7100000.0,3.0,3.0,2.0,,,
3 Bedroom Apartment,1300000.0,3.0,2.0,2.0,,,
4 Bedroom Apartment,5100000.0,4.0,3.0,2.0,,,
1 Bedroom Apartment,1070000.0,1.0,1.0,2.0,,,
3 Bedroom Townhouse,1050000.0,3.0,15.0,2.0,5715.0,,
4 Bedroom House,5199000.0,4.0,4.0,4.0,778.0,,
3 Bedroom Apartment,1900000.0,3.0,2.0,2.0,,,
4 Bedroom House,1500000.0,4.0,2.0,4.0,1831.0,,
1 Bedroom Apartment,550000.0,1.0,1.0,1.0,,,
1.5 Bedroom Apartment,600000.0,15.0,1.0,1.0,,67 Cromwell Road,
3 Bedroom House,1495000.0,3.0,3.0,1.0,1217.0,,
4 Bedroom Townhouse,9950000.0,4.0,4.0,2.0,,,
3 Bedroom House,895000.0,3.0,25.0,3.0,1800.0,,
3 Bedroom Apartment,750000.0,3.0,1.0,1.0,,,
2.5 Bedroom Apartment,650000.0,25.0,1.0,,,,
4 Bedroom Townhouse,9950000.0,4.0,4.0,2.0,,,
3 Bedroom Apartment,1750000.0,3.0,2.0,2.0,,,
4 Bedroom House,6695000.0,4.0,4.0,10.0,786.0,444 Sanlameer,
2 Bedroom Apartment,695000.0,2.0,1.0,1.0,,,
2 Bedroom Apartment,3000000.0,2.0,2.0,2.0,,4 115 Lambert Road,
2 Bedroom Apartment,3250000.0,2.0,2.0,2.0,,,
2 Bedroom Apartment,3500000.0,2.0,2.0,2.0,,1 115 Lambert Road,
3 Bedroom Apartment,5500000.0,3.0,3.0,2.0,,14 115 Lambert Road,
2 Bedroom Apartment,2750000.0,2.0,2.0,2.0,,11 115 Lambert Road,
3 Bedroom House,1950000.0,3.0,2.0,3.0,1170.0,,
4 Bedroom Townhouse,12995000.0,4.0,45.0,4.0,4672.0,,
23 Bedroom House,10862500.0,23.0,23.0,,2129.0,,
3 Bedroom House,3195000.0,3.0,2.0,6.0,7071.0,,
2 Bedroom House,420000.0,2.0,1.0,1.0,545.0,,
10 Bedroom House,1895000.0,10.0,5.0,6.0,424.0,,
4 Bedroom Apartment,1740000.0,4.0,2.0,2.0,,,
8 Bedroom House,2500000.0,8.0,4.0,11.0,1685.0,18 Hedley Road,
6 Bedroom House,1850000.0,6.0,4.0,10.0,887.0,,
1 Bedroom Apartment,1175000.0,1.0,1.0,1.0,,,
5 Bedroom House,8495000.0,5.0,5.0,10.0,2108.0,,
1 Bedroom Apartment,1175000.0,1.0,1.0,1.0,,,
4 Bedroom House,6950000.0,4.0,35.0,6.0,,,
2 Bedroom Apartment,4300000.0,2.0,25.0,2.0,,,
4 Bedroom House,2095000.0,4.0,4.0,5.0,689.0,,
2 Bedroom Apartment,1150000.0,2.0,2.0,2.0,,7 Lagoon Rd,
1 Bedroom Apartment,1030975.0,1.0,1.0,1.0,,"15 Acacia Place, 51 Acacia Crescent",
3 Bedroom House,1650000.0,3.0,3.0,4.0,188.0,,
5 Bedroom House,1545000.0,5.0,3.0,3.0,1810.0,,
3 Bedroom Apartment,1199000.0,3.0,2.0,2.0,,,
2 Bedroom Apartment,1200000.0,2.0,1.0,1.0,,,
2 Bedroom Apartment,650000.0,2.0,1.0,1.0,,,
2 Bedroom House,995000.0,2.0,2.0,6.0,467.0,,
3 Bedroom House,3985000.0,3.0,3.0,10.0,609.0,,
3 Bedroom Apartment,1350000.0,3.0,2.0,2.0,,,
3 Bedroom House,995000.0,3.0,3.0,5.0,686.0,,
3 Bedroom Townhouse,1950000.0,3.0,2.0,3.0,,70 Gordon Road,
2 Bedroom Apartment,580000.0,2.0,1.0,,,,
3 Bedroom Townhouse,2200000.0,3.0,2.0,2.0,,,
3 Bedroom Apartment,2000000.0,3.0,25.0,2.0,,,
1 Bedroom Apartment,1550000.0,1.0,1.0,2.0,,"12 Ridge Town Central, 5 Summit Row",
2 Bedroom Apartment,1450000.0,2.0,2.0,1.0,,". Caefron Mews, 28 Caefron Avenue",
1 Bedroom Apartment,400000.0,1.0,1.0,,,,
2 Bedroom Apartment,749500.0,2.0,2.0,1.0,,,
2 Bedroom Apartment,730000.0,2.0,1.0,1.0,,,
2 Bedroom Apartment,700000.0,2.0,1.0,1.0,,,
3 Bedroom House,1000000.0,3.0,1.0,,926.0,,
2 Bedroom House,895000.0,2.0,1.0,4.0,344.0,,
3 Bedroom House,975000.0,3.0,2.0,1.0,,,
2 Bedroom Townhouse,895000.0,2.0,1.0,2.0,,,
3 Bedroom Apartment,9500000.0,3.0,3.0,2.0,,,
4 Bedroom House,5495000.0,4.0,3.0,8.0,1181.0,22 Mount Edgecombe Drive,
3 Bedroom Apartment,1100000.0,3.0,2.0,1.0,,,
3 Bedroom House,1695000.0,3.0,2.0,2.0,665.0,,
2 Bedroom Apartment,1380000.0,2.0,2.0,1.0,,,
3 Bedroom Apartment,2000000.0,3.0,25.0,2.0,,,
4 Bedroom House,3495000.0,4.0,4.0,1.0,1328.0,12 Imbezane Drive,
3 Bedroom House,800000.0,3.0,15.0,4.0,385.0,,
3 Bedroom Apartment,1630000.0,3.0,2.0,,,,
3 Bedroom House,3600000.0,3.0,2.0,3.0,,,
3 Bedroom House,1450000.0,3.0,3.0,3.0,1203.0,,
1 Bedroom Apartment,1400000.0,1.0,1.0,1.0,,,
4 Bedroom House,5800000.0,4.0,4.0,3.0,745.0,,
13 Bedroom House,2900000.0,13.0,7.0,,881.0,,
2 Bedroom Apartment,2195000.0,2.0,2.0,3.0,,,
2 Bedroom Apartment,1890000.0,2.0,1.0,2.0,,,
2 Bedroom Apartment,2590000.0,2.0,2.0,2.0,1032.0,,
3 Bedroom House,3600000.0,3.0,2.0,3.0,,,
2 Bedroom Apartment,4100000.0,2.0,2.0,2.0,,,
3 Bedroom House,535000.0,3.0,15.0,2.0,922.0,,
1 Bedroom Apartment,1350000.0,1.0,1.0,1.0,,,
2 Bedroom House,1150000.0,2.0,1.0,2.0,222.0,,
2 Bedroom House,670000.0,2.0,1.0,,272.0,,
4 Bedroom House,950000.0,4.0,4.0,2.0,900.0,,
3 Bedroom Townhouse,1495000.0,3.0,25.0,2.0,,,
3 Bedroom Townhouse,1100000.0,3.0,25.0,3.0,,,
5 Bedroom House,2150000.0,5.0,2.0,2.0,2881.0,,
2 Bedroom Apartment,3200000.0,2.0,2.0,2.0,,,
3 Bedroom Townhouse,1595000.0,3.0,2.0,2.0,,2 Olive Road,
3 Bedroom House,1590000.0,3.0,2.0,4.0,1857.0,,
2 Bedroom Apartment,850000.0,2.0,2.0,1.0,,"8 Surf Edge, 218 Marine Drive",
3 Bedroom Townhouse,2000000.0,3.0,2.0,,2148.0,"38 Pine Grove, Parkhill, Durban, 4051",
2 Bedroom House,540000.0,2.0,1.0,1.0,1120.0,63 Roosevelt Avenue,
3 Bedroom Townhouse,2299900.0,3.0,2.0,2.0,,122 New England Road,
4 Bedroom House,7600000.0,4.0,25.0,4.0,1190.0,2 Leonora Close,
4 Bedroom House,4750000.0,4.0,4.0,7.0,8214.0,4a Cuckoo Lane,
3 Bedroom Townhouse,2550000.0,3.0,3.0,2.0,,300 Old Howick Road,
5 Bedroom House,1500000.0,5.0,3.0,7.0,414.0,62 Lotus Road,
2 Bedroom Apartment,850000.0,2.0,2.0,1.0,,"8 Surf Edge, 218 Marine Drive",
3 Bedroom House,1400000.0,3.0,2.0,2.0,1863.0,,
4 Bedroom House,2350000.0,4.0,35.0,2.0,2158.0,,
3 Bedroom House,2200000.0,3.0,2.0,,1184.0,,
2 Bedroom Apartment,840000.0,2.0,1.0,2.0,,,
3 Bedroom Townhouse,1690000.0,3.0,2.0,4.0,,31 Campbell Rd,
3 Bedroom Townhouse,2900000.0,3.0,2.0,4.0,,"6 Ss Buckingham, 54 Somerset Drive",
3 Bedroom Townhouse,2519910.0,3.0,2.0,5.0,,122 New England Road,
3 Bedroom House,1950000.0,3.0,2.0,6.0,781.0,86 Albert Dlomo Road,
4 Bedroom House,1499000.0,4.0,2.0,8.0,1113.0,2 Marche Avenue,
6 Bedroom House,1995000.0,6.0,5.0,6.0,1330.0,,
2 Bedroom Apartment,545000.0,2.0,,1.0,46.0,,
4 Bedroom House,15000000.0,4.0,5.0,7.0,,,
4 Bedroom House,2500000.0,4.0,2.0,2.0,565.0,,
4 Bedroom House,1675000.0,4.0,3.0,2.0,1586.0,,
3 Bedroom Apartment,2250000.0,3.0,2.0,1.0,,,
3 Bedroom Apartment,800000.0,3.0,1.0,1.0,,,
3 Bedroom House,900000.0,3.0,1.0,2.0,209.0,,
3 Bedroom House,4995000.0,3.0,25.0,4.0,1861.0,,
2 Bedroom Apartment,1950000.0,2.0,2.0,1.0,,,
3 Bedroom House,1550000.0,3.0,15.0,4.0,1500.0,,
5 Bedroom House,2785000.0,5.0,4.0,4.0,1600.0,,
2 Bedroom Apartment,1250000.0,2.0,2.0,2.0,,,
3 Bedroom House,1000000.0,3.0,2.0,1.0,412.0,,
2 Bedroom Apartment,545000.0,2.0,,1.0,46.0,,
1 Bedroom Apartment,550000.0,1.0,1.0,,,,
2 Bedroom Apartment,2295000.0,2.0,2.0,2.0,,,
4 Bedroom House,1500000.0,4.0,4.0,,498.0,,
4 Bedroom House,885000.0,4.0,2.0,6.0,,,
Apartment,2300000.0,,1.0,1.0,,,
2 Bedroom House,295000.0,2.0,1.0,,,,
3 Bedroom Townhouse,350000.0,3.0,2.0,1.0,110735.0,,
2 Bedroom Townhouse,2700000.0,2.0,2.0,1.0,,,
7 Bedroom House,6500000.0,7.0,3.0,6.0,4500.0,,
1 Bedroom Apartment,475000.0,1.0,1.0,1.0,,,
3 Bedroom House,855000.0,3.0,2.0,2.0,254.0,,
5 Bedroom House,1600000.0,5.0,5.0,2.0,1035.0,23 Georgemiller Road,
3 Bedroom Apartment,3500000.0,3.0,2.0,1.0,,"1 Perna Perna 2, 7 North Beach Road",
4 Bedroom House,3950000.0,4.0,35.0,2.0,4392.0,,
5 Bedroom House,6500000.0,5.0,55.0,9.0,2144.0,,
3 Bedroom House,2495000.0,3.0,2.0,4.0,2369.0,,
2 Bedroom Apartment,965000.0,2.0,1.0,2.0,,97 Marine Drive,
2 Bedroom Apartment,880000.0,2.0,1.0,1.0,,,
1 Bedroom Apartment,570000.0,1.0,1.0,,,,
5 Bedroom House,8500000.0,5.0,7.0,7.0,1308.0,,
4 Bedroom Townhouse,1195000.0,4.0,2.0,2.0,13397.0,,
5 Bedroom House,8500000.0,5.0,45.0,8.0,1356.0,94 Inanda Road,
1 Bedroom Apartment,570000.0,1.0,1.0,,,,
1 Bedroom Apartment,1190000.0,1.0,1.0,,,12 Solstice Road,
3 Bedroom Apartment,4990000.0,3.0,2.0,2.0,,,
3 Bedroom Apartment,940000.0,3.0,2.0,1.0,,,
4 Bedroom Apartment,5900000.0,4.0,3.0,1.0,,,
1 Bedroom Apartment,550000.0,1.0,1.0,1.0,,,
3 Bedroom Townhouse,1590000.0,3.0,1.0,2.0,5537.0,,
2 Bedroom Apartment,1100000.0,2.0,2.0,2.0,,,
3 Bedroom House,750000.0,3.0,1.0,1.0,207.0,,
4 Bedroom House,11250000.0,4.0,4.0,8.0,872.0,,
2 Bedroom Apartment,995000.0,2.0,1.0,1.0,,,
2.5 Bedroom Apartment,960000.0,25.0,1.0,,,,
1 Bedroom Apartment,530000.0,1.0,1.0,1.0,,1 Colley Street,
5 Bedroom House,1575000.0,5.0,25.0,4.0,905.0,,
2 Bedroom Apartment,1113000.0,2.0,1.0,1.0,,,
3 Bedroom House,850000.0,3.0,1.0,,1178.0,,
3 Bedroom House,1685000.0,3.0,15.0,5.0,888.0,,
4 Bedroom House,8855000.0,4.0,3.0,5.0,6525.0,,
3 Bedroom Townhouse,830000.0,3.0,2.0,2.0,,,
3 Bedroom Apartment,2150000.0,3.0,3.0,1.0,,,
4 Bedroom House,5800000.0,4.0,4.0,12.0,12141.0,22 Pioneer Road,
3 Bedroom Townhouse,830000.0,3.0,2.0,2.0,,,
House,2600000.0,,,,1222.0,"3 Porpoise Passage Meer En See,richards Bay",
4 Bedroom House,2295000.0,4.0,3.0,2.0,940.0,823 General Hertzog Drive,
2 Bedroom Townhouse,820000.0,2.0,15.0,1.0,,,
4 Bedroom House,2795000.0,4.0,35.0,2.0,,,
3 Bedroom House,4850000.0,3.0,3.0,5.0,1026.0,,
4 Bedroom House,6999000.0,4.0,3.0,5.0,7283.0,,
2 Bedroom Apartment,3550000.0,2.0,2.0,2.0,,,
4 Bedroom House,680000.0,4.0,2.0,3.0,297.0,,
Apartment,2595000.0,,1.0,1.0,,,
1 Bedroom House,1250000.0,1.0,1.0,,5232.0,,
4 Bedroom Townhouse,3350000.0,4.0,3.0,4.0,,,
4 Bedroom House,1950000.0,4.0,2.0,4.0,2049.0,,
2 Bedroom Apartment,1125000.0,2.0,1.0,1.0,,"Unit 2006, Hesketh Estate, 275 Gladys Manzi Road",
3 Bedroom House,850000.0,3.0,2.0,2.0,184559.0,,
3 Bedroom Apartment,7935000.0,3.0,3.0,2.0,,,
1 Bedroom Apartment,1500000.0,1.0,1.0,1.0,,,
3 Bedroom House,850000.0,3.0,2.0,2.0,184559.0,,
3 Bedroom Apartment,2150000.0,3.0,3.0,2.0,,,
3 Bedroom Townhouse,4450000.0,3.0,25.0,3.0,12415.0,"12 North Shore, 1 Mvula Lane",
2 Bedroom Apartment,695000.0,2.0,1.0,1.0,,,
2 Bedroom Apartment,1495000.0,2.0,1.0,2.0,,,
6 Bedroom House,1100000.0,6.0,4.0,4.0,347.0,,
3 Bedroom House,1190000.0,3.0,3.0,9.0,975.0,,
2.5 Bedroom Apartment,1095000.0,25.0,15.0,3.0,,,
2 Bedroom Townhouse,1159000.0,2.0,2.0,2.0,,,
3 Bedroom Townhouse,2900000.0,3.0,25.0,2.0,,,
3 Bedroom Apartment,1195000.0,3.0,2.0,1.0,,"3 Blue Horizon, 3a Cutfield Place",
2 Bedroom Apartment,895000.0,2.0,1.0,1.0,,,
2 Bedroom House,850000.0,2.0,1.0,1.0,926.0,,
3 Bedroom House,780000.0,3.0,2.0,3.0,653.0,,
3 Bedroom Townhouse,1820000.0,3.0,2.0,4.0,12.0,,
2 Bedroom Townhouse,800000.0,2.0,1.0,2.0,,,
3 Bedroom Apartment,1625000.0,3.0,2.0,2.0,,"28 Ss Sahiti Gardens, 2 Dolphin Avenue, Unit 28 Sahiti Gardens",
4 Bedroom Townhouse,9800000.0,4.0,35.0,2.0,6198.0,"16 Ss Oceans Edge, 15-17 Leadwood Loop, Unit 16 Oceans Edge",
7 Bedroom House,5995000.0,7.0,35.0,3.0,108600.0,,
6 Bedroom House,10200000.0,6.0,45.0,4.0,5313.0,34 Kenilworth Drive,
14 Bedroom House,6500000.0,14.0,13.0,12.0,3814.0,,
3 Bedroom Townhouse,1995000.0,3.0,2.0,2.0,5166.0,,
4 Bedroom Apartment,3285000.0,4.0,35.0,4.0,467.0,,
4 Bedroom House,6700000.0,4.0,4.0,4.0,1012.0,,
4 Bedroom House,885000.0,4.0,2.0,5.0,1100.0,,
3 Bedroom House,3950000.0,3.0,2.0,2.0,250.0,18 North Shore,
3 Bedroom Townhouse,8950000.0,3.0,35.0,2.0,6198.0,"28 Ss Oceans Edge, 15-17 Leadwood Loop, Unit 28 Oceans Edge",
4 Bedroom House,885000.0,4.0,2.0,5.0,1100.0,,
3 Bedroom Apartment,1390000.0,3.0,2.0,1.0,,,
7 Bedroom Apartment,3250000.0,7.0,5.0,2.0,,123 Marine Drive,
3 Bedroom Townhouse,4500000.0,3.0,3.0,4.0,,,
1.5 Bedroom Apartment,570000.0,15.0,1.0,1.0,45.0,,
1 Bedroom Apartment,1250000.0,1.0,1.0,1.0,,,
2.5 Bedroom Apartment,850000.0,25.0,2.0,1.0,,,
2 Bedroom Apartment,849950.0,2.0,1.0,2.0,,,
4 Bedroom Townhouse,1950000.0,4.0,2.0,4.0,300.0,,
3 Bedroom House,825000.0,3.0,1.0,4.0,,,
2 Bedroom Apartment,950000.0,2.0,2.0,2.0,,"31 Driftsands, 70 Colin Street",
5 Bedroom House,1380000.0,5.0,3.0,2.0,900.0,,
3 Bedroom House,1380000.0,3.0,2.0,2.0,1394.0,,
2 Bedroom Apartment,1250000.0,2.0,2.0,2.0,,,
3 Bedroom House,909500.0,3.0,2.0,7.0,535.0,,
2 Bedroom Apartment,1895000.0,2.0,2.0,2.0,,,
2 Bedroom Apartment,1250000.0,2.0,2.0,2.0,,,
2 Bedroom Apartment,3000000.0,2.0,2.0,2.0,,P474,
3 Bedroom Apartment,2450000.0,3.0,2.0,2.0,,"2 Cotswold Fenns, 118 Inanda Road",
5 Bedroom House,1799999.0,5.0,25.0,6.0,308.0,,
5 Bedroom House,2600000.0,5.0,4.0,6.0,2024.0,40 Prince Charles Road,
3 Bedroom House,1000000.0,3.0,2.0,2.0,687.0,,
5 Bedroom Townhouse,5000000.0,5.0,4.0,6.0,,,
2 Bedroom Townhouse,650000.0,2.0,1.0,1.0,110.0,,
2 Bedroom Townhouse,869000.0,2.0,2.0,2.0,89896.0,,
5 Bedroom House,3500000.0,5.0,3.0,10.0,2211.0,47 Hilltop Road,
4 Bedroom House,2600000.0,4.0,2.0,12.0,3717.0,26 Queens Crescent,
4 Bedroom House,2950000.0,4.0,6.0,6.0,1012.0,,
2 Bedroom House,980000.0,2.0,15.0,2.0,186.0,,
7 Bedroom House,29950000.0,7.0,8.0,9.0,2387.0,36 Milkwood Drive,
4 Bedroom Townhouse,5650000.0,4.0,4.0,4.0,,"13 Ss Emzini, 9 Inyanga Close",
2 Bedroom Apartment,525000.0,2.0,1.0,1.0,,,
3 Bedroom Apartment,1500000.0,3.0,2.0,1.0,,"A26 Ss Selborne Park, A26 Augusta",
3 Bedroom House,1680000.0,3.0,2.0,3.0,1450.0,1030 Bream Road,
2 Bedroom Apartment,1095000.0,2.0,1.0,1.0,,"3 Ss Morning View, 50 Rapson Road",
1 Bedroom Apartment,1250000.0,1.0,1.0,1.0,,"50 Lakeview, 2 Olive Road",
4 Bedroom House,2950000.0,4.0,6.0,6.0,1012.0,,
3 Bedroom House,1600000.0,3.0,2.0,3.0,1250.0,"137 Ulu Drive , Ramsgate",
3 Bedroom Townhouse,1300000.0,3.0,15.0,2.0,11925.0,"2 Ss Peter Pan Place, 533 Sherringham Crescent Street",
3 Bedroom Townhouse,2250000.0,3.0,2.0,2.0,,83 Symmonds Lane,
5 Bedroom House,1950000.0,5.0,4.0,3.0,810.0,,
2 Bedroom Apartment,550000.0,2.0,1.0,,,53 Marine Drive,
6 Bedroom House,1100000.0,6.0,4.0,6.0,2145.0,,
6 Bedroom House,3200000.0,6.0,4.0,5.0,624.0,69 Problem Mkhize Road,
3 Bedroom House,3950000.0,3.0,25.0,6.0,1145.0,357 Chantilly Lane,
3 Bedroom House,1400000.0,3.0,15.0,4.0,225.0,,
6 Bedroom House,3300000.0,6.0,5.0,13.0,2850.0,,
2 Bedroom Apartment,1200000.0,2.0,2.0,2.0,,,
3 Bedroom Apartment,3100000.0,3.0,2.0,2.0,,,
3 Bedroom House,2000000.0,3.0,2.0,6.0,2339.0,,
2 Bedroom Apartment,1999999.0,2.0,2.0,2.0,,,
2 Bedroom Apartment,1299000.0,2.0,2.0,2.0,,,
2 Bedroom Apartment,792000.0,2.0,1.0,1.0,,27 O R Tambo Parade,
4 Bedroom House,2950000.0,4.0,2.0,5.0,2324.0,,
1 Bedroom Apartment,1350000.0,1.0,1.0,1.0,,,
2 Bedroom Apartment,1200000.0,2.0,2.0,2.0,,,
4 Bedroom House,6950000.0,4.0,3.0,2.0,1343.0,,
2 Bedroom Apartment,1650000.0,2.0,1.0,2.0,,,
5 Bedroom House,3800000.0,5.0,35.0,4.0,974.0,,
2 Bedroom Apartment,1700000.0,2.0,2.0,1.0,,,
3 Bedroom Apartment,3749000.0,3.0,3.0,1.0,,,
4 Bedroom House,6895000.0,4.0,5.0,5.0,1180.0,,
2 Bedroom Apartment,1595000.0,2.0,1.0,1.0,,,
4 Bedroom House,5150000.0,4.0,45.0,2.0,906.0,6 Sheffield Beach Estate,
2 Bedroom Apartment,1500000.0,2.0,2.0,,,127 Snell Parade,
2 Bedroom Apartment,2600000.0,2.0,2.0,1.0,,"27 Forest View, 1 Elaleni Road",
4 Bedroom House,10895000.0,4.0,4.0,6.0,3550.0,20 Bird Valley Estate Albert Falls,
4 Bedroom House,750000.0,4.0,2.0,1.0,700.0,,
House,,,5.0,,,,
3 Bedroom House,6990000.0,3.0,2.0,3.0,967.0,,
Apartment,1884750.0,,,,,103 Marine Drive,
5 Bedroom House,650000.0,5.0,3.0,2.0,261.0,,
Apartment,550000.0,,1.0,,,,
2 Bedroom Apartment,1495000.0,2.0,2.0,1.0,,,
3 Bedroom House,2850000.0,3.0,2.0,2.0,,,
4 Bedroom House,1400000.0,4.0,2.0,4.0,12144.0,,
4 Bedroom Apartment,3999000.0,4.0,4.0,,,,
3 Bedroom House,1350000.0,3.0,2.0,2.0,946.0,,
2 Bedroom Townhouse,750000.0,2.0,1.0,1.0,,,
1 Bedroom Apartment,895000.0,1.0,1.0,1.0,,,
3 Bedroom Apartment,605000.0,3.0,1.0,1.0,,,
3 Bedroom House,2850000.0,3.0,2.0,2.0,,,
2 Bedroom Apartment,440000.0,2.0,1.0,1.0,,,
3 Bedroom House,2750000.0,3.0,1.0,,299.0,,
2 Bedroom Apartment,820000.0,2.0,1.0,1.0,,,
3 Bedroom House,720000.0,3.0,2.0,4.0,,,
2 Bedroom Apartment,700000.0,2.0,1.0,1.0,,,
4 Bedroom House,1195000.0,4.0,25.0,,686.0,,
6 Bedroom House,3750000.0,6.0,6.0,6.0,1531.0,,
2.5 Bedroom Apartment,970000.0,25.0,1.0,,,,
1 Bedroom Apartment,750000.0,1.0,1.0,1.0,,,
2 Bedroom Apartment,1900000.0,2.0,2.0,2.0,,,
2 Bedroom Apartment,1899000.0,2.0,2.0,2.0,,"2807 Izinga Eco Estate, 151 Wager Avenue",
4 Bedroom House,850000.0,4.0,2.0,3.0,297.0,,
3 Bedroom House,3750000.0,3.0,2.0,6.0,2746.0,,
2 Bedroom Apartment,2850000.0,2.0,2.0,4.0,,,
6 Bedroom House,10000000.0,6.0,55.0,10.0,1292.0,,
3 Bedroom House,1100000.0,3.0,15.0,6.0,394.0,,
3 Bedroom House,1350000.0,3.0,2.0,3.0,2255.0,,
5 Bedroom House,6699000.0,5.0,6.0,12.0,1024.0,,
2 Bedroom Apartment,780000.0,2.0,1.0,1.0,,,
4 Bedroom House,980000.0,4.0,15.0,4.0,205.0,,
4 Bedroom Townhouse,,4.0,5.0,2.0,,,
3 Bedroom House,1595000.0,3.0,3.0,2.0,1528.0,,
3 Bedroom Apartment,4450000.0,3.0,2.0,4.0,,,
3 Bedroom House,2499000.0,3.0,2.0,6.0,300.0,,
2 Bedroom Apartment,795000.0,2.0,1.0,1.0,,,
3 Bedroom Townhouse,2999000.0,3.0,3.0,2.0,,,
3 Bedroom House,2499000.0,3.0,2.0,6.0,300.0,,
2 Bedroom Apartment,895000.0,2.0,2.0,1.0,,,
3 Bedroom House,750000.0,3.0,2.0,2.0,283.0,,
4 Bedroom House,1270000.0,4.0,2.0,,972.0,,
2 Bedroom House,1950000.0,2.0,2.0,1.0,1600.0,,
2 Bedroom Apartment,1850000.0,2.0,2.0,1.0,,,
3 Bedroom House,840000.0,3.0,1.0,2.0,1033.0,,
4 Bedroom Townhouse,2795000.0,4.0,3.0,4.0,9153.0,,
2 Bedroom Apartment,780000.0,2.0,2.0,1.0,,,
3 Bedroom House,1500000.0,3.0,2.0,2.0,9899.0,,
2 Bedroom Apartment,1050000.0,2.0,1.0,2.0,,,
3 Bedroom House,950000.0,3.0,2.0,2.0,,,
3 Bedroom Apartment,2995000.0,3.0,2.0,1.0,,7 North Beach Road,
2 Bedroom Apartment,1125000.0,2.0,1.0,1.0,,"Unit 2008, Hesketh Estate, 275 Gladys Manzi Road, Hayfields.",
3 Bedroom House,840000.0,3.0,1.0,2.0,1033.0,,
4 Bedroom House,4795000.0,4.0,25.0,2.0,585.0,,
1 Bedroom House,230000.0,1.0,1.0,2.0,313.0,,
4 Bedroom House,1595000.0,4.0,3.0,3.0,1324.0,,
4 Bedroom Townhouse,6900000.0,4.0,25.0,5.0,,,
2 Bedroom House,500000.0,2.0,2.0,1.0,,"Inchanga Village, 2 Drongo Drive",
4 Bedroom Apartment,6499000.0,4.0,3.0,4.0,,,
3 Bedroom Apartment,5800000.0,3.0,3.0,4.0,,,
3 Bedroom House,1350000.0,3.0,2.0,2.0,713.0,,
3 Bedroom House,820000.0,3.0,2.0,1.0,,,
4 Bedroom House,1990000.0,4.0,1.0,6.0,2024.0,12 Berea Road,
3 Bedroom Apartment,11999000.0,3.0,3.0,4.0,,,
2 Bedroom Apartment,4446612.0,2.0,2.0,2.0,3249.0,,
6 Bedroom House,4100000.0,6.0,4.0,6.0,953.0,51 Rider Haggard Avenue,
2 Bedroom Apartment,380000.0,2.0,1.0,,,,
2 Bedroom Apartment,685000.0,2.0,1.0,1.0,,,
3 Bedroom Apartment,5800000.0,3.0,3.0,2.0,,,
2 Bedroom Apartment,3500000.0,2.0,2.0,1.0,,,
2 Bedroom Apartment,4000000.0,2.0,2.0,1.0,,,
3 Bedroom Townhouse,1450000.0,3.0,2.0,3.0,1525.0,,
2 Bedroom Apartment,1990000.0,2.0,1.0,2.0,,,
3 Bedroom Townhouse,1450000.0,3.0,2.0,3.0,1525.0,,
2 Bedroom Apartment,2630000.0,2.0,2.0,1.0,,,
0.5 Bedroom Apartment,545000.0,5.0,1.0,1.0,,,
2 Bedroom Apartment,1060000.0,2.0,2.0,1.0,,,
3 Bedroom House,980000.0,3.0,1.0,1.0,306.0,,
4 Bedroom House,8995000.0,4.0,4.0,8.0,1051.0,,
2 Bedroom Apartment,1100000.0,2.0,1.0,1.0,,,
2 Bedroom Apartment,1299000.0,2.0,2.0,1.0,,"1 Kingsfold, 295 Currie Road",
3 Bedroom Apartment,1075000.0,3.0,2.0,2.0,,,
2 Bedroom Apartment,1395000.0,2.0,2.0,2.0,,"139 Bliss, 2 North Point Avenue",
3 Bedroom Townhouse,1500000.0,3.0,15.0,2.0,,,
4 Bedroom House,7950000.0,4.0,5.0,2.0,1043.0,28 Minerva South Road,
4 Bedroom House,3800000.0,4.0,4.0,1.0,1457.0,28 Imbezane Drive,
4 Bedroom House,1599000.0,4.0,2.0,5.0,1606.0,,
3 Bedroom Apartment,3750000.0,3.0,3.0,4.0,,"5 Sovereign Sands, 20 Salmon Avenue",
2 Bedroom Apartment,1030000.0,2.0,2.0,2.0,,,
3 Bedroom Apartment,695000.0,3.0,2.0,2.0,,,
1 Bedroom Apartment,729000.0,1.0,1.0,,,,
3 Bedroom Apartment,3400000.0,3.0,2.0,2.0,,,
3 Bedroom House,2400000.0,3.0,3.0,4.0,947.0,,
5 Bedroom House,1700000.0,5.0,2.0,6.0,1104.0,,
3 Bedroom House,1480000.0,3.0,2.0,1.0,,,
1.5 Bedroom Apartment,450000.0,15.0,1.0,1.0,,,
3 Bedroom House,1700000.0,3.0,3.0,2.0,1875.0,,
3 Bedroom House,850000.0,3.0,1.0,7.0,366.0,,
3 Bedroom Townhouse,1350000.0,3.0,2.0,4.0,19175.0,,
3 Bedroom House,2100000.0,3.0,2.0,11.0,1057.0,35 Mohamed Mayat Drive,
3 Bedroom Apartment,695000.0,3.0,2.0,2.0,,,
3 Bedroom House,1100000.0,3.0,2.0,1.0,1518.0,,
2 Bedroom Apartment,,2.0,1.0,1.0,,"Windemere Flats, 263 O R Tambo Parade",
3 Bedroom Apartment,1750000.0,3.0,25.0,2.0,,,
2 Bedroom Apartment,1350000.0,2.0,1.0,1.0,,"104 Ss Ballito Groves, 104 Ballito Groves",
2 Bedroom Apartment,720000.0,2.0,1.0,,,,
2 Bedroom Apartment,865000.0,2.0,1.0,2.0,,5 Selvey Avenue,
3 Bedroom Apartment,1500000.0,3.0,2.0,1.0,,51 O.r. Tambo Parade,
2 Bedroom Apartment,2150000.0,2.0,1.0,1.0,,"3 Ss Boulevard Edge, 1 Zimbali Lakes Drive, Unit 3 Boulevard Edge",
3 Bedroom Apartment,1499000.0,3.0,2.0,4.0,,,
3 Bedroom Townhouse,629999.0,3.0,3.0,1.0,35539.0,"12 Widenham Resort, 2 Cheltenham Street",
2 Bedroom Townhouse,895000.0,2.0,1.0,1.0,2858.0,4 Doo Twah Main Road,
2 Bedroom Townhouse,895000.0,2.0,1.0,1.0,2858.0,4 Doo Twah Main Road,
2 Bedroom Apartment,980500.0,2.0,2.0,1.0,,"T Ss Mason Arbour Town, 46 Arbour Road",
3 Bedroom Townhouse,2095000.0,3.0,2.0,4.0,300.0,,
3 Bedroom Townhouse,1685000.0,3.0,3.0,1.0,,1 Eastern Glen Road,
3 Bedroom House,4750000.0,3.0,2.0,2.0,543.0,,
2 Bedroom Townhouse,1150000.0,2.0,2.0,2.0,,,
3 Bedroom Townhouse,7000000.0,3.0,3.0,2.0,234.0,104 Yellowwood Drive,
2 Bedroom Townhouse,,2.0,1.0,1.0,,,
3 Bedroom House,,3.0,2.0,4.0,1245.0,,
3 Bedroom Apartment,1980000.0,3.0,2.0,1.0,,"San Lameer, R61 Lower South Coast Road",
3 Bedroom Apartment,5510422.0,3.0,3.0,2.0,,"71 AND 75 Ss Ridgeside Residence, 14 Ridgeside Drive",
3 Bedroom Townhouse,1695000.0,3.0,2.0,2.0,14883.0,,
3 Bedroom House,2980000.0,3.0,2.0,4.0,1495.0,,
2 Bedroom Apartment,3750000.0,2.0,2.0,2.0,,,
2 Bedroom Apartment,680000.0,2.0,1.0,2.0,,,
1 Bedroom Townhouse,525000.0,1.0,1.0,1.0,4622.0,,
3 Bedroom Apartment,1550000.0,3.0,2.0,2.0,,,
2 Bedroom Apartment,3250000.0,2.0,2.0,2.0,,,
4 Bedroom Apartment,3600000.0,4.0,25.0,2.0,,,
3 Bedroom Apartment,5395000.0,3.0,3.0,2.0,,,
3 Bedroom Apartment,1999000.0,3.0,2.0,1.0,,,
2 Bedroom Apartment,2550000.0,2.0,2.0,1.0,,,
4 Bedroom House,3200000.0,4.0,3.0,8.0,1456.0,,
2 Bedroom Apartment,1950000.0,2.0,2.0,2.0,,,
4 Bedroom House,4045000.0,4.0,3.0,4.0,,,
2 Bedroom Apartment,2795000.0,2.0,2.0,2.0,,,
2 Bedroom Townhouse,650000.0,2.0,2.0,1.0,260538.0,,
2 Bedroom Townhouse,880000.0,2.0,2.0,1.0,89896.0,,
4 Bedroom House,1100000.0,4.0,3.0,2.0,,,
3 Bedroom House,2980000.0,3.0,2.0,4.0,1495.0,,
5 Bedroom House,6450000.0,5.0,4.0,7.0,1446.0,,
2 Bedroom Apartment,650000.0,2.0,2.0,1.0,,,
1 Bedroom Apartment,1150000.0,1.0,1.0,1.0,,111 Lakeview Lifestyle Village,
3 Bedroom House,595000.0,3.0,15.0,6.0,312.0,,
3 Bedroom House,2450000.0,3.0,3.0,5.0,2207.0,,
4 Bedroom House,5250000.0,4.0,4.0,7.0,1059.0,,
3 Bedroom Townhouse,1550000.0,3.0,2.0,1.0,,,
3 Bedroom House,1890000.0,3.0,2.0,4.0,794.0,,
4 Bedroom House,1000000.0,4.0,2.0,1.0,218.0,,
1 Bedroom Apartment,369000.0,1.0,1.0,,,,
2 Bedroom Apartment,820000.0,2.0,1.0,1.0,,,
3 Bedroom House,2150000.0,3.0,35.0,2.0,314.0,10 Halford Road,
2 Bedroom Apartment,870000.0,2.0,1.0,1.0,,25 Somerset Ave,
3 Bedroom House,595000.0,3.0,15.0,6.0,312.0,,
3 Bedroom House,1895000.0,3.0,2.0,1.0,1178.0,,
2 Bedroom House,780000.0,2.0,1.0,1.0,486.0,,
3 Bedroom House,2100000.0,3.0,1.0,2.0,1866.0,7 Braby Place,
5 Bedroom House,2900000.0,5.0,3.0,3.0,593.0,,
3 Bedroom House,1620000.0,3.0,3.0,2.0,176.0,,
2 Bedroom House,995000.0,2.0,2.0,2.0,1482.0,737 Daimal Road,
Apartment,599000.0,,1.0,,,,
3 Bedroom Apartment,995000.0,3.0,2.0,2.0,,,
3 Bedroom House,1550000.0,3.0,2.0,3.0,,,
3 Bedroom Apartment,10705000.0,3.0,3.0,,267.0,9 Beachwood Place,
3 Bedroom Apartment,10580000.0,3.0,2.0,1.0,265.0,9 Beachwood Place,
3 Bedroom Apartment,1950000.0,3.0,2.0,1.0,,,
3 Bedroom Townhouse,1295000.0,3.0,2.0,1.0,,,
4 Bedroom House,1030000.0,4.0,2.0,1.0,,,
3 Bedroom House,800000.0,3.0,1.0,8.0,,,
3 Bedroom House,1750000.0,3.0,2.0,3.0,603.0,,
3 Bedroom Apartment,4195000.0,3.0,2.0,2.0,,"B303 21 On North - The Executive, 220 Umhlanga Rocks Drive",
3 Bedroom House,2375000.0,3.0,2.0,8.0,,113 Rushbrooke Road,
3 Bedroom Apartment,1099000.0,3.0,2.0,2.0,,"201 Margate Boulevard, 75 Marine Drive",
3 Bedroom House,990000.0,3.0,1.0,5.0,663.0,,
4 Bedroom House,850000.0,4.0,2.0,,1139.0,,
3 Bedroom Apartment,1320000.0,3.0,2.0,3.0,,1118 Smuts Street,
3 Bedroom House,800000.0,3.0,1.0,8.0,,,
9 Bedroom House,3795000.0,9.0,5.0,3.0,1279.0,,
3 Bedroom House,2400000.0,3.0,2.0,2.0,,,
1 Bedroom Apartment,2575000.0,1.0,1.0,1.0,,,
3 Bedroom Townhouse,2100000.0,3.0,2.0,2.0,,,
5 Bedroom House,10950000.0,5.0,4.0,3.0,1022.0,2d Edward Place,
3 Bedroom Apartment,20681000.0,3.0,35.0,3.0,,6 Lagoon Drive,
4 Bedroom House,750000.0,4.0,2.0,5.0,300.0,,
2 Bedroom Apartment,4895000.0,2.0,2.0,1.0,,,
1 Bedroom Apartment,525000.0,1.0,1.0,1.0,,,
3 Bedroom House,1350000.0,3.0,2.0,3.0,1211.0,,
3 Bedroom Townhouse,5950000.0,3.0,35.0,4.0,,"5 Altura, 5 Altura",
3 Bedroom Townhouse,5950000.0,3.0,35.0,4.0,,"5 Altura, 5 Altura",
2 Bedroom Apartment,1200000.0,2.0,2.0,1.0,,,
2 Bedroom Apartment,1050000.0,2.0,1.0,1.0,,,
2 Bedroom Townhouse,1495000.0,2.0,2.0,3.0,,,
3 Bedroom House,700000.0,3.0,1.0,,,,
4 Bedroom Townhouse,9990000.0,4.0,4.0,4.0,,,
2 Bedroom Townhouse,1230000.0,2.0,15.0,2.0,,,
3 Bedroom House,2995000.0,3.0,25.0,4.0,2458.0,,
3 Bedroom Townhouse,3195000.0,3.0,2.0,5.0,,,
2 Bedroom Apartment,998000.0,2.0,2.0,2.0,,,
2 Bedroom Apartment,1690000.0,2.0,2.0,1.0,,1 Simbithi Drive,
3 Bedroom House,2850000.0,3.0,2.0,2.0,442.0,,
5 Bedroom House,2200000.0,5.0,3.0,3.0,1000.0,,
2 Bedroom Townhouse,3700000.0,2.0,2.0,2.0,,,
10 Bedroom House,3990000.0,10.0,10.0,10.0,1454.0,1 White Eye Way,
3 Bedroom House,845000.0,3.0,1.0,2.0,227.0,,
3 Bedroom House,2425000.0,3.0,25.0,6.0,883.0,,
2 Bedroom Apartment,1125000.0,2.0,1.0,1.0,,"Unit 2003 Hesketh Estate 275 Gladys Manzi Road, Hayfields.",
5 Bedroom House,5995000.0,5.0,3.0,8.0,1218.0,,
3 Bedroom Townhouse,4495000.0,3.0,2.0,2.0,10847.0,,
2 Bedroom Apartment,770000.0,2.0,2.0,1.0,,13 Princess Elizabeth Drive,
3 Bedroom House,750000.0,3.0,2.0,,413.0,,
2 Bedroom Townhouse,918500.0,2.0,2.0,2.0,,,
2 Bedroom Apartment,1150000.0,2.0,1.0,1.0,,,
1 Bedroom Apartment,595000.0,1.0,1.0,1.0,,,
3 Bedroom Apartment,1800000.0,3.0,2.0,2.0,,,
3 Bedroom House,930000.0,3.0,2.0,3.0,340.0,,
2 Bedroom Apartment,1820000.0,2.0,2.0,1.0,,138 5 Summit Row,
2 Bedroom Townhouse,1600000.0,2.0,2.0,2.0,,,
4 Bedroom House,7000000.0,4.0,35.0,4.0,2330.0,,
2 Bedroom Apartment,550000.0,2.0,2.0,2.0,,,
2 Bedroom Townhouse,918500.0,2.0,2.0,2.0,,,
3 Bedroom Apartment,650000.0,3.0,1.0,1.0,,,
2 Bedroom Apartment,1795000.0,2.0,2.0,2.0,,,
4 Bedroom Apartment,1450000.0,4.0,3.0,2.0,,,
2 Bedroom Apartment,665000.0,2.0,1.0,1.0,,,
3 Bedroom Apartment,1295000.0,3.0,2.0,2.0,,,
3 Bedroom House,800000.0,3.0,2.0,1.0,1193.0,,
2 Bedroom Apartment,920000.0,2.0,15.0,2.0,,,
2 Bedroom Apartment,800000.0,2.0,1.0,1.0,,,
3 Bedroom Apartment,5295000.0,3.0,2.0,2.0,,,
1 Bedroom Apartment,395000.0,1.0,1.0,,,,
4 Bedroom House,4350000.0,4.0,3.0,4.0,837.0,1 Marlin Avenue,
3 Bedroom House,2295000.0,3.0,15.0,1.0,1117.0,,
3 Bedroom Apartment,999000.0,3.0,2.0,1.0,,,
4 Bedroom House,11215000.0,4.0,45.0,6.0,2776.0,"1 Aurum, 1 Zimbali Lakes",
3 Bedroom House,1446817.0,3.0,2.0,1.0,248.0,,
3 Bedroom Apartment,870000.0,3.0,2.0,2.0,,29 Marine Drive,
3.5 Bedroom House,2495000.0,35.0,3.0,3.0,804.0,,
3 Bedroom House,2500000.0,3.0,2.0,2.0,1075.0,,
4 Bedroom House,1600000.0,4.0,25.0,5.0,921.0,,
1 Bedroom Apartment,750000.0,1.0,1.0,,,,
2 Bedroom Apartment,830000.0,2.0,1.0,1.0,,,
3 Bedroom Apartment,1295000.0,3.0,2.0,2.0,,,
3 Bedroom Apartment,5295000.0,3.0,2.0,2.0,,,
2 Bedroom Townhouse,2050000.0,2.0,2.0,2.0,3194.0,"4 Panorama Ridge, 19 Leonora Drive",
3 Bedroom House,1099000.0,3.0,2.0,2.0,1388.0,,
1 Bedroom Apartment,3950000.0,1.0,1.0,1.0,,,
6 Bedroom House,5495000.0,6.0,35.0,4.0,3339.0,,
4 Bedroom Apartment,2080000.0,4.0,2.0,2.0,,,
3 Bedroom House,1465000.0,3.0,2.0,3.0,932.0,,
3 Bedroom House,975000.0,3.0,2.0,2.0,,,
3 Bedroom Apartment,700000.0,3.0,2.0,2.0,,,
4 Bedroom House,2150000.0,4.0,3.0,2.0,1243.0,,
3 Bedroom Townhouse,5695000.0,3.0,35.0,3.0,,,
5 Bedroom House,1900000.0,5.0,4.0,3.0,1360.0,,
3 Bedroom Townhouse,1250000.0,3.0,2.0,1.0,,,
3 Bedroom House,2395000.0,3.0,2.0,2.0,452.0,,
2 Bedroom House,500000.0,2.0,1.0,,211.0,,
3 Bedroom House,2950000.0,3.0,2.0,3.0,,,
2 Bedroom Apartment,2490000.0,2.0,1.0,2.0,,,
4 Bedroom House,13250000.0,4.0,45.0,5.0,1402.0,,
1 Bedroom Townhouse,500000.0,1.0,1.0,3.0,,,
2 Bedroom House,500000.0,2.0,1.0,,211.0,,
2 Bedroom Apartment,650000.0,2.0,1.0,1.0,,,
4 Bedroom House,750000.0,4.0,1.0,2.0,1189.0,,
3 Bedroom Apartment,4200000.0,3.0,2.0,2.0,,58 North Beach Road,
3 Bedroom House,3995000.0,3.0,2.0,5.0,225.0,,
6 Bedroom House,5200000.0,6.0,4.0,8.0,757.0,,
4 Bedroom Townhouse,3950000.0,4.0,3.0,2.0,20777.0,,
1 Bedroom Apartment,1250000.0,1.0,1.0,2.0,,,
3 Bedroom House,750000.0,3.0,1.0,1.0,155.0,,
3 Bedroom House,1125000.0,3.0,2.0,8.0,,,
3 Bedroom House,950000.0,3.0,2.0,1.0,,,
1 Bedroom Apartment,550000.0,1.0,1.0,,,,
3 Bedroom Apartment,749995.0,3.0,2.0,2.0,,,
3 Bedroom House,1125000.0,3.0,2.0,8.0,,,
2 Bedroom Apartment,760000.0,2.0,1.0,2.0,,,
House,430000.0,,,,,,
11 Bedroom House,2200000.0,11.0,6.0,2.0,1467.0,,
2 Bedroom Apartment,750000.0,2.0,1.0,1.0,,,
1 Bedroom Apartment,550000.0,1.0,1.0,,,,
3 Bedroom Apartment,1900000.0,3.0,2.0,2.0,,,
4 Bedroom House,1100000.0,4.0,2.0,1.0,159.0,,
1 Bedroom Apartment,1060000.0,1.0,1.0,1.0,,,
3 Bedroom Apartment,700000.0,3.0,1.0,1.0,,,
2 Bedroom Townhouse,860000.0,2.0,1.0,,64.0,,
4 Bedroom House,10850000.0,4.0,45.0,6.0,42564.0,,
4 Bedroom House,1900000.0,4.0,2.0,4.0,,,
2 Bedroom Apartment,850000.0,2.0,1.0,1.0,,,
1 Bedroom Townhouse,1895000.0,1.0,1.0,1.0,,,
2.5 Bedroom Apartment,950000.0,25.0,25.0,1.0,116.0,,
2 Bedroom Apartment,850000.0,2.0,1.0,1.0,,,
2 Bedroom Apartment,1620000.0,2.0,2.0,1.0,,,
2 Bedroom Apartment,1395000.0,2.0,1.0,,,,
4 Bedroom House,900000.0,4.0,1.0,4.0,209.0,,
3 Bedroom House,748000.0,3.0,1.0,1.0,564.0,,
4 Bedroom House,1395000.0,4.0,3.0,7.0,568.0,,
2 Bedroom House,380000.0,2.0,1.0,1.0,335.0,,
3 Bedroom House,3860000.0,3.0,2.0,4.0,,,
3 Bedroom Townhouse,4900000.0,3.0,3.0,2.0,,,
2 Bedroom Apartment,820000.0,2.0,1.0,1.0,,,
4 Bedroom Apartment,1420000.0,4.0,2.0,2.0,,,
3 Bedroom House,950000.0,3.0,2.0,2.0,,,
4 Bedroom House,1395000.0,4.0,3.0,7.0,568.0,,
5 Bedroom House,5999999.0,5.0,5.0,8.0,,,
3 Bedroom House,650000.0,3.0,1.0,1.0,,,
2 Bedroom Apartment,1185000.0,2.0,1.0,2.0,,,
2 Bedroom Apartment,1150000.0,2.0,2.0,,61.0,,
3 Bedroom House,580000.0,3.0,2.0,2.0,,,
2 Bedroom Apartment,550000.0,2.0,1.0,,,,
Apartment,535000.0,,1.0,,780.0,185 O.r. Tambo Parade,
4 Bedroom House,1595000.0,4.0,3.0,6.0,938.0,,
2 Bedroom Apartment,675000.0,2.0,2.0,1.0,,,
3 Bedroom House,950000.0,3.0,2.0,4.0,,,
4 Bedroom House,1349000.0,4.0,2.0,4.0,890.0,,
4 Bedroom Apartment,6900000.0,4.0,2.0,2.0,,,
2 Bedroom Townhouse,750000.0,2.0,2.0,2.0,,,
2 Bedroom Townhouse,399000.0,2.0,1.0,3.0,,,
4 Bedroom House,2950000.0,4.0,3.0,4.0,1151.0,5 Dirk Uys Street,
6 Bedroom House,3499000.0,6.0,65.0,8.0,3705.0,,
2 Bedroom Apartment,699000.0,2.0,2.0,1.0,,44 Queen Street,
2 Bedroom Apartment,1299000.0,2.0,1.0,1.0,,,
0.5 Bedroom Apartment,594000.0,5.0,1.0,1.0,,,
2 Bedroom Apartment,500000.0,2.0,1.0,,,,
4 Bedroom Townhouse,7456923.0,4.0,35.0,4.0,,"12 Dune, 12 Dune, Seaton",
2 Bedroom House,1150000.0,2.0,1.0,1.0,,,
0.5 Bedroom Apartment,330000.0,5.0,1.0,,,,
4 Bedroom House,13000000.0,4.0,7.0,6.0,1677.0,,
2 Bedroom Apartment,580000.0,2.0,1.0,1.0,,"13 Sunset Beach, 2415 Nicholson Avenue",
2 Bedroom Apartment,500000.0,2.0,1.0,,,,
2 Bedroom Apartment,530000.0,2.0,1.0,1.0,,,
5 Bedroom Townhouse,2800000.0,5.0,5.0,7.0,626.0,,
3 Bedroom House,1275000.0,3.0,2.0,1.0,1014.0,,
10 Bedroom House,2000000.0,10.0,4.0,7.0,2010.0,,
3 Bedroom Apartment,6299999.0,3.0,3.0,2.0,,23 One On Seaton,
3 Bedroom Apartment,1200000.0,3.0,2.0,1.0,,,
3 Bedroom House,2800000.0,3.0,2.0,4.0,936.0,,
3 Bedroom House,1350000.0,3.0,2.0,4.0,930.0,,
2 Bedroom Apartment,899000.0,2.0,1.0,1.0,,"39 Prince Street, Durban",
2 Bedroom Apartment,2100000.0,2.0,1.0,1.0,,"27 Nguni, 45 North Beach Road, 27 Nguni",
2 Bedroom Apartment,550000.0,2.0,1.0,1.0,78.0,"Flat 11 Berendene, 8 Union Lane",
2 Bedroom House,530000.0,2.0,1.0,4.0,365.0,,
4 Bedroom House,2800000.0,4.0,5.0,7.0,1012.0,,
7 Bedroom House,9500000.0,7.0,7.0,8.0,1372.0,,
4 Bedroom House,1650000.0,4.0,2.0,4.0,1746.0,,
6 Bedroom House,2999000.0,6.0,5.0,8.0,6327.0,,
4 Bedroom House,2995000.0,4.0,4.0,7.0,854.0,,
2 Bedroom Apartment,2100000.0,2.0,1.0,1.0,,"27 Nguni, 45 North Beach Road, 27 Nguni",
1 Bedroom Apartment,650000.0,1.0,1.0,,,20 Erskine Terrace,
3 Bedroom House,1600000.0,3.0,3.0,7.0,2529.0,34 Cowry Drive,
2 Bedroom House,1550000.0,2.0,2.0,2.0,107.0,"Unit 111 Greenhaven Estate, 109 Padfield Road",
3 Bedroom House,1250000.0,3.0,2.0,3.0,1178.0,1 Barracouta Bend,
2.5 Bedroom Apartment,850000.0,25.0,1.0,1.0,,,
Apartment,495000.0,,1.0,1.0,,,
2 Bedroom Apartment,1275000.0,2.0,1.0,1.0,,,
1 Bedroom Apartment,395000.0,1.0,1.0,,,,
3 Bedroom Apartment,965000.0,3.0,1.0,2.0,,,
2 Bedroom Townhouse,425000.0,2.0,2.0,1.0,63810.0,,
2 Bedroom House,610000.0,2.0,1.0,1.0,65.0,,
2 Bedroom House,500000.0,2.0,1.0,1.0,,,
3 Bedroom House,1145000.0,3.0,2.0,2.0,742.0,,
3 Bedroom House,1145000.0,3.0,2.0,2.0,742.0,,
2 Bedroom Apartment,995000.0,2.0,1.0,1.0,,,
3 Bedroom Townhouse,800000.0,3.0,2.0,,,,
5 Bedroom House,1400000.0,5.0,3.0,5.0,1022.0,,
2 Bedroom Townhouse,650000.0,2.0,1.0,1.0,1217.0,,
1 Bedroom Apartment,820000.0,1.0,1.0,1.0,,,
3 Bedroom House,4850000.0,3.0,25.0,3.0,512.0,,
1 Bedroom Apartment,410000.0,1.0,1.0,1.0,,,
2 Bedroom Apartment,2199000.0,2.0,2.0,2.0,,,
3 Bedroom Apartment,2999000.0,3.0,2.0,3.0,,,
12 Bedroom House,7900000.0,12.0,4.0,4.0,,,
8 Bedroom House,7499000.0,8.0,8.0,13.0,1628.0,,
Apartment,400000.0,,1.0,,,,
3 Bedroom Apartment,950000.0,3.0,2.0,1.0,,,
2 Bedroom Apartment,1350000.0,2.0,2.0,2.0,,,
2 Bedroom Apartment,953000.0,2.0,1.0,1.0,,,
3 Bedroom Townhouse,3595000.0,3.0,2.0,3.0,,,
3 Bedroom Apartment,2485000.0,3.0,2.0,2.0,,,
1 Bedroom Apartment,450000.0,1.0,1.0,1.0,,,
2 Bedroom Apartment,645000.0,2.0,1.0,1.0,,,
3 Bedroom Townhouse,1389000.0,3.0,2.0,2.0,,,
7 Bedroom House,4775000.0,7.0,7.0,4.0,1029.0,,
3 Bedroom Townhouse,4000000.0,3.0,4.0,1.0,12140.0,,
2 Bedroom Apartment,750000.0,2.0,2.0,1.0,,,
2.5 Bedroom Apartment,780000.0,25.0,1.0,1.0,,,
3 Bedroom Townhouse,3595000.0,3.0,2.0,3.0,,,
2 Bedroom Apartment,995000.0,2.0,2.0,2.0,,,
3 Bedroom House,4950000.0,3.0,2.0,4.0,789.0,,
2 Bedroom Townhouse,895000.0,2.0,1.0,2.0,4072.0,,
1 Bedroom Apartment,650000.0,1.0,1.0,2.0,50.0,,
3 Bedroom Townhouse,745500.0,3.0,2.0,,,,
3 Bedroom House,1450000.0,3.0,1.0,2.0,642.0,30 Bisset Road,
4 Bedroom House,2300000.0,4.0,2.0,8.0,1814.0,,
3 Bedroom Townhouse,790000.0,3.0,2.0,2.0,7069.0,"12 Villa Esperanza, 6 End Street",
2 Bedroom Apartment,280000.0,2.0,1.0,,,,
1 Bedroom Apartment,682500.0,1.0,1.0,,,,
4 Bedroom House,850000.0,4.0,1.0,1.0,,,
1 Bedroom Apartment,370000.0,1.0,1.0,,,Flat 22 Derral Court 30 Langalibalele Street,
2 Bedroom Apartment,420000.0,2.0,1.0,1.0,,Flat 12 Derral Court 30 Langalibalele Street,
2 Bedroom House,1100000.0,2.0,2.0,2.0,,,
3 Bedroom House,250000.0,3.0,1.0,,,,
1 Bedroom Apartment,488000.0,1.0,1.0,1.0,,,
1 Bedroom Apartment,418000.0,1.0,1.0,,,,
1 Bedroom Apartment,399000.0,1.0,1.0,,,,
2 Bedroom Apartment,486000.0,2.0,1.0,,,,
3 Bedroom Apartment,1165000.0,3.0,2.0,1.0,,,
2 Bedroom Apartment,620000.0,2.0,1.0,1.0,,,
1 Bedroom Apartment,500000.0,1.0,1.0,1.0,,,
17 Bedroom House,6900000.0,17.0,17.0,17.0,,,
4 Bedroom House,7200000.0,4.0,4.0,6.0,7200.0,,
1 Bedroom Apartment,1100000.0,1.0,1.0,1.0,,,
2 Bedroom Apartment,695000.0,2.0,1.0,1.0,,,
1 Bedroom Apartment,315000.0,1.0,1.0,,,,
1 Bedroom Apartment,418000.0,1.0,1.0,,,,
3 Bedroom House,712000.0,3.0,1.0,,338.0,J2 Umhlanga,
2 Bedroom House,320000.0,2.0,1.0,1.0,,,
3 Bedroom Apartment,7100000.0,3.0,3.0,2.0,,"501 The Skye Ridgeside, 1 Vuna Close",
3 Bedroom Apartment,1195000.0,3.0,2.0,1.0,,,
5 Bedroom House,3895000.0,5.0,4.0,6.0,699.0,,
3 Bedroom House,2300000.0,3.0,2.0,3.0,,,
1 Bedroom Apartment,550000.0,1.0,1.0,1.0,,,
4 Bedroom House,4650000.0,4.0,25.0,3.0,1857.0,,
3 Bedroom Townhouse,4995000.0,3.0,35.0,2.0,198.0,,
2 Bedroom Apartment,995000.0,2.0,2.0,1.0,,,
2 Bedroom Apartment,8895000.0,2.0,2.0,2.0,,,
3 Bedroom Apartment,4850000.0,3.0,25.0,2.0,,"901 Oyster Cove, 41 North Beach Road",
3 Bedroom House,850000.0,3.0,15.0,2.0,1040.0,,
3 Bedroom House,1850000.0,3.0,2.0,2.0,2390.0,,
3 Bedroom House,2625000.0,3.0,2.0,3.0,351.0,,
2 Bedroom Apartment,995000.0,2.0,2.0,1.0,,,
3 Bedroom Apartment,10500000.0,3.0,3.0,2.0,5024.0,2 Vuna Close,
3 Bedroom Apartment,8500000.0,3.0,35.0,2.0,5024.0,2 Vuna Close,
3 Bedroom House,3850000.0,3.0,25.0,5.0,5530.0,,
3 Bedroom House,950000.0,3.0,2.0,9.0,887.0,,
3 Bedroom Apartment,2200000.0,3.0,3.0,2.0,,,
3 Bedroom Townhouse,1300000.0,3.0,3.0,3.0,,,
3 Bedroom House,725000.0,3.0,1.0,1.0,,,
2 Bedroom Townhouse,902000.0,2.0,2.0,3.0,89515.0,"89 Faerie Glen, 9 Canterbury",
2 Bedroom Townhouse,1150000.0,2.0,1.0,1.0,,,
6 Bedroom House,14000000.0,6.0,8.0,6.0,1019.0,,
3 Bedroom House,1095000.0,3.0,15.0,4.0,793.0,"85 Stott Road , Prestbury",
2 Bedroom Townhouse,1150000.0,2.0,1.0,1.0,,,
3 Bedroom House,2200000.0,3.0,15.0,4.0,1012.0,54 Orange Rocks,
5 Bedroom House,18000000.0,5.0,6.0,2.0,472.0,,
4 Bedroom House,7950000.0,4.0,3.0,6.0,671.0,,
4 Bedroom House,6950000.0,4.0,3.0,6.0,671.0,,
2 Bedroom Townhouse,1300000.0,2.0,1.0,3.0,140.0,,
3 Bedroom House,1050000.0,3.0,1.0,4.0,1025.0,,
3 Bedroom House,1750000.0,3.0,2.0,5.0,1013.0,,
4 Bedroom House,3295000.0,4.0,2.0,1.0,928.0,36 Shongweni Road,
4 Bedroom House,2350000.0,4.0,3.0,4.0,10000.0,2136 Kloof Road,
3 Bedroom House,1100000.0,3.0,2.0,4.0,2297.0,,
3 Bedroom Apartment,3250000.0,3.0,2.0,2.0,,,
3 Bedroom Apartment,3950000.0,3.0,4.0,3.0,,,
3 Bedroom Apartment,1315000.0,3.0,2.0,2.0,,77 Marine Drive,
3 Bedroom House,1495000.0,3.0,2.0,1.0,,,
2 Bedroom House,795000.0,2.0,1.0,1.0,140.0,,
5 Bedroom House,9950000.0,5.0,5.0,3.0,1415.0,,
31 Bedroom House,4800000.0,31.0,18.0,,1793.0,42 & 44 Hoosen Haffejee Street,
3 Bedroom Townhouse,2900000.0,3.0,2.0,2.0,3260.0,"5 Ss Champions Place, 1 Sugar Boulevard, Unit 5 Champions Place",
0.5 Bedroom Apartment,925000.0,5.0,1.0,1.0,,,
8 Bedroom House,2900000.0,8.0,5.0,7.0,2183.0,,
14 Bedroom House,5500000.0,14.0,12.0,7.0,11600.0,49 Ulundi Street,
4 Bedroom Townhouse,4200000.0,4.0,35.0,1.0,200.0,"902 San Lameer, R61 Unnamed Road",
2 Bedroom Apartment,780000.0,2.0,2.0,2.0,,,
3 Bedroom House,875000.0,3.0,2.0,,463.0,,
11 Bedroom House,2025000.0,11.0,7.0,12.0,1350.0,,
3 Bedroom House,800000.0,3.0,25.0,6.0,352.0,,
3 Bedroom Apartment,2295000.0,3.0,2.0,3.0,,,
4 Bedroom House,4995000.0,4.0,35.0,2.0,331.0,10 Sheffield Beach Rd,
2 Bedroom Townhouse,950000.0,2.0,1.0,1.0,1478.0,,
4 Bedroom House,1620000.0,4.0,3.0,3.0,1662.0,591 Edward Avenue,
4 Bedroom Townhouse,4200000.0,4.0,35.0,1.0,200.0,"902 San Lameer, R61 Unnamed Road",
1 Bedroom Apartment,1450000.0,1.0,1.0,1.0,,"112 Onyx, 38 Umhlanga Ridge Boulevard",
2 Bedroom Apartment,550000.0,2.0,1.0,,,"26 Ss Mount Royal, 15 Dunkirk Place",
4 Bedroom House,2500000.0,4.0,3.0,2.0,685.0,,
3 Bedroom Apartment,900000.0,3.0,2.0,1.0,,,
3 Bedroom Apartment,2950000.0,3.0,2.0,6.0,,"69 Ss King Shaka Estate, 50 Valley Road, 69 King Shaka Estate",
4 Bedroom House,1185000.0,4.0,2.0,2.0,169.0,,
2 Bedroom Apartment,1150000.0,2.0,2.0,1.0,,,
Apartment,1350000.0,,1.0,1.0,,115 Musgrave Avenue,
2 Bedroom Apartment,580000.0,2.0,2.0,1.0,,5 Ridge Road,
2 Bedroom Townhouse,560000.0,2.0,1.0,1.0,20050.0,,
1 Bedroom Apartment,1495000.0,1.0,1.0,1.0,,"124 San Lameer Lower South Coast Kwa-Zulu Natal N2s R61, San Lameer.,",
0.5 Bedroom Apartment,1500000.0,5.0,1.0,1.0,,,
3 Bedroom Apartment,2190000.0,3.0,2.0,2.0,,,
2 Bedroom Apartment,975000.0,2.0,1.0,1.0,,,
3 Bedroom Apartment,1850000.0,3.0,2.0,2.0,,,
Apartment,1350000.0,,1.0,1.0,,115 Musgrave Avenue,
4 Bedroom House,14995000.0,4.0,45.0,8.0,991.0,22 Hawaan Drive,
2 Bedroom Apartment,1600000.0,2.0,2.0,2.0,,627 Imbali Ridge Complex Ballito,
2.5 Bedroom Apartment,1500000.0,25.0,1.0,2.0,,,
5 Bedroom House,28500000.0,5.0,5.0,14.0,1387.0,,
4 Bedroom House,1690000.0,4.0,3.0,4.0,,,
2 Bedroom Apartment,1295000.0,2.0,1.0,4.0,,,
3 Bedroom House,845000.0,3.0,15.0,4.0,362.0,,
6 Bedroom House,2795000.0,6.0,6.0,3.0,1034.0,,
4 Bedroom House,12695000.0,4.0,45.0,9.0,1533.0,,
4 Bedroom House,1950000.0,4.0,3.0,12.0,4047.0,,
8 Bedroom House,3900000.0,8.0,4.0,8.0,650.0,,
1 Bedroom Apartment,350000.0,1.0,1.0,1.0,31.0,249 Burger Street,
3.5 Bedroom Apartment,2220000.0,35.0,3.0,1.0,296.0,17 Lena Ahrens Road,
2 Bedroom Apartment,1075000.0,2.0,2.0,2.0,,,
3 Bedroom Apartment,1100000.0,3.0,2.0,3.0,,,
3 Bedroom Apartment,8495000.0,3.0,3.0,2.0,,,
3 Bedroom Apartment,2250000.0,3.0,2.0,1.0,,"Ss Bronze Paradise, 745 Bournemouth Avenue",
3 Bedroom Apartment,1150000.0,3.0,2.0,1.0,,,
3 Bedroom Apartment,1350000.0,3.0,25.0,6.0,,,
5 Bedroom House,2350000.0,5.0,4.0,2.0,473.0,3 Winter Avenue,
1 Bedroom Apartment,2750000.0,1.0,1.0,1.0,,"513 Ss Zimbali Hotel and Resort, 5 Corkwood Drive, Unit 513 Zimbali Suites",
2 Bedroom Apartment,950000.0,2.0,2.0,2.0,,,
2 Bedroom Apartment,780000.0,2.0,1.0,2.0,,,
3 Bedroom Apartment,850000.0,3.0,2.0,1.0,,,
12 Bedroom House,5800000.0,12.0,135.0,4.0,1533.0,,
3 Bedroom Apartment,1297000.0,3.0,2.0,2.0,,51 Mccarthy Drive,
1 Bedroom Apartment,550000.0,1.0,1.0,,,"99 Durdoc, 73 Dr Yusuf Dadoo Seet",
1 Bedroom Apartment,4250000.0,1.0,1.0,1.0,,,
2 Bedroom Apartment,950000.0,2.0,1.0,1.0,,25 Mallinson Road,
2 Bedroom Townhouse,3980000.0,2.0,2.0,1.0,,,
3 Bedroom Apartment,850000.0,3.0,2.0,1.0,,,
4 Bedroom House,5590000.0,4.0,5.0,6.0,800.0,,
4 Bedroom House,3490000.0,4.0,3.0,3.0,596.0,"4, 4 Lake Cypruss Crescent",
4 Bedroom House,12950000.0,4.0,45.0,2.0,1592.0,1 Mahogany Close,
3 Bedroom Apartment,1100000.0,3.0,2.0,1.0,,,
3 Bedroom House,750000.0,3.0,1.0,1.0,225.0,,
4 Bedroom House,980000.0,4.0,2.0,1.0,900.0,,
1 Bedroom Apartment,990000.0,1.0,15.0,1.0,,98 Vause Road,
7 Bedroom House,4000000.0,7.0,6.0,10.0,1488.0,,
3 Bedroom House,785000.0,3.0,1.0,4.0,418.0,,
4 Bedroom House,1200000.0,4.0,2.0,6.0,423.0,,
3 Bedroom House,8800000.0,3.0,3.0,2.0,1187.0,,
1 Bedroom Apartment,975000.0,1.0,1.0,,,,
7 Bedroom House,13500000.0,7.0,7.0,19.0,3612.0,,
4 Bedroom House,12950000.0,4.0,45.0,2.0,1592.0,1 Mahogany Close,
2 Bedroom Apartment,730000.0,2.0,2.0,1.0,,5 Topham Road,
3 Bedroom Townhouse,1699000.0,3.0,2.0,6.0,,,
2 Bedroom Apartment,770000.0,2.0,1.0,,,,
3 Bedroom House,3490000.0,3.0,25.0,4.0,600.0,,
1 Bedroom Apartment,870000.0,1.0,1.0,2.0,,132 Gordon Road,
6 Bedroom House,2490000.0,6.0,5.0,6.0,1900.0,,
2 Bedroom Apartment,2100000.0,2.0,2.0,2.0,,,
4 Bedroom House,1480000.0,4.0,2.0,2.0,1038.0,,
3 Bedroom Apartment,2950000.0,3.0,3.0,2.0,,1 Zululami Drive,
7 Bedroom House,1799000.0,7.0,3.0,2.0,915.0,,
2 Bedroom Townhouse,820000.0,2.0,2.0,,,,
1 Bedroom Townhouse,680000.0,1.0,1.0,,,,
2 Bedroom Apartment,850000.0,2.0,2.0,1.0,,,
3 Bedroom Townhouse,820000.0,3.0,2.0,1.0,89515.0,,
2 Bedroom Apartment,3400000.0,2.0,2.0,2.0,,,
5 Bedroom House,6100000.0,5.0,3.0,10.0,1700.0,15 Highgate Place,
5 Bedroom House,11500000.0,5.0,45.0,8.0,,,
4 Bedroom House,760000.0,4.0,1.0,,281.0,,
3 Bedroom House,3995000.0,3.0,2.0,2.0,600.0,". Palm Lakes, 1 Lake Turqoise",
2 Bedroom House,630000.0,2.0,1.0,3.0,726.0,,
2 Bedroom Townhouse,590000.0,2.0,1.0,2.0,20636.0,"6 Ss Club Med, 1 Capri Crescent",
3 Bedroom Apartment,2050000.0,3.0,2.0,2.0,,,
2 Bedroom Townhouse,590000.0,2.0,1.0,2.0,20636.0,"6 Ss Club Med, 1 Capri Crescent",
3 Bedroom Townhouse,820000.0,3.0,1.0,2.0,,123 Marine Drive,
3 Bedroom House,1700000.0,3.0,2.0,2.0,862.0,,
3 Bedroom House,1850000.0,3.0,2.0,5.0,1858.0,,
7 Bedroom House,1950000.0,7.0,4.0,6.0,1012.0,33a Plein Street,
2 Bedroom Apartment,1500000.0,2.0,2.0,2.0,,,
4 Bedroom House,3095000.0,4.0,25.0,5.0,1916.0,,
2 Bedroom House,3045000.0,2.0,2.0,2.0,200.0,17 Sheffield Beach Rd,
4 Bedroom House,1600000.0,4.0,3.0,1.0,,,
5 Bedroom House,15900000.0,5.0,5.0,2.0,1991.0,31 Milkwood Drive,
2 Bedroom Apartment,690000.0,2.0,1.0,2.0,51.0,,
2 Bedroom Apartment,690000.0,2.0,1.0,2.0,51.0,,
3 Bedroom Townhouse,1940000.0,3.0,2.0,4.0,,,
3 Bedroom House,3250000.0,3.0,25.0,2.0,1369.0,,
2 Bedroom Apartment,3500000.0,2.0,2.0,2.0,,"207 Rixos, 315 Zimbali Lakes",
4 Bedroom House,600000.0,4.0,1.0,1.0,579.0,,
4 Bedroom House,2995000.0,4.0,3.0,4.0,2007.0,,
3 Bedroom Townhouse,1100000.0,3.0,2.0,2.0,,,
2 Bedroom House,1500000.0,2.0,1.0,2.0,1652.0,13 Pioneer Road,
4 Bedroom House,4045000.0,4.0,3.0,4.0,467.0,"1 Ss Mount Richmore Lifestyle Village Estate 1, 66 Salt Rock City Street",
3 Bedroom House,2250000.0,3.0,35.0,5.0,1441.0,,
3 Bedroom Apartment,4490000.0,3.0,2.0,1.0,,,
2 Bedroom Apartment,2995000.0,2.0,2.0,2.0,,,
4 Bedroom House,1085000.0,4.0,2.0,1.0,1015.0,,
2 Bedroom Apartment,1275000.0,2.0,2.0,1.0,,,
2 Bedroom Apartment,850000.0,2.0,2.0,1.0,,,
2 Bedroom Apartment,2249000.0,2.0,2.0,1.0,,,
3 Bedroom Townhouse,2300000.0,3.0,2.0,3.0,,,
4 Bedroom House,1150000.0,4.0,25.0,2.0,975.0,,
3 Bedroom Townhouse,1350000.0,3.0,2.0,2.0,4726.0,,
2 Bedroom Apartment,880000.0,2.0,15.0,1.0,,,
4 Bedroom House,10000000.0,4.0,3.0,5.0,697.0,P228 Sheffield Beach Road,
2 Bedroom Apartment,1150000.0,2.0,1.0,1.0,,,
3 Bedroom House,3200000.0,3.0,2.0,2.0,150.0,,
2 Bedroom Apartment,1650000.0,2.0,2.0,2.0,,751 Marine Drive,
3 Bedroom House,895000.0,3.0,25.0,3.0,240.0,,
2 Bedroom Apartment,1450000.0,2.0,15.0,2.0,,193 Peter Mokhaba Ridge,
2 Bedroom Townhouse,680000.0,2.0,1.0,2.0,39509.0,27 Bendigo Road,
1 Bedroom Apartment,999000.0,1.0,1.0,1.0,,,
2 Bedroom Apartment,680000.0,2.0,2.0,1.0,,,
3 Bedroom Apartment,,3.0,3.0,,,,
3 Bedroom Apartment,,3.0,3.0,,,,
3 Bedroom House,850000.0,3.0,2.0,1.0,1351.0,,
1 Bedroom Apartment,2450000.0,1.0,1.0,1.0,,500 Zimbali Lakes,
4 Bedroom House,1495000.0,4.0,25.0,4.0,,,
3 Bedroom Apartment,20150000.0,3.0,4.0,1.0,468.0,9 Beachwood Place,
2 Bedroom Apartment,980000.0,2.0,2.0,2.0,,"22 La Luce, 1813 Queen Street",
4 Bedroom House,3700000.0,4.0,4.0,2.0,,,
5 Bedroom House,1590000.0,5.0,4.0,4.0,650.0,,
3 Bedroom Apartment,2275000.0,3.0,25.0,2.0,,9 Ridgeside Road,
3 Bedroom House,870000.0,3.0,2.0,1.0,,,
3 Bedroom House,1680000.0,3.0,3.0,2.0,1042.0,,
2 Bedroom Apartment,4950000.0,2.0,2.0,2.0,,,
11 Bedroom House,4200000.0,11.0,11.0,3.0,1146.0,,
3 Bedroom Townhouse,690000.0,3.0,1.0,2.0,94.0,6 End Street,
2 Bedroom Apartment,1150000.0,2.0,2.0,1.0,,,
1 Bedroom Apartment,1620000.0,1.0,1.0,1.0,,115 Musgrave Avenue,
4 Bedroom Apartment,4600000.0,4.0,3.0,6.0,,"35 Ss Marine Terraces, 17 Marine Drive",
4 Bedroom House,3750000.0,4.0,35.0,6.0,694.0,156 Smiso Nkwanyana Road,
1 Bedroom Apartment,860000.0,1.0,1.0,4.0,,,
7 Bedroom House,2300000.0,7.0,6.0,6.0,1202.0,,
4 Bedroom House,1480000.0,4.0,3.0,1.0,899.0,,
10 Bedroom House,13850000.0,10.0,95.0,14.0,3168.0,130 Nkwazi Drive,
2 Bedroom Apartment,375000.0,2.0,1.0,1.0,,,
1 Bedroom Apartment,1620000.0,1.0,1.0,1.0,,115 Musgrave Avenue,
1 Bedroom Apartment,1350000.0,1.0,1.0,1.0,,,
2 Bedroom Apartment,1750000.0,2.0,1.0,1.0,,"318 The Breakers Resort, 88 Lagoon Drive",
4 Bedroom Townhouse,4250000.0,4.0,3.0,2.0,584.0,,
3 Bedroom Apartment,760000.0,3.0,2.0,2.0,,16 Faux Street,
2 Bedroom Apartment,970000.0,2.0,1.0,1.0,,137 Marine Drive,
2 Bedroom Apartment,1050000.0,2.0,1.0,,,,
3 Bedroom House,1350000.0,3.0,2.0,2.0,1066.0,,
3 Bedroom Apartment,2400000.0,3.0,2.0,3.0,,6 Hime Road,
4 Bedroom House,5199000.0,4.0,3.0,4.0,525.0,,
2.5 Bedroom Apartment,675000.0,25.0,1.0,1.0,,60 Cromwell Road,
2 Bedroom Apartment,920000.0,2.0,1.0,4.0,,,
5 Bedroom House,6500000.0,5.0,55.0,5.0,1000.0,36a Colwyn Drive,
2 Bedroom Apartment,3595000.0,2.0,2.0,1.0,,,
3 Bedroom Townhouse,895000.0,3.0,3.0,2.0,1950.0,,
3 Bedroom Apartment,5295000.0,3.0,2.0,1.0,,,
3 Bedroom House,1395000.0,3.0,1.0,2.0,736.0,,
2 Bedroom Apartment,2450000.0,2.0,2.0,1.0,2922.0,,
4 Bedroom House,1395000.0,4.0,1.0,3.0,669.0,,
2 Bedroom Apartment,1369000.0,2.0,1.0,2.0,,"5113 Ss Eagle, 117 Inanda Road",
1 Bedroom Apartment,485000.0,1.0,1.0,1.0,,,
3 Bedroom House,1395000.0,3.0,1.0,2.0,736.0,,
4 Bedroom House,3150000.0,4.0,4.0,6.0,1181.0,,
3 Bedroom House,899000.0,3.0,2.0,4.0,291.0,,
4 Bedroom House,3500000.0,4.0,2.0,2.0,1306.0,34 Panorama Drive,
4 Bedroom Townhouse,6900000.0,4.0,4.0,1.0,250.0,"59 Yellowood Drive, Bona Bali",
1 Bedroom Apartment,550000.0,1.0,1.0,1.0,,116 Mountain Rise Street,
2 Bedroom Apartment,960750.0,2.0,1.0,2.0,,,
5 Bedroom House,17000000.0,5.0,4.0,3.0,948.0,"1019 Cotswold Downs Estate, 93 Inanda Road",
2 Bedroom Apartment,880000.0,2.0,1.0,1.0,,,
2 Bedroom Apartment,1299000.0,2.0,1.0,,,,
3 Bedroom Apartment,1250000.0,3.0,2.0,4.0,,,
4 Bedroom House,4250000.0,4.0,2.0,9.0,1022.0,,
4 Bedroom House,990000.0,4.0,3.0,5.0,370.0,,
4 Bedroom House,2350000.0,4.0,2.0,4.0,1367.0,,
3 Bedroom Townhouse,4195000.0,3.0,3.0,4.0,2517.0,"2 & 3 Orchid Estate, 35 Langford Road",
4 Bedroom House,11500000.0,4.0,35.0,3.0,1000.0,7 Cuyler Drive,
3 Bedroom House,2600000.0,3.0,2.0,,691.0,,
12 Bedroom House,3900000.0,12.0,4.0,,1257.0,71 Vernon Road,
3 Bedroom Apartment,1250000.0,3.0,2.0,4.0,,,
1.5 Bedroom Apartment,900000.0,15.0,1.0,1.0,,,
2 Bedroom Apartment,699000.0,2.0,1.0,1.0,,,
3 Bedroom Apartment,3950000.0,3.0,3.0,2.0,,"52 Ss Mahakane, 76 Lagoon Drive",
3 Bedroom House,1850000.0,3.0,2.0,6.0,929.0,18 Dolphin Crescent,
2 Bedroom Apartment,1495000.0,2.0,2.0,2.0,,,
4 Bedroom House,7990000.0,4.0,4.0,11.0,1732.0,,
3 Bedroom Townhouse,1190000.0,3.0,1.0,1.0,9918.0,,
1 Bedroom Apartment,890000.0,1.0,1.0,1.0,,"86 Rocca Marina, 9 Sandile Thusi Road",
2 Bedroom Apartment,1850000.0,2.0,2.0,1.0,,,
3 Bedroom House,700000.0,3.0,2.0,,200.0,,
3 Bedroom Townhouse,1870000.0,3.0,2.0,4.0,5831.0,2 Sybas,
2 Bedroom Apartment,745000.0,2.0,1.0,1.0,,,
2 Bedroom Townhouse,650000.0,2.0,1.0,2.0,26592.0,"48 Mtwalumi Holiday Resort, 92 Dek Road",
1 Bedroom Apartment,935000.0,1.0,1.0,2.0,,,
2 Bedroom Apartment,1645000.0,2.0,2.0,2.0,,,
3 Bedroom Townhouse,1399000.0,3.0,2.0,2.0,,,
2 Bedroom Apartment,1150000.0,2.0,1.0,1.0,,,
4 Bedroom House,1400000.0,4.0,3.0,4.0,1406.0,,
2 Bedroom Apartment,1210000.0,2.0,2.0,2.0,,,
2 Bedroom Apartment,1850000.0,2.0,2.0,1.0,,,
3 Bedroom Apartment,1900000.0,3.0,2.0,2.0,,,
4 Bedroom House,14995000.0,4.0,4.0,4.0,1529.0,P228 Sheffield Beach Road,
3 Bedroom Townhouse,2750000.0,3.0,2.0,2.0,180.0,Chesterwood Close,
2 Bedroom Apartment,1945000.0,2.0,2.0,2.0,,,
3 Bedroom House,1495000.0,3.0,1.0,1.0,,,
House,,,,,940.0,280 Murray Road,
3 Bedroom House,695000.0,3.0,2.0,1.0,235.0,,
5 Bedroom House,2500000.0,5.0,25.0,24.0,2039.0,,
3 Bedroom Apartment,1250000.0,3.0,1.0,2.0,,,
1 Bedroom Apartment,1075000.0,1.0,1.0,1.0,,,
3 Bedroom House,1600000.0,3.0,3.0,2.0,582.0,,
3 Bedroom Townhouse,4995000.0,3.0,35.0,2.0,550.0,,
3 Bedroom Townhouse,2300000.0,3.0,2.0,3.0,,,
3 Bedroom Apartment,4900000.0,3.0,2.0,6.0,,P228 Sheffield Beach Road,
5 Bedroom House,3500000.0,5.0,5.0,10.0,2040.0,,
3 Bedroom Apartment,800000.0,3.0,2.0,1.0,,,
4 Bedroom House,3650000.0,4.0,2.0,7.0,1364.0,,
3 Bedroom Apartment,4980000.0,3.0,3.0,2.0,,115 Musgrave Avenue,
3 Bedroom Apartment,800000.0,3.0,2.0,1.0,,,
4 Bedroom House,1270000.0,4.0,2.0,4.0,290.0,,
3 Bedroom Townhouse,3300000.0,3.0,25.0,2.0,,,
3 Bedroom Apartment,950000.0,3.0,2.0,1.0,,,
5 Bedroom House,1500000.0,5.0,45.0,1.0,1646.0,,
2 Bedroom Apartment,650000.0,2.0,1.0,1.0,,,
2 Bedroom Apartment,695000.0,2.0,2.0,1.0,,,
4 Bedroom Townhouse,3950000.0,4.0,35.0,6.0,1506.0,,
2 Bedroom Apartment,1175000.0,2.0,1.0,1.0,,,
2 Bedroom Apartment,935000.0,2.0,15.0,1.0,,,
2 Bedroom Apartment,2950000.0,2.0,2.0,1.0,,,
1 Bedroom Apartment,1520000.0,1.0,1.0,1.0,,10 Umhlanga Ridge Boulevard,
4 Bedroom House,8980000.0,4.0,45.0,6.0,,,
3 Bedroom Apartment,1900000.0,3.0,2.0,2.0,,,
2 Bedroom House,730000.0,2.0,1.0,4.0,351.0,,
3 Bedroom House,4900000.0,3.0,1.0,1.0,6526.0,,
1 Bedroom Apartment,599000.0,1.0,1.0,,,,
2 Bedroom Townhouse,1150000.0,2.0,2.0,2.0,108034.0,,
2 Bedroom House,560000.0,2.0,1.0,2.0,500.0,,
4 Bedroom House,1200000.0,4.0,2.0,6.0,5410.0,,
3 Bedroom House,900000.0,3.0,2.0,4.0,305.0,,
1 Bedroom Apartment,400000.0,1.0,1.0,,,,
3 Bedroom House,6000000.0,3.0,3.0,4.0,2905.0,D554 False Bay North,
7 Bedroom House,15000000.0,7.0,6.0,9.0,12098.0,D554 False Bay North,
3 Bedroom House,1395000.0,3.0,2.0,2.0,1234.0,,
3 Bedroom Townhouse,3695000.0,3.0,2.0,3.0,,,
2 Bedroom Apartment,840000.0,2.0,1.0,1.0,,"29 Ss Delroc Place, 5 Elstow Place",
1 Bedroom Apartment,400000.0,1.0,1.0,,,,
2 Bedroom Apartment,3497000.0,2.0,2.0,1.0,,,
3 Bedroom Townhouse,895000.0,3.0,2.0,3.0,2318.0,"5 Ss Metcalfe Manors, Unit 5, 2 Ramiah Drive, Unit 5 Metcalfe Manors",
5 Bedroom Townhouse,8500000.0,5.0,55.0,2.0,15988.0,,
3 Bedroom Townhouse,5195000.0,3.0,35.0,,,1 Main Rd,
1 Bedroom Apartment,750000.0,1.0,1.0,1.0,,,
4 Bedroom House,5800000.0,4.0,4.0,3.0,460.0,,
3 Bedroom House,1850000.0,3.0,1.0,2.0,1041.0,,
3 Bedroom House,1250000.0,3.0,1.0,4.0,1677.0,,
3 Bedroom House,1250000.0,3.0,1.0,4.0,1677.0,,
2 Bedroom Apartment,799000.0,2.0,1.0,1.0,,,
1 Bedroom Townhouse,550000.0,1.0,1.0,1.0,260538.0,,
3 Bedroom House,1145000.0,3.0,2.0,10.0,564.0,,
3 Bedroom House,695000.0,3.0,1.0,1.0,262.0,,
4 Bedroom Apartment,2700000.0,4.0,3.0,3.0,,,
3 Bedroom Townhouse,3995000.0,3.0,25.0,2.0,,,
3 Bedroom House,680000.0,3.0,15.0,,425.0,,
1 Bedroom Apartment,990000.0,1.0,1.0,1.0,,,
1 Bedroom Townhouse,695000.0,1.0,1.0,1.0,28646.0,,
3 Bedroom Apartment,1150000.0,3.0,2.0,,,,
3 Bedroom Townhouse,995000.0,3.0,2.0,1.0,,,
1 Bedroom Apartment,3850000.0,1.0,1.0,1.0,,,
3 Bedroom Townhouse,2450000.0,3.0,25.0,2.0,9495.0,,
11 Bedroom House,1995000.0,11.0,8.0,,1240.0,,
3 Bedroom Townhouse,850000.0,3.0,15.0,2.0,161.0,,
2 Bedroom Townhouse,550000.0,2.0,1.0,1.0,109558.0,,
2 Bedroom Apartment,760000.0,2.0,1.0,1.0,,,
3 Bedroom House,1075000.0,3.0,3.0,1.0,,,
2 Bedroom Apartment,850000.0,2.0,2.0,1.0,,"3 Ss Glenbarry, 61 Haden Road",
4 Bedroom House,990000.0,4.0,2.0,2.0,1056.0,,
2 Bedroom Apartment,2400000.0,2.0,2.0,2.0,,"60 Lush Condos, . Sheffield Beach Road",
4 Bedroom House,1398000.0,4.0,2.0,,1617.0,,
4 Bedroom House,4500000.0,4.0,3.0,2.0,593.0,,
2 Bedroom Apartment,885500.0,2.0,1.0,1.0,,,
2 Bedroom Apartment,980000.0,2.0,2.0,,,,
3 Bedroom House,2150000.0,3.0,25.0,2.0,1046.0,,
3 Bedroom House,3150000.0,3.0,3.0,3.0,493.0,"Caledon Estate, 10 Isabella Road",
3 Bedroom House,1490000.0,3.0,25.0,2.0,,,
2 Bedroom House,1390000.0,2.0,1.0,,138.0,,
3 Bedroom House,1290000.0,3.0,2.0,2.0,652.0,,
3 Bedroom Apartment,990000.0,3.0,2.0,1.0,,,
2 Bedroom Apartment,1100000.0,2.0,2.0,2.0,,"18 Ss Avonlea Grove, 223/239 Lilian Ngoyi Road",
1 Bedroom Apartment,1495000.0,1.0,1.0,2.0,,,
3 Bedroom House,2675000.0,3.0,25.0,6.0,4042.0,35 Igwababa Road,
3 Bedroom House,900000.0,3.0,1.0,2.0,325.0,,
3 Bedroom Apartment,1250000.0,3.0,2.0,2.0,,,
4 Bedroom House,1398000.0,4.0,2.0,,1617.0,,
2 Bedroom Apartment,1570000.0,2.0,2.0,1.0,,,
3 Bedroom Townhouse,1520000.0,3.0,2.0,2.0,5126.0,658 Marlin Drive,
3 Bedroom House,1750000.0,3.0,2.0,2.0,1145.0,,
3 Bedroom Apartment,1555000.0,3.0,2.0,2.0,,,
3 Bedroom Apartment,1555000.0,3.0,2.0,2.0,,,
3 Bedroom House,1050000.0,3.0,25.0,,225.0,,
2 Bedroom Apartment,1540000.0,2.0,2.0,1.0,,,
0.5 Bedroom Apartment,550000.0,5.0,1.0,1.0,,,
2 Bedroom Apartment,3200000.0,2.0,2.0,2.0,,21 Forest View,
4 Bedroom House,,4.0,25.0,1.0,2420.0,,
2 Bedroom Apartment,995000.0,2.0,1.0,1.0,,,
3 Bedroom Apartment,1395000.0,3.0,2.0,3.0,,,
3 Bedroom House,1299000.0,3.0,1.0,3.0,1.0,,
3 Bedroom Apartment,1340000.0,3.0,25.0,3.0,,,
4 Bedroom House,5450000.0,4.0,4.0,4.0,453.0,,
3 Bedroom Apartment,650000.0,3.0,,2.0,,,
2 Bedroom Apartment,1549000.0,2.0,1.0,1.0,,,
2 Bedroom Apartment,2695000.0,2.0,2.0,1.0,,,
3 Bedroom House,2495000.0,3.0,2.0,9.0,1253.0,,
5 Bedroom House,2500000.0,5.0,3.0,3.0,643.0,,
Townhouse,300000.0,,1.0,,4917.0,,
3 Bedroom House,1100000.0,3.0,2.0,1.0,1270.0,,
3 Bedroom Apartment,1350000.0,3.0,2.0,1.0,,3 Ss Villa Marina 7 Beach Rd,
5 Bedroom House,1495000.0,5.0,2.0,2.0,1293.0,,
6 Bedroom House,1500000.0,6.0,2.0,6.0,,,
4 Bedroom House,7695000.0,4.0,3.0,2.0,715.0,11 Shepton Close,
2 Bedroom House,650000.0,2.0,1.0,2.0,250.0,,
5 Bedroom House,2200000.0,5.0,3.0,3.0,1724.0,,
2 Bedroom House,1295000.0,2.0,2.0,1.0,280.0,84 Genazzano Street,
2 Bedroom Townhouse,779000.0,2.0,2.0,2.0,,,
4 Bedroom House,3485000.0,4.0,3.0,4.0,1424.0,,
4 Bedroom House,,4.0,2.0,4.0,973.0,,
3 Bedroom Townhouse,745000.0,3.0,2.0,1.0,3596.0,"3 Ss Lily Ponds, 39 Ramsey Avenue",
2 Bedroom Apartment,950000.0,2.0,1.0,1.0,,,
1 Bedroom Apartment,850000.0,1.0,1.0,1.0,,7 Borlase Road,
2 Bedroom Apartment,1495000.0,2.0,15.0,2.0,,328 Peter Mokaba Ridge,
4 Bedroom Townhouse,2400000.0,4.0,2.0,1.0,19835.0,,
1 Bedroom Apartment,550000.0,1.0,1.0,,,,
2 Bedroom Apartment,1800000.0,2.0,2.0,1.0,,100 South Beach,
1.5 Bedroom Apartment,720000.0,15.0,1.0,1.0,,,
4 Bedroom House,7695000.0,4.0,3.0,2.0,715.0,11 Shepton Close,
3 Bedroom Townhouse,1750000.0,3.0,2.0,1.0,146407.0,,
6 Bedroom House,15999000.0,6.0,5.0,8.0,1182.0,17a Llewellyn Drive,
5 Bedroom House,980000.0,5.0,3.0,2.0,1858.0,,
3 Bedroom House,850000.0,3.0,1.0,4.0,377.0,,
2 Bedroom Apartment,890000.0,2.0,1.0,1.0,,33 5th Avenue,
2 Bedroom Apartment,1200000.0,2.0,2.0,2.0,,,
3 Bedroom House,580000.0,3.0,1.0,2.0,,,
2 Bedroom Apartment,2225000.0,2.0,2.0,2.0,,242 Vause Road,
3 Bedroom House,1100000.0,3.0,2.0,2.0,2071.0,,
3 Bedroom House,1500000.0,3.0,35.0,4.0,528.0,,
2 Bedroom Apartment,849000.0,2.0,2.0,1.0,,,
2 Bedroom Apartment,690000.0,2.0,1.0,,,,
6 Bedroom House,2995000.0,6.0,3.0,20.0,962.0,,
3 Bedroom Townhouse,795000.0,3.0,1.0,3.0,5443.0,,
8 Bedroom House,3899000.0,8.0,2.0,10.0,1349.0,,
6 Bedroom House,1750000.0,6.0,4.0,4.0,1060.0,,
3 Bedroom Apartment,2450000.0,3.0,2.0,2.0,,,
2 Bedroom Townhouse,1150000.0,2.0,1.0,1.0,,,
7 Bedroom House,2449000.0,7.0,4.0,10.0,1202.0,,
3 Bedroom Townhouse,1200000.0,3.0,2.0,2.0,106.0,,
4 Bedroom Townhouse,1750000.0,4.0,2.0,2.0,272960.0,866 Old National Road,
3 Bedroom Apartment,2450000.0,3.0,2.0,2.0,,,
House,1499000.0,,,,,,
3 Bedroom Apartment,1495000.0,3.0,2.0,2.0,,,
2 Bedroom House,695000.0,2.0,1.0,1.0,2021.0,,
3 Bedroom House,3250000.0,3.0,2.0,2.0,1111.0,,
2 Bedroom Apartment,800000.0,2.0,1.0,2.0,,,
3 Bedroom Apartment,1490000.0,3.0,15.0,3.0,,,
2 Bedroom Townhouse,899000.0,2.0,1.0,2.0,108034.0,,
3 Bedroom Apartment,2950000.0,3.0,2.0,2.0,,,
2 Bedroom Apartment,2695000.0,2.0,2.0,2.0,,,
1.5 Bedroom Apartment,860000.0,15.0,15.0,1.0,,,
4 Bedroom Townhouse,1850000.0,4.0,3.0,6.0,2027.0,,
2 Bedroom Apartment,2695000.0,2.0,2.0,2.0,,,
2 Bedroom Townhouse,950000.0,2.0,1.0,4.0,668.0,,
3 Bedroom Townhouse,1391000.0,3.0,2.0,1.0,107.0,,
2 Bedroom Apartment,4495000.0,2.0,25.0,2.0,,,
2 Bedroom Apartment,680000.0,2.0,2.0,1.0,,,
2 Bedroom Apartment,680000.0,2.0,1.0,2.0,,,
2 Bedroom Apartment,930000.0,2.0,1.0,1.0,,,
3 Bedroom Townhouse,1050000.0,3.0,25.0,3.0,4231.0,,
3 Bedroom Apartment,2390000.0,3.0,2.0,2.0,,,
3 Bedroom Townhouse,5500000.0,3.0,2.0,2.0,3211.0,,
2 Bedroom Apartment,750000.0,2.0,1.0,2.0,,,
1 Bedroom Apartment,870000.0,1.0,1.0,1.0,,"3 Ss Monthaven, 605 Currie Road",
4 Bedroom House,7000000.0,4.0,4.0,2.0,732.0,,
3 Bedroom House,1650000.0,3.0,25.0,8.0,1141.0,,
8 Bedroom House,13500000.0,8.0,6.0,11.0,1866.0,,
3 Bedroom Apartment,1150000.0,3.0,1.0,2.0,,,
3 Bedroom Apartment,1150000.0,3.0,1.0,2.0,,,
5 Bedroom House,6200000.0,5.0,4.0,6.0,1449.0,,
2 Bedroom Apartment,850000.0,2.0,2.0,,,,
2 Bedroom Apartment,650000.0,2.0,2.0,2.0,,19 Erasmus Road,
5 Bedroom House,1100000.0,5.0,3.0,5.0,418.0,,
3 Bedroom Apartment,1095000.0,3.0,2.0,1.0,,,
1 Bedroom Apartment,865000.0,1.0,1.0,1.0,,,
2 Bedroom Apartment,990000.0,2.0,2.0,1.0,,133 Marine Drive,
4 Bedroom House,2799000.0,4.0,3.0,5.0,,,
4 Bedroom House,3495000.0,4.0,25.0,8.0,7003.0,,
4 Bedroom Apartment,2500000.0,4.0,3.0,1.0,,"289 San Lameer Estate, Lower South Coast Kwa-Zulu Natal N2s R61, San Lameer",
4 Bedroom House,3800000.0,4.0,4.0,4.0,1123.0,,
3 Bedroom House,950000.0,3.0,2.0,1.0,1404.0,,
5 Bedroom House,12000000.0,5.0,5.0,2.0,1589.0,1 Driftwood,
1.5 Bedroom Apartment,999000.0,15.0,1.0,1.0,,690 Musgrave Road,
5 Bedroom House,950000.0,5.0,2.0,4.0,372.0,,
2 Bedroom House,3400000.0,2.0,2.0,3.0,,"31 The Abrey, 120 Abrey Road",
1.5 Bedroom Apartment,650000.0,15.0,1.0,,,,
28 Bedroom Apartment,6000000.0,28.0,14.0,14.0,,,
11 Bedroom House,4300000.0,11.0,7.0,10.0,2371.0,,
Apartment,475000.0,,1.0,,,,
4 Bedroom Townhouse,5500000.0,4.0,3.0,2.0,,,
1 Bedroom Apartment,355000.0,1.0,1.0,1.0,,,
27 Bedroom Apartment,13999000.0,27.0,27.0,17.0,320.0,,
0.5 Bedroom Apartment,450000.0,5.0,1.0,,,,
1 Bedroom Apartment,770000.0,1.0,1.0,1.0,,,
1 Bedroom House,1895000.0,1.0,1.0,1.0,,,
2 Bedroom Apartment,1199000.0,2.0,1.0,2.0,,,
1 Bedroom Apartment,650000.0,1.0,1.0,1.0,,,
4 Bedroom House,1315000.0,4.0,3.0,3.0,1027.0,2 Groon Road,
28 Bedroom Apartment,6000000.0,28.0,14.0,14.0,,,
2 Bedroom Apartment,1200000.0,2.0,1.0,1.0,,,
3 Bedroom House,600000.0,3.0,1.0,1.0,1000.0,,
2 Bedroom Apartment,980000.0,2.0,1.0,2.0,,,
1 Bedroom Apartment,350000.0,1.0,1.0,,,,
House,690000.0,,,,700.0,Nseleni Township,
4 Bedroom House,1950000.0,4.0,3.0,5.0,2138.0,,
3 Bedroom House,900000.0,3.0,1.0,4.0,,,
5 Bedroom House,2848000.0,5.0,4.0,4.0,1907.0,,
2 Bedroom Apartment,795000.0,2.0,1.0,,54.0,,
2 Bedroom Apartment,699000.0,2.0,1.0,1.0,,,
1 Bedroom Apartment,350000.0,1.0,1.0,,,,
4 Bedroom House,,4.0,2.0,5.0,1373.0,,
4 Bedroom House,3500000.0,4.0,2.0,3.0,4686.0,,
2 Bedroom Apartment,730000.0,2.0,1.0,1.0,,,
2 Bedroom Apartment,1100000.0,2.0,1.0,1.0,,,
3 Bedroom House,1150000.0,3.0,1.0,,1260.0,,
3 Bedroom House,1750000.0,3.0,2.0,2.0,4047.0,,
3 Bedroom House,890000.0,3.0,1.0,3.0,372.0,,
3 Bedroom House,915000.0,3.0,1.0,28.0,,,
2 Bedroom Townhouse,590000.0,2.0,1.0,1.0,,,
3 Bedroom Townhouse,1299000.0,3.0,1.0,2.0,4043.0,,
3 Bedroom Townhouse,1299000.0,3.0,1.0,2.0,4043.0,,
3 Bedroom House,1100000.0,3.0,2.0,1.0,,22 Himalaya Drive,
1 Bedroom Apartment,851000.0,1.0,1.0,1.0,,,
3 Bedroom House,6556689.0,3.0,2.0,2.0,245.0,,
2 Bedroom Apartment,1750000.0,2.0,15.0,1.0,,,
2 Bedroom Apartment,695000.0,2.0,2.0,2.0,,,
4 Bedroom House,1295000.0,4.0,15.0,3.0,308.0,,
4 Bedroom House,1095000.0,4.0,2.0,1.0,1370.0,,
5 Bedroom House,8750000.0,5.0,4.0,6.0,1393.0,,
6 Bedroom House,4295000.0,6.0,5.0,2.0,1012.0,,
2 Bedroom Apartment,1640100.0,2.0,2.0,1.0,,,
6 Bedroom House,15495000.0,6.0,5.0,7.0,1030.0,,
2 Bedroom Apartment,1950000.0,2.0,2.0,1.0,,,
3 Bedroom Apartment,1750000.0,3.0,2.0,1.0,,,
2 Bedroom Apartment,2800000.0,2.0,2.0,2.0,19220.0,,
2 Bedroom House,839000.0,2.0,15.0,3.0,284.0,,
2 Bedroom Apartment,749000.0,2.0,2.0,1.0,,,
6 Bedroom House,15495000.0,6.0,5.0,7.0,1030.0,,
1 Bedroom Apartment,695000.0,1.0,1.0,1.0,,,
2 Bedroom Apartment,850000.0,2.0,15.0,1.0,,,
2 Bedroom Apartment,3950000.0,2.0,2.0,1.0,,,
3 Bedroom Apartment,3300000.0,3.0,25.0,2.0,,,
3 Bedroom Apartment,3999500.0,3.0,3.0,2.0,,,
3 Bedroom Townhouse,3350000.0,3.0,3.0,4.0,105309.0,,
2 Bedroom Townhouse,1349000.0,2.0,1.0,2.0,,,
2 Bedroom Apartment,795000.0,2.0,1.0,1.0,,,
4 Bedroom House,2650000.0,4.0,4.0,,4100.0,,
4 Bedroom House,1195000.0,4.0,2.0,4.0,794.0,,
8 Bedroom House,3500000.0,8.0,6.0,10.0,4200.0,,
4 Bedroom Apartment,5250000.0,4.0,2.0,1.0,,,
1 Bedroom Apartment,550000.0,1.0,1.0,,,,
3 Bedroom Townhouse,1350000.0,3.0,2.0,1.0,470.0,,
1 Bedroom Apartment,610000.0,1.0,1.0,2.0,,,
2 Bedroom Apartment,700000.0,2.0,2.0,1.0,,,
4 Bedroom House,1180000.0,4.0,2.0,5.0,,,
4 Bedroom House,1495000.0,4.0,3.0,9.0,1012.0,,
3 Bedroom House,650000.0,3.0,1.0,2.0,,,
1 Bedroom Apartment,390000.0,1.0,1.0,,,,
4 Bedroom Apartment,3995000.0,4.0,3.0,4.0,,,
2 Bedroom Apartment,1490000.0,2.0,2.0,1.0,,,
4 Bedroom House,3250000.0,4.0,4.0,3.0,845.0,,
1 Bedroom Apartment,975000.0,1.0,1.0,1.0,,,
3 Bedroom House,1450000.0,3.0,2.0,6.0,971.0,,
3 Bedroom House,795000.0,3.0,15.0,2.0,201.0,,
3 Bedroom House,1195000.0,3.0,1.0,4.0,305.0,,
2 Bedroom Apartment,700000.0,2.0,2.0,1.0,,,
3 Bedroom House,790000.0,3.0,2.0,,390.0,,
2 Bedroom Apartment,489000.0,2.0,1.0,2.0,,,
4 Bedroom House,795000.0,4.0,1.0,,580.0,,
3 Bedroom House,895000.0,3.0,1.0,2.0,573.0,,
1 Bedroom Apartment,2600000.0,1.0,1.0,,,,
4 Bedroom House,9200000.0,4.0,35.0,4.0,27706.0,,
4 Bedroom House,3500000.0,4.0,2.0,5.0,22340.0,,
2 Bedroom Apartment,690000.0,2.0,1.0,1.0,,2 Beach Road,
1 Bedroom Apartment,359000.0,1.0,1.0,1.0,22.0,,
4 Bedroom House,3000000.0,4.0,4.0,4.0,2099.0,,
2 Bedroom Apartment,670000.0,2.0,1.0,1.0,,,
4 Bedroom House,2845000.0,4.0,1.0,,81.0,,
1 Bedroom Apartment,339000.0,1.0,1.0,1.0,,,
3 Bedroom House,1750000.0,3.0,2.0,6.0,557.0,,
3 Bedroom Apartment,900000.0,3.0,2.0,2.0,118.0,,
3 Bedroom House,650000.0,3.0,1.0,,429.0,,
1 Bedroom Apartment,495000.0,1.0,1.0,,,,
3 Bedroom House,1750000.0,3.0,2.0,6.0,557.0,,
1.5 Bedroom Apartment,550000.0,15.0,15.0,,,,
3 Bedroom Townhouse,1275000.0,3.0,2.0,5.0,,,
8 Bedroom House,9975000.0,8.0,8.0,14.0,2024.0,,
3 Bedroom House,800000.0,3.0,2.0,7.0,924.0,,
2 Bedroom Apartment,650000.0,2.0,1.0,1.0,,,
2 Bedroom Apartment,880000.0,2.0,2.0,2.0,,,
3 Bedroom House,1750000.0,3.0,2.0,2.0,929.0,,
3 Bedroom Townhouse,950000.0,3.0,2.0,1.0,110735.0,103 Longbeach Karanteen Lane Farm 6371 Newton Wolds,
3 Bedroom House,4450000.0,3.0,2.0,2.0,2215.0,,
3 Bedroom Townhouse,1250000.0,3.0,2.0,2.0,,,
1 Bedroom Apartment,550000.0,1.0,1.0,1.0,,,
1 Bedroom Apartment,499000.0,1.0,1.0,2.0,,,
3 Bedroom Apartment,2100000.0,3.0,2.0,2.0,,,
3 Bedroom House,3250000.0,3.0,2.0,2.0,300.0,,
4 Bedroom House,5750000.0,4.0,3.0,4.0,1432.0,,
2 Bedroom Apartment,660000.0,2.0,1.0,1.0,,,
2 Bedroom Apartment,780000.0,2.0,2.0,1.0,,,
3 Bedroom Apartment,3595000.0,3.0,2.0,3.0,,"104 Chartwell, 37 Peter Mokaba Ridge",
4 Bedroom House,6750000.0,4.0,45.0,1.0,200.0,"588 San Lameer Lower South Coast Kwa-Zulu Natal N2s R61, San Lameer,,",
2 Bedroom Apartment,999000.0,2.0,1.0,1.0,,,
2 Bedroom Apartment,610000.0,2.0,2.0,2.0,,2 Dean Road,
3 Bedroom House,4450000.0,3.0,2.0,2.0,2215.0,,
2 Bedroom Townhouse,800000.0,2.0,1.0,1.0,,,
3 Bedroom Townhouse,1850000.0,3.0,2.0,2.0,20021.0,,
2 Bedroom Apartment,950000.0,2.0,2.0,2.0,,"10 Morning Glory, 10 Orange Rock Road",
3 Bedroom House,930000.0,3.0,15.0,6.0,1134.0,,
10 Bedroom House,2150000.0,10.0,10.0,1.0,2023.0,,
5 Bedroom House,2495000.0,5.0,5.0,5.0,1065.0,,
2 Bedroom Apartment,690000.0,2.0,1.0,1.0,,,
1 Bedroom Apartment,410000.0,1.0,1.0,1.0,,,
2 Bedroom Apartment,695000.0,2.0,2.0,1.0,,70 Connor Rd,
1 Bedroom Apartment,1980000.0,1.0,1.0,1.0,,,
5 Bedroom House,4500000.0,5.0,5.0,11.0,1207.0,,
2 Bedroom Apartment,890000.0,2.0,2.0,2.0,,,
2 Bedroom Apartment,600000.0,2.0,2.0,1.0,,,
3 Bedroom House,1350000.0,3.0,2.0,2.0,1867.0,,
1 Bedroom Apartment,1450000.0,1.0,1.0,1.0,,,
2 Bedroom Apartment,995000.0,2.0,2.0,1.0,,26 William Brown Road,
2 Bedroom Townhouse,800000.0,2.0,1.0,1.0,,,
3 Bedroom House,595000.0,3.0,15.0,2.0,260.0,,
3 Bedroom House,1700000.0,3.0,1.0,,1232.0,,
4 Bedroom Townhouse,4249000.0,4.0,35.0,4.0,1736.0,,
2 Bedroom Apartment,1650000.0,2.0,2.0,1.0,,,
10 Bedroom House,2150000.0,10.0,10.0,1.0,2023.0,,
3 Bedroom House,1950000.0,3.0,2.0,2.0,158.0,,
3 Bedroom House,395000.0,3.0,2.0,1.0,700.0,,
3 Bedroom House,700000.0,3.0,1.0,2.0,650.0,,
4 Bedroom House,3750000.0,4.0,3.0,6.0,929.0,,
2 Bedroom Apartment,5800000.0,2.0,2.0,1.0,,,
4 Bedroom House,3975000.0,4.0,3.0,4.0,1970.0,,
2 Bedroom Apartment,710000.0,2.0,25.0,1.0,,,
3 Bedroom House,950000.0,3.0,2.0,2.0,375.0,,
2 Bedroom Apartment,595000.0,2.0,1.0,1.0,,,
3 Bedroom Apartment,750000.0,3.0,1.0,1.0,,,
4 Bedroom House,1299000.0,4.0,2.0,5.0,919.0,,
3 Bedroom House,1350000.0,3.0,15.0,5.0,959.0,,
4 Bedroom House,1250000.0,4.0,2.0,2.0,1850.0,,
3 Bedroom House,1880000.0,3.0,2.0,3.0,1371.0,,
2 Bedroom Apartment,750000.0,2.0,1.0,,,,
2 Bedroom Apartment,775000.0,2.0,1.0,2.0,,,
6 Bedroom House,970000.0,6.0,2.0,4.0,289.0,,
4 Bedroom House,1700000.0,4.0,2.0,5.0,590.0,,
3 Bedroom House,599000.0,3.0,2.0,4.0,1400.0,,
4 Bedroom Townhouse,1780000.0,4.0,2.0,2.0,,,
4 Bedroom Townhouse,1780000.0,4.0,2.0,2.0,,,
53 Bedroom House,6800000.0,53.0,4.0,20.0,139.0,,
3 Bedroom House,899000.0,3.0,1.0,1.0,302.0,,
3 Bedroom House,4850000.0,3.0,25.0,4.0,450.0,1 Intaba Terrace Street,
3 Bedroom Townhouse,1095000.0,3.0,2.0,2.0,,,
2 Bedroom Apartment,1625000.0,2.0,1.0,2.0,,,
3 Bedroom Apartment,1550000.0,3.0,2.0,2.0,,,
2 Bedroom Apartment,1295000.0,2.0,1.0,2.0,,,
2 Bedroom Apartment,780000.0,2.0,15.0,2.0,81.0,,
3 Bedroom Apartment,1600000.0,3.0,3.0,2.0,,53 Marine Drive,
3 Bedroom Townhouse,3250000.0,3.0,2.0,2.0,,,
3 Bedroom House,3490000.0,3.0,25.0,4.0,3526.0,,
4 Bedroom Apartment,4200000.0,4.0,2.0,2.0,,,
1 Bedroom Apartment,1249000.0,1.0,1.0,1.0,,,
2 Bedroom Apartment,5000000.0,2.0,2.0,2.0,,"1210 Ss Pearl Sky, 6 Lagoon Drive",
2 Bedroom House,680000.0,2.0,2.0,2.0,,9 Westham Drive,
3 Bedroom Townhouse,3690000.0,3.0,3.0,5.0,758.0,"8 Greenvale Village, 36 Shongweni Road",
3 Bedroom Townhouse,8000000.0,3.0,2.0,4.0,,"4 Ss Kenny Close, 120 North Beach Road",
3 Bedroom House,4350000.0,3.0,25.0,12.0,4439.0,,
3 Bedroom Apartment,1600000.0,3.0,3.0,2.0,,53 Marine Drive,
3 Bedroom Townhouse,1480000.0,3.0,2.0,2.0,,75 David Livingstone Drive,
4 Bedroom Apartment,6750000.0,4.0,3.0,2.0,,,
2 Bedroom Apartment,1345000.0,2.0,2.0,2.0,,,
3 Bedroom House,1890000.0,3.0,3.0,2.0,1045.0,15 Lagoon Drive,
4 Bedroom House,2500000.0,4.0,25.0,3.0,1395.0,,
6 Bedroom House,2650000.0,6.0,4.0,9.0,1096.0,"10 Bologna Avenue, Resevoir Hills",
2 Bedroom Apartment,1700000.0,2.0,2.0,2.0,,,
3 Bedroom House,1700000.0,3.0,1.0,3.0,522.0,,
2 Bedroom Apartment,2000000.0,2.0,1.0,2.0,,"319 Ss Cozumel, 33 North Beach Road",
3 Bedroom Townhouse,2250000.0,3.0,2.0,3.0,6944.0,"13 Ridgeview, 1 Celtis Close",
1 Bedroom Apartment,1850000.0,1.0,1.0,1.0,,"14 Malindi, 24 Marine Drive",
2 Bedroom Apartment,1745000.0,2.0,2.0,2.0,,26 Carolina Boulevard,
2 Bedroom Apartment,1050000.0,2.0,1.0,1.0,,"14 Marilyn Court, 4 Marine Terrace",
3 Bedroom Townhouse,4500000.0,3.0,2.0,2.0,77852.0,,
3 Bedroom Apartment,2499000.0,3.0,2.0,6.0,,21 Barham Road,
3 Bedroom House,1700000.0,3.0,1.0,3.0,522.0,,
1 Bedroom Apartment,550000.0,1.0,1.0,1.0,,"3 Winmure, 50 Gordon Road",
3 Bedroom Townhouse,4450000.0,3.0,2.0,2.0,,18 Northshore,
3 Bedroom House,1100000.0,3.0,1.0,1.0,1016.0,1 Allen Road,
7 Bedroom House,3695000.0,7.0,4.0,5.0,1150.0,48 Alexander Drive,
4 Bedroom House,6750000.0,4.0,45.0,3.0,200.0,"14 San Lameer, R61 Lower South Coast Road",
2 Bedroom Apartment,2995000.0,2.0,2.0,2.0,,,
3 Bedroom House,3500000.0,3.0,2.0,4.0,21.0,,
3 Bedroom House,990000.0,3.0,2.0,4.0,376.0,,
4 Bedroom House,3250000.0,4.0,25.0,8.0,1128.0,,
2 Bedroom Apartment,1800000.0,2.0,2.0,1.0,,,
3 Bedroom Townhouse,1250000.0,3.0,2.0,4.0,,,
3 Bedroom House,1695000.0,3.0,15.0,5.0,713.0,65 Bowen Avenue,
2 Bedroom Apartment,1750000.0,2.0,2.0,2.0,,62 Browns Drift Road,
2 Bedroom Apartment,2600000.0,2.0,2.0,2.0,,,
4 Bedroom Townhouse,8080000.0,4.0,35.0,2.0,281.0,,
3 Bedroom House,570000.0,3.0,1.0,1.0,322.0,,
3 Bedroom Apartment,4295000.0,3.0,2.0,2.0,,"37 Siesta, 76 Ocean Drive",
2 Bedroom Apartment,820000.0,2.0,2.0,1.0,,"3 Cordova, 124 Bidston Road",
5 Bedroom House,4649500.0,5.0,4.0,8.0,1517.0,,
2 Bedroom House,480000.0,2.0,1.0,1.0,398.0,,
3 Bedroom Townhouse,1390000.0,3.0,2.0,2.0,,,
1 Bedroom Apartment,550000.0,1.0,1.0,3.0,,"22 Amirantes, 24 Homestead Avenue",
5 Bedroom House,770000.0,5.0,15.0,4.0,,,
2 Bedroom House,3100000.0,2.0,2.0,2.0,,,
3.5 Bedroom Apartment,1295000.0,35.0,15.0,2.0,,,
3 Bedroom Townhouse,3400000.0,3.0,25.0,2.0,,,
Apartment,350000.0,,,,,2 Madadeni J,
9 Bedroom House,4500000.0,9.0,10.0,12.0,2016.0,5 Faraway Place,
2 Bedroom Apartment,675000.0,2.0,1.0,1.0,,50 Forest Road,
4 Bedroom Townhouse,8080000.0,4.0,35.0,2.0,281.0,,
1 Bedroom Apartment,345000.0,1.0,1.0,1.0,,,
4 Bedroom House,4450000.0,4.0,25.0,8.0,3995.0,16 Sykes Road,
2 Bedroom Apartment,1944000.0,2.0,1.0,3.0,,,
4 Bedroom Apartment,3750000.0,4.0,2.0,2.0,,105 Marine Drive,
4 Bedroom House,8750000.0,4.0,3.0,4.0,742.0,P228 Sheffield Beach Road,
3 Bedroom Apartment,965000.0,3.0,2.0,2.0,,,
4 Bedroom House,2499000.0,4.0,2.0,4.0,2491.0,7 Kipling Place,
3 Bedroom Apartment,1250000.0,3.0,2.0,2.0,133.0,,
3 Bedroom Apartment,,3.0,3.0,1.0,,"Unit 15, 56 Umvoti Drive",
3 Bedroom House,1680000.0,3.0,1.0,2.0,833.0,,
3 Bedroom Apartment,795000.0,3.0,15.0,1.0,,,
5 Bedroom House,1270000.0,5.0,25.0,4.0,1439.0,35 Alek Close,
3 Bedroom House,890000.0,3.0,2.0,,1568.0,,
3 Bedroom House,1680000.0,3.0,1.0,2.0,833.0,,
3 Bedroom Apartment,680000.0,3.0,2.0,2.0,,,
1 Bedroom Apartment,450000.0,1.0,1.0,,,,
3 Bedroom Apartment,8900000.0,3.0,3.0,2.0,,,
4 Bedroom House,644999.0,4.0,15.0,1.0,300.0,,
4 Bedroom House,2350000.0,4.0,2.0,9.0,924.0,26 Woodlands Road,
3 Bedroom House,2900000.0,3.0,2.0,14.0,965.0,5 Short,
3 Bedroom Apartment,990000.0,3.0,2.0,2.0,,51 O.r. Tambo Parade,
2 Bedroom Apartment,695000.0,2.0,1.0,1.0,,,
1 Bedroom Apartment,450000.0,1.0,1.0,,,,
2 Bedroom Apartment,4000000.0,2.0,2.0,2.0,,,
6 Bedroom House,10995000.0,6.0,6.0,4.0,1002.0,,
3 Bedroom Apartment,1695000.0,3.0,2.0,1.0,,,
0.5 Bedroom Apartment,530000.0,5.0,1.0,1.0,,,
3 Bedroom House,1595000.0,3.0,3.0,6.0,1024.0,,
3 Bedroom House,1550000.0,3.0,2.0,6.0,,,
3 Bedroom Apartment,5087000.0,3.0,3.0,2.0,,,
3 Bedroom House,4300000.0,3.0,2.0,2.0,,,
7 Bedroom House,2250000.0,7.0,35.0,4.0,731.0,,
2 Bedroom Apartment,1395000.0,2.0,2.0,2.0,,,
2 Bedroom Apartment,750000.0,2.0,1.0,,,,
3 Bedroom House,1100000.0,3.0,2.0,5.0,669.0,,
6 Bedroom House,3500000.0,6.0,4.0,2.0,3175.0,,
5 Bedroom House,2790000.0,5.0,4.0,2.0,3272.0,,
1 Bedroom Apartment,1201200.0,1.0,1.0,1.0,,,
3 Bedroom House,840000.0,3.0,2.0,3.0,450.0,,
2 Bedroom Apartment,610000.0,2.0,1.0,,52.0,,
5 Bedroom House,2790000.0,5.0,4.0,2.0,3272.0,,
2 Bedroom Apartment,795000.0,2.0,1.0,1.0,,,
1 Bedroom Townhouse,700000.0,1.0,1.0,,,,
5 Bedroom House,1965000.0,5.0,3.0,1.0,1241.0,,
4 Bedroom House,2800000.0,4.0,3.0,3.0,1990.0,,
6 Bedroom House,950000.0,6.0,4.0,16.0,950.0,,
3 Bedroom House,1995000.0,3.0,2.0,2.0,1980.0,,
6 Bedroom House,950000.0,6.0,4.0,16.0,950.0,,
5 Bedroom House,5595000.0,5.0,3.0,5.0,1502.0,,
1 Bedroom Apartment,1950000.0,1.0,1.0,1.0,,,
3 Bedroom House,3250000.0,3.0,2.0,2.0,866.0,,
3 Bedroom Townhouse,1020000.0,3.0,2.0,2.0,2765.0,,
4 Bedroom Apartment,6500000.0,4.0,4.0,3.0,,,
3 Bedroom Apartment,6900000.0,3.0,3.0,3.0,,,
3 Bedroom House,1585000.0,3.0,1.0,,,,
3 Bedroom House,1300000.0,3.0,1.0,3.0,501.0,,
3 Bedroom House,1850000.0,3.0,2.0,1.0,1352.0,,
2 Bedroom Apartment,720000.0,2.0,1.0,1.0,,,
4 Bedroom House,1595000.0,4.0,2.0,2.0,1875.0,,
2.5 Bedroom Apartment,890000.0,25.0,1.0,,,,
1 Bedroom Townhouse,620000.0,1.0,1.0,1.0,28646.0,,
3 Bedroom House,1200000.0,3.0,2.0,27.0,6926.0,,
1 Bedroom Apartment,650000.0,1.0,1.0,1.0,,,
2 Bedroom Apartment,640000.0,2.0,1.0,1.0,,,
4 Bedroom House,3795000.0,4.0,3.0,10.0,1406.0,,
3 Bedroom Apartment,850000.0,3.0,1.0,1.0,,,
2 Bedroom Apartment,875000.0,2.0,1.0,1.0,,,
0.5 Bedroom Apartment,1450000.0,5.0,1.0,2.0,,"37 Ss Lush Condos, 1 Ingwe Drive, Unit 37 Lush Condos",
1 Bedroom Apartment,600000.0,1.0,1.0,1.0,,,
4 Bedroom House,2650000.0,4.0,2.0,8.0,1346.0,,
2 Bedroom Apartment,2495000.0,2.0,1.0,1.0,,,
3 Bedroom Townhouse,2299000.0,3.0,2.0,,112.0,,
3 Bedroom House,2100000.0,3.0,2.0,4.0,833.0,,
3 Bedroom Apartment,1085000.0,3.0,2.0,3.0,,,
3 Bedroom House,300000.0,3.0,1.0,,450.0,,
5 Bedroom House,784995.0,5.0,2.0,8.0,979.0,4 Extension 1,
3 Bedroom Townhouse,3495000.0,3.0,25.0,2.0,5712.0,,
4 Bedroom House,1095000.0,4.0,1.0,3.0,277.0,,
4 Bedroom House,1095000.0,4.0,1.0,3.0,277.0,,
3 Bedroom Townhouse,1720000.0,3.0,2.0,4.0,7192.0,,
4 Bedroom House,1094999.0,4.0,25.0,4.0,403.0,22 Harcombe Gardens,
2.5 Bedroom Apartment,1650000.0,25.0,2.0,4.0,,,
2 Bedroom Apartment,1100000.0,2.0,1.0,1.0,,,
3 Bedroom House,1450000.0,3.0,2.0,5.0,1495.0,,
2 Bedroom Apartment,600000.0,2.0,1.0,2.0,,24 Maurice Road,
3 Bedroom House,6495000.0,3.0,25.0,8.0,1275.0,8 Oceanview Drive,
2 Bedroom House,780000.0,2.0,1.0,1.0,337.0,20 Crow Close,
2 Bedroom Townhouse,1595000.0,2.0,1.0,2.0,,"13 Fairacres, 6 Peach Place",
2.5 Bedroom Apartment,1000000.0,25.0,15.0,1.0,,,
5 Bedroom House,21950000.0,5.0,55.0,7.0,2134.0,54 Hawaan Drive,
2 Bedroom Apartment,1600000.0,2.0,2.0,2.0,,49 Musgrave Avenue,
4 Bedroom House,8499000.0,4.0,3.0,,1591.0,,
0.5 Bedroom Apartment,590000.0,5.0,1.0,1.0,,"28 Ss 15 Tremley, 15 Ebor Avenue",
3 Bedroom Apartment,2250000.0,3.0,2.0,2.0,,,
2 Bedroom Townhouse,2400000.0,2.0,2.0,1.0,,2 Weaver Crescent,
3 Bedroom House,6400000.0,3.0,3.0,4.0,741.0,,
3 Bedroom House,1650000.0,3.0,2.0,14.0,858.0,,
4 Bedroom Townhouse,3900000.0,4.0,25.0,2.0,,"Parkcliff, 422 Currie Road",
3 Bedroom House,1850000.0,3.0,2.0,7.0,1052.0,,
3 Bedroom House,2500000.0,3.0,3.0,,,,
4 Bedroom House,2150000.0,4.0,3.0,17.0,,,
2 Bedroom Apartment,5700000.0,2.0,2.0,1.0,,"2402 Oceans, 7 Lagoon Drive",
2 Bedroom Apartment,1600000.0,2.0,2.0,2.0,,49 Musgrave Avenue,
3 Bedroom Townhouse,2200000.0,3.0,3.0,4.0,,,
3 Bedroom House,2495000.0,3.0,2.0,2.0,809.0,,
3 Bedroom Apartment,2400000.0,3.0,2.0,1.0,,"211 San Lameer Lower South Coast Kwa-Zulu Natal N2s R61, San Lameer",
2 Bedroom Apartment,1330000.0,2.0,1.0,1.0,,117 Inanda Road,
3 Bedroom Townhouse,2250000.0,3.0,2.0,2.0,,"7 Edgemount Estate, 17 Mount Edgecombe Drive",
3 Bedroom House,650000.0,3.0,1.0,2.0,,,
5 Bedroom House,24995000.0,5.0,6.0,3.0,1080.0,,
3 Bedroom Apartment,1800000.0,3.0,3.0,2.0,,,
Apartment,495000.0,,1.0,,,,
3 Bedroom Townhouse,3100000.0,3.0,25.0,2.0,7081.0,"27 Ss Zimbali Wedge, 27 Zimbali Wedge",
2 Bedroom Apartment,1750000.0,2.0,2.0,1.0,,,
3 Bedroom House,1000000.0,3.0,1.0,6.0,1503.0,,
3 Bedroom Apartment,5750000.0,3.0,25.0,2.0,,,
2 Bedroom Apartment,695000.0,2.0,2.0,1.0,,,
3 Bedroom House,850000.0,3.0,2.0,1.0,,,
5 Bedroom House,24995000.0,5.0,6.0,3.0,1080.0,,
2 Bedroom Apartment,995000.0,2.0,2.0,1.0,6076.0,,
2 Bedroom Apartment,520000.0,2.0,15.0,1.0,,,
4 Bedroom House,859000.0,4.0,2.0,11.0,456.0,,
2 Bedroom Townhouse,2250000.0,2.0,1.0,3.0,19393.0,,
3 Bedroom Apartment,1075000.0,3.0,25.0,3.0,,,
3 Bedroom House,1850000.0,3.0,2.0,5.0,2146.0,,
5 Bedroom House,5990000.0,5.0,3.0,8.0,2992.0,,
4 Bedroom House,995000.0,4.0,3.0,5.0,3249.0,,
3 Bedroom Apartment,4200000.0,3.0,2.0,2.0,,,
2 Bedroom House,435000.0,2.0,1.0,,408.0,,
4 Bedroom House,2495000.0,4.0,35.0,5.0,909.0,,
4 Bedroom House,7900000.0,4.0,6.0,3.0,1763.0,,
2 Bedroom Apartment,1700000.0,2.0,2.0,2.0,,,
3 Bedroom Townhouse,2750000.0,3.0,2.0,2.0,206.0,,
3 Bedroom Apartment,3400000.0,3.0,2.0,3.0,,"99 Marine Terraces, 17 Marine Drive",
3 Bedroom House,3990000.0,3.0,2.0,6.0,1196.0,,
3 Bedroom House,1250000.0,3.0,2.0,4.0,1379.0,,
2 Bedroom Apartment,510000.0,2.0,1.0,,84.0,,
3 Bedroom Townhouse,3495000.0,3.0,2.0,2.0,,,
1 Bedroom Apartment,559000.0,1.0,1.0,,,"7 Kings Mansion, 30 Acutt Street",
2 Bedroom Apartment,1350000.0,2.0,2.0,2.0,,,
3 Bedroom Townhouse,2150000.0,3.0,2.0,3.0,1958.0,,
2 Bedroom Apartment,950000.0,2.0,1.0,1.0,,,
2 Bedroom Apartment,510000.0,2.0,1.0,,84.0,,
2 Bedroom Apartment,1249000.0,2.0,1.0,2.0,,,
3 Bedroom Apartment,1715000.0,3.0,25.0,3.0,,,
3 Bedroom House,890000.0,3.0,1.0,1.0,698.0,,
3 Bedroom Apartment,1150000.0,3.0,2.0,1.0,,,
2 Bedroom Apartment,735000.0,2.0,2.0,1.0,,168 Queen Street,
3 Bedroom Townhouse,1980000.0,3.0,25.0,2.0,6905.0,,
5 Bedroom House,1880000.0,5.0,4.0,,1100.0,,
3 Bedroom Apartment,4000000.0,3.0,2.0,2.0,,,
House,570000.0,,,,480.0,,
House,570000.0,,,,480.0,,
3 Bedroom House,930000.0,3.0,2.0,2.0,338.0,,
1 Bedroom Apartment,770000.0,1.0,1.0,,,,
2 Bedroom Apartment,930000.0,2.0,1.0,1.0,,,
Townhouse,590000.0,,1.0,,,,
4 Bedroom House,2300000.0,4.0,2.0,5.0,2072.0,,
4 Bedroom House,2195000.0,4.0,2.0,22.0,4272.0,,
3 Bedroom Apartment,1350000.0,3.0,2.0,2.0,,,
1 Bedroom Apartment,549000.0,1.0,1.0,,,,
2 Bedroom Apartment,1080000.0,2.0,2.0,2.0,,,
2 Bedroom Apartment,1850000.0,2.0,2.0,1.0,,,
2 Bedroom Apartment,918000.0,2.0,2.0,2.0,,,
2 Bedroom Apartment,918000.0,2.0,2.0,2.0,,,
3 Bedroom House,765000.0,3.0,1.0,4.0,,Stanger,
2 Bedroom Apartment,975000.0,2.0,2.0,1.0,,,
3 Bedroom House,2400000.0,3.0,1.0,2.0,1504.0,,
2 Bedroom Apartment,1150000.0,2.0,2.0,2.0,,,
4 Bedroom Apartment,1750000.0,4.0,2.0,2.0,,,
2 Bedroom Apartment,1100000.0,2.0,2.0,1.0,,,
3 Bedroom Apartment,925000.0,3.0,2.0,1.0,,,
2 Bedroom Apartment,920000.0,2.0,1.0,1.0,,,
2 Bedroom Apartment,890000.0,2.0,2.0,1.0,,,
1 Bedroom Apartment,1350000.0,1.0,1.0,1.0,,,
4 Bedroom Townhouse,2700000.0,4.0,4.0,2.0,22284.0,,
2 Bedroom Townhouse,780000.0,2.0,2.0,1.0,,,
3 Bedroom Apartment,14300000.0,3.0,35.0,4.0,,,
2 Bedroom Apartment,885500.0,2.0,1.0,,,,
2 Bedroom Townhouse,700000.0,2.0,2.0,2.0,89896.0,,
2 Bedroom Apartment,898000.0,2.0,15.0,,,,
1 Bedroom Apartment,545000.0,1.0,1.0,1.0,,,
2 Bedroom Townhouse,3099000.0,2.0,2.0,1.0,7169.0,,
3 Bedroom House,1200000.0,3.0,1.0,4.0,219.0,,
4 Bedroom House,2550000.0,4.0,3.0,3.0,6369.0,,
2 Bedroom Apartment,890000.0,2.0,2.0,1.0,,,
2 Bedroom Apartment,890000.0,2.0,2.0,1.0,,,
2 Bedroom Apartment,898000.0,2.0,15.0,,,,
3 Bedroom Townhouse,940000.0,3.0,25.0,1.0,,,
2 Bedroom House,850000.0,2.0,1.0,2.0,284.0,,
3 Bedroom Apartment,1200000.0,3.0,2.0,1.0,,,
2 Bedroom Apartment,750000.0,2.0,,1.0,,,
3 Bedroom Townhouse,700000.0,3.0,2.0,2.0,,,
4 Bedroom House,990000.0,4.0,3.0,2.0,1218.0,,
3 Bedroom Townhouse,780000.0,3.0,2.0,1.0,,,
1 Bedroom Apartment,1700000.0,1.0,1.0,1.0,,,
15 Bedroom House,4999000.0,15.0,14.0,4.0,,,
3 Bedroom Townhouse,570000.0,3.0,2.0,1.0,,,
2 Bedroom Apartment,1220000.0,2.0,2.0,2.0,,,
3 Bedroom House,495000.0,3.0,2.0,12.0,1800.0,,
2 Bedroom Apartment,2695000.0,2.0,1.0,2.0,1155.0,,
3 Bedroom House,899000.0,3.0,2.0,2.0,,,
3 Bedroom House,720000.0,3.0,1.0,1.0,432.0,,
2 Bedroom Apartment,735000.0,2.0,1.0,2.0,,,
3 Bedroom Townhouse,980000.0,3.0,3.0,1.0,,4 Emtunzi Drive,
5 Bedroom House,2985000.0,5.0,3.0,4.0,2000.0,,
2 Bedroom House,500000.0,2.0,1.0,1.0,200.0,,
3 Bedroom Townhouse,700000.0,3.0,2.0,2.0,,,
2 Bedroom Apartment,655000.0,2.0,2.0,1.0,,,
House,8900000.0,,,,67.0,,
3 Bedroom Apartment,2199000.0,3.0,2.0,1.0,,,
4 Bedroom Townhouse,6500000.0,4.0,4.0,4.0,,,
3 Bedroom Apartment,1379000.0,3.0,1.0,2.0,,"9 Apsley Court, 443 Musgrave Road",
3 Bedroom House,675000.0,3.0,1.0,4.0,,,
4 Bedroom House,2100000.0,4.0,3.0,2.0,1100.0,,
3 Bedroom Apartment,2550000.0,3.0,2.0,1.0,,,
2 Bedroom Townhouse,1645000.0,2.0,2.0,1.0,,"11-15 La Riveria, 6 Hillbrow Road",
4 Bedroom House,2995000.0,4.0,2.0,3.0,1860.0,,
3 Bedroom Apartment,2450000.0,3.0,2.0,2.0,,,
1 Bedroom Apartment,1750000.0,1.0,1.0,1.0,,115 Musgrave Avenue,
1 Bedroom Townhouse,695500.0,1.0,1.0,,22.0,,
1 Bedroom Apartment,735000.0,1.0,1.0,1.0,,,
1 Bedroom Apartment,1450000.0,1.0,1.0,2.0,,"Cn001 Summer Park, 146 The High Street",
3 Bedroom Townhouse,799000.0,3.0,1.0,2.0,88.0,"6 Uvongo Sands, 82 Colin Street",
2 Bedroom Apartment,1200000.0,2.0,1.0,2.0,,,
2.5 Bedroom Apartment,915000.0,25.0,1.0,1.0,,,
2 Bedroom Townhouse,1645000.0,2.0,2.0,1.0,,"11-15 La Riveria, 6 Hillbrow Road",
1.5 Bedroom Apartment,925000.0,15.0,1.0,1.0,,,
2 Bedroom House,3295000.0,2.0,2.0,1.0,114.0,,
3 Bedroom House,6500000.0,3.0,3.0,2.0,,,
3 Bedroom House,,3.0,2.0,2.0,,,
5 Bedroom House,5950000.0,5.0,4.0,6.0,556.0,Marine Drive,
3 Bedroom House,795000.0,3.0,15.0,1.0,395.0,,
4 Bedroom Townhouse,7495000.0,4.0,45.0,6.0,,,
3 Bedroom House,2195000.0,3.0,3.0,4.0,1410.0,,
3 Bedroom House,1200000.0,3.0,2.0,1.0,1329.0,,
4 Bedroom Apartment,1850000.0,4.0,3.0,1.0,,,
3 Bedroom Apartment,990000.0,3.0,2.0,1.0,,16 Beach Road,
4 Bedroom Apartment,1290000.0,4.0,2.0,3.0,,2099 West,
3 Bedroom Townhouse,1395000.0,3.0,2.0,2.0,7402.0,"2 Eldorado, 11 Mckenzie Lane",
1 Bedroom Apartment,450000.0,1.0,1.0,1.0,,,
3 Bedroom House,995000.0,3.0,1.0,5.0,381.0,,
1 Bedroom Apartment,820000.0,1.0,1.0,1.0,,,
2 Bedroom Apartment,769000.0,2.0,1.0,2.0,,,
6 Bedroom House,3850000.0,6.0,5.0,,1036.0,,
6 Bedroom Apartment,4100000.0,6.0,35.0,4.0,,"35 Sovereign Sands, 20 Salmon Avenue",
3 Bedroom Apartment,3300000.0,3.0,35.0,4.0,,"6 Sovereign Sands, 20 Salmon Avenue",
8 Bedroom House,3500000.0,8.0,3.0,6.0,1061.0,5 Perth Place,
3 Bedroom Townhouse,785000.0,3.0,1.0,2.0,,,
2 Bedroom Townhouse,799000.0,2.0,1.0,2.0,,,
Apartment,2500000.0,,1.0,1.0,,"Studio Unit Oceans Umhlanga Residences, . Lagoon Drive",
2 Bedroom Apartment,769000.0,2.0,1.0,2.0,,,
1 Bedroom Apartment,1875000.0,1.0,1.0,1.0,,,
3 Bedroom Apartment,950000.0,3.0,2.0,1.0,,,
3 Bedroom Apartment,1650000.0,3.0,2.0,2.0,,,
3 Bedroom Apartment,10412500.0,3.0,2.0,2.0,,,
3 Bedroom Apartment,1595000.0,3.0,2.0,1.0,,,
2 Bedroom Apartment,1250000.0,2.0,1.0,2.0,,,
1 Bedroom Apartment,299000.0,1.0,1.0,1.0,,,
2 Bedroom Apartment,2690000.0,2.0,2.0,1.0,,,
3 Bedroom Apartment,950000.0,3.0,2.0,2.0,,,
2 Bedroom Apartment,875000.0,2.0,1.0,1.0,,,
5 Bedroom House,13800000.0,5.0,55.0,7.0,1354.0,,
3 Bedroom House,1250000.0,3.0,2.0,4.0,680.0,,
4 Bedroom House,5350000.0,4.0,25.0,2.0,479.0,,
4 Bedroom House,3000000.0,4.0,3.0,2.0,334.0,,
4 Bedroom Townhouse,3300000.0,4.0,3.0,4.0,,,
1 Bedroom Apartment,700000.0,1.0,1.0,1.0,,,
2 Bedroom Apartment,875000.0,2.0,1.0,1.0,,,
4 Bedroom House,2590000.0,4.0,3.0,12.0,2314.0,,
1 Bedroom Apartment,780000.0,1.0,1.0,2.0,,,
2 Bedroom Apartment,750000.0,2.0,1.0,1.0,,,
2 Bedroom Apartment,865000.0,2.0,1.0,1.0,,,
4 Bedroom House,1570000.0,4.0,1.0,,1065.0,52 Moberly Road,
4 Bedroom House,2850000.0,4.0,3.0,4.0,960.0,69 Mackerel,
3 Bedroom House,5450000.0,3.0,2.0,5.0,780.0,,
2 Bedroom Apartment,2795000.0,2.0,2.0,1.0,,"3 Ss One On Herrwood, 2 Umhlanga Ridge Boulevard",
2 Bedroom House,1650000.0,2.0,1.0,1.0,,,
2 Bedroom Apartment,1150000.0,2.0,15.0,1.0,,,
2 Bedroom Apartment,1260000.0,2.0,1.0,1.0,,,
2 Bedroom Apartment,1060000.0,2.0,2.0,2.0,,,
1.5 Bedroom Apartment,895000.0,15.0,1.0,2.0,,"Ss Durban Sands, 10 Gillespie Street",
2 Bedroom Apartment,1500000.0,2.0,1.0,1.0,,,
1.5 Bedroom Apartment,1100000.0,15.0,1.0,1.0,,,
2 Bedroom Apartment,1295000.0,2.0,1.0,2.0,,,
2 Bedroom Apartment,1260000.0,2.0,1.0,1.0,,,
5 Bedroom House,9200000.0,5.0,45.0,11.0,1940.0,,
4 Bedroom House,550000.0,4.0,2.0,6.0,924.0,217 Clermont,
3 Bedroom House,1900000.0,3.0,2.0,2.0,893.0,,
2 Bedroom Apartment,720000.0,2.0,1.0,1.0,,,
3 Bedroom Townhouse,3695000.0,3.0,2.0,3.0,,P474 Sheffield Beach Road,
4 Bedroom House,2850000.0,4.0,3.0,3.0,1170.0,,
3 Bedroom House,995000.0,3.0,2.0,1.0,338.0,,
6 Bedroom House,6500000.0,6.0,5.0,3.0,576.0,206 Postagestamp Place,
1 Bedroom Apartment,405000.0,1.0,1.0,,,Unit 1106 78 Field Street,
2 Bedroom Apartment,3195000.0,2.0,2.0,1.0,,,
2 Bedroom Apartment,720000.0,2.0,1.0,,99.0,,
3 Bedroom House,270000.0,3.0,1.0,4.0,,,
2 Bedroom Apartment,989000.0,2.0,2.0,2.0,,,
2 Bedroom Townhouse,1150000.0,2.0,2.0,,,,
3 Bedroom House,1275000.0,3.0,1.0,3.0,1110.0,,
2 Bedroom Apartment,1685000.0,2.0,1.0,,2043.0,,
0.5 Bedroom House,450000.0,5.0,1.0,1.0,50.0,,
1 Bedroom Apartment,759000.0,1.0,1.0,1.0,,,
0.5 Bedroom Apartment,260000.0,5.0,1.0,,,,
2 Bedroom House,1100000.0,2.0,1.0,1.0,1100.0,,
0.5 Bedroom Apartment,390000.0,5.0,1.0,1.0,,,
2 Bedroom Apartment,1050000.0,2.0,1.0,1.0,,,
2 Bedroom Apartment,3600000.0,2.0,2.0,,,,
Apartment,400000.0,,1.0,1.0,,,
House,6500000.0,,,,,,
4 Bedroom Townhouse,1840000.0,4.0,2.0,2.0,,,
2 Bedroom Apartment,2995000.0,2.0,2.0,2.0,,,
2 Bedroom Apartment,1050000.0,2.0,1.0,1.0,,,
10 Bedroom House,750000.0,10.0,9.0,1.0,1037.0,,
House,1150000.0,,,,,,
4 Bedroom House,800000.0,4.0,2.0,1.0,,,
2 Bedroom House,350000.0,2.0,1.0,20.0,,,
7 Bedroom House,2700000.0,7.0,7.0,,,,
3 Bedroom House,1100000.0,3.0,2.0,1.0,,,
2 Bedroom Apartment,590000.0,2.0,1.0,,,,
3 Bedroom House,1295000.0,3.0,1.0,10.0,817.0,,
2 Bedroom Apartment,400000.0,2.0,1.0,,,,
16 Bedroom House,900000.0,16.0,6.0,4.0,,,
3 Bedroom Apartment,900000.0,3.0,1.0,2.0,,,
2 Bedroom House,200000.0,2.0,1.0,,,,
House,,,,,,101 Pine Street and 10 Berg Street,
3 Bedroom House,17000000.0,3.0,2.0,2.0,,,
3 Bedroom House,325000.0,3.0,1.0,,677.0,,
3 Bedroom House,450000.0,3.0,1.0,2.0,,,
1 Bedroom Apartment,295000.0,1.0,1.0,,,,
16 Bedroom House,900000.0,16.0,6.0,4.0,,,
3 Bedroom House,645000.0,3.0,1.0,,,,
1 Bedroom Apartment,240000.0,1.0,1.0,,,,
5 Bedroom House,1200000.0,5.0,3.0,2.0,,,
2 Bedroom Apartment,315000.0,2.0,1.0,,,,
4 Bedroom House,1050000.0,4.0,1.0,2.0,466.0,,
6 Bedroom House,1350000.0,6.0,4.0,,,,
2 Bedroom Apartment,670000.0,2.0,2.0,1.0,,51 Marine Drive,
3 Bedroom Apartment,985000.0,3.0,2.0,5.0,,,
3 Bedroom House,995000.0,3.0,1.0,6.0,200.0,,
4 Bedroom House,1295000.0,4.0,2.0,7.0,632.0,,
House,1695000.0,,,,,,
2 Bedroom Apartment,895000.0,2.0,1.0,1.0,,,
2.5 Bedroom Apartment,1000000.0,25.0,15.0,1.0,,,
3 Bedroom Townhouse,1395000.0,3.0,2.0,1.0,22924.0,,
3 Bedroom House,1485000.0,3.0,2.0,4.0,930.0,,
2 Bedroom Townhouse,3700000.0,2.0,2.0,4.0,170.0,"79 Waterbury, Kindlewood Estate, 109 Edgeview Drive",
4 Bedroom House,1100000.0,4.0,2.0,2.0,,,
3 Bedroom House,995000.0,3.0,1.0,6.0,200.0,,
3 Bedroom House,1350000.0,3.0,1.0,6.0,354.0,,
3 Bedroom Townhouse,1090000.0,3.0,25.0,1.0,4705.0,,
3 Bedroom Apartment,1995000.0,3.0,2.0,3.0,,478 Currie Road,
4 Bedroom Townhouse,11215000.0,4.0,45.0,3.0,2776.0,"1 Aurum Zimbali Lakes, 23 Zimbali Lakes Drive, Unit 1 Aurum Zimbali Lakes",
1 Bedroom Apartment,480000.0,1.0,1.0,1.0,,,
5 Bedroom House,4250000.0,5.0,3.0,2.0,2637.0,3 Heyfield Road,
3 Bedroom Apartment,1070000.0,3.0,2.0,3.0,,,
2 Bedroom Apartment,2199000.0,2.0,2.0,2.0,,,
4 Bedroom House,2500000.0,4.0,1.0,1.0,1089.0,,
1 Bedroom Apartment,750000.0,1.0,1.0,,,,
3 Bedroom Townhouse,2000000.0,3.0,2.0,5.0,120.0,,
1.5 Bedroom Apartment,,15.0,1.0,1.0,,"Northlyn, 84 Somtseu Road",
3 Bedroom Apartment,2799000.0,3.0,2.0,2.0,,,
3 Bedroom House,950000.0,3.0,2.0,1.0,480.0,,
4 Bedroom House,10500000.0,4.0,4.0,6.0,1459.0,4 Waterwood Drive,
2 Bedroom Apartment,1695000.0,2.0,2.0,1.0,,,
2 Bedroom House,650000.0,2.0,1.0,2.0,582.0,,
4 Bedroom Apartment,1295000.0,4.0,2.0,3.0,,,
2 Bedroom Apartment,11500000.0,2.0,25.0,4.0,,6 Lagoon Drive,
4 Bedroom House,980000.0,4.0,15.0,3.0,897.0,,
2 Bedroom Apartment,880000.0,2.0,1.0,,,,
2 Bedroom Apartment,1135000.0,2.0,1.0,1.0,,,
2 Bedroom Apartment,2150000.0,2.0,25.0,,,,
1.5 Bedroom Apartment,,15.0,1.0,1.0,,"Northlyn, 84 Somtseu Road",
1 Bedroom Apartment,520000.0,1.0,1.0,,,,
3 Bedroom Apartment,1275000.0,3.0,2.0,1.0,,"4 Kommaweer, 73 Queen Street",
5 Bedroom House,1395000.0,5.0,2.0,2.0,947.0,,
2 Bedroom Townhouse,2495000.0,2.0,2.0,2.0,,"14 Fairway Villas, . Umhlali Golf Estate Street",
3 Bedroom Apartment,3750000.0,3.0,25.0,2.0,,,
4 Bedroom House,2250000.0,4.0,2.0,10.0,1012.0,,
2 Bedroom Apartment,999000.0,2.0,2.0,1.0,,6 Lilliecrona Boulevard,
3 Bedroom House,490000.0,3.0,1.0,1.0,308.0,,
1 Bedroom Apartment,580000.0,1.0,1.0,2.0,,305 Alexandra Road,
3 Bedroom Apartment,1100000.0,3.0,2.0,2.0,,,
2 Bedroom Apartment,730000.0,2.0,1.0,2.0,,,
1 Bedroom Apartment,685000.0,1.0,1.0,2.0,,Flat 1 Elmwood Flats 41 Prospect Road,
2 Bedroom House,995000.0,2.0,1.0,2.0,,,
2 Bedroom Apartment,3708352.0,2.0,2.0,2.0,,,
4 Bedroom Townhouse,3134050.0,4.0,3.0,2.0,,122 New England Road,
3 Bedroom Apartment,3750000.0,3.0,25.0,2.0,,,
2 Bedroom House,1249000.0,2.0,1.0,1.0,344.0,128 Apollo Street,
3 Bedroom House,1900000.0,3.0,3.0,6.0,1012.0,,
5 Bedroom House,3500000.0,5.0,4.0,8.0,1829.0,,
2 Bedroom House,1277000.0,2.0,2.0,2.0,135.0,5148 Palm View Estate,
2 Bedroom Apartment,1965000.0,2.0,2.0,2.0,,,
4 Bedroom House,2199000.0,4.0,3.0,4.0,1500.0,,
4 Bedroom House,1750000.0,4.0,6.0,14.0,1974.0,25 Stott Corner Barton Street,
2.5 Bedroom Apartment,799000.0,25.0,1.0,1.0,,,
3 Bedroom Townhouse,4950000.0,3.0,2.0,4.0,134041.0,,
2 Bedroom Apartment,895000.0,2.0,1.0,2.0,,,
4 Bedroom House,1170000.0,4.0,1.0,2.0,492.0,,
2 Bedroom House,695000.0,2.0,1.0,2.0,209.0,89 Camphaven Road,
4 Bedroom House,1170000.0,4.0,1.0,2.0,492.0,,
2 Bedroom Apartment,595000.0,2.0,1.0,1.0,,,
1 Bedroom Apartment,1300000.0,1.0,1.0,1.0,,,
1 Bedroom Apartment,595000.0,1.0,1.0,1.0,,,
3 Bedroom House,850000.0,3.0,2.0,,896.0,,
4 Bedroom House,2950000.0,4.0,3.0,5.0,1013.0,,
3 Bedroom Apartment,1400000.0,3.0,15.0,1.0,,,
5 Bedroom Apartment,4675000.0,5.0,3.0,1.0,,,
3 Bedroom House,580000.0,3.0,1.0,3.0,378.0,,
2 Bedroom Apartment,1800000.0,2.0,2.0,1.0,,,
3 Bedroom House,1125000.0,3.0,2.0,6.0,648.0,,
1.5 Bedroom Apartment,1060000.0,15.0,1.0,1.0,,,
3 Bedroom House,1090000.0,3.0,2.0,,1192.0,,
2 Bedroom Apartment,785000.0,2.0,1.0,1.0,,,
3 Bedroom House,695000.0,3.0,1.0,1.0,415.0,,
2 Bedroom House,599000.0,2.0,1.0,2.0,341.0,,
2 Bedroom Apartment,985000.0,2.0,1.0,,64.0,,
2 Bedroom Apartment,4800000.0,2.0,2.0,4.0,,,
3 Bedroom House,2450000.0,3.0,15.0,7.0,1012.0,,
4 Bedroom Apartment,1800000.0,4.0,2.0,1.0,,,
2 Bedroom Apartment,2080000.0,2.0,2.0,1.0,,,
1.5 Bedroom Apartment,460000.0,15.0,1.0,1.0,,,
2 Bedroom Townhouse,870000.0,2.0,2.0,1.0,,,
2 Bedroom Apartment,950000.0,2.0,15.0,,,,
2 Bedroom Apartment,650000.0,2.0,1.0,1.0,,,
2 Bedroom Apartment,850000.0,2.0,1.0,1.0,,,
3 Bedroom House,895000.0,3.0,3.0,2.0,295.0,,
3 Bedroom House,1500000.0,3.0,2.0,5.0,455.0,,
3 Bedroom House,1085000.0,3.0,25.0,2.0,188.0,,
2 Bedroom House,710000.0,2.0,1.0,,349.0,,
4 Bedroom House,1595000.0,4.0,2.0,2.0,1007.0,,
4 Bedroom House,1595000.0,4.0,2.0,2.0,1007.0,,
3 Bedroom House,1225000.0,3.0,25.0,7.0,279.0,,
4 Bedroom House,1840000.0,4.0,3.0,7.0,1109.0,,
5 Bedroom House,2200000.0,5.0,3.0,2.0,,,
6 Bedroom House,1350000.0,6.0,4.0,6.0,,,
3 Bedroom House,790000.0,3.0,2.0,3.0,256.0,,
2 Bedroom Apartment,920000.0,2.0,2.0,1.0,,,
2 Bedroom Apartment,2390000.0,2.0,2.0,2.0,,,
2 Bedroom Apartment,1692600.0,2.0,3.0,1.0,,,
10 Bedroom House,6600000.0,10.0,9.0,2.0,24000.0,180 Izingotweni Road,
2 Bedroom House,1750000.0,2.0,2.0,2.0,,,
3 Bedroom Townhouse,1450000.0,3.0,15.0,2.0,,,
3 Bedroom House,590000.0,3.0,1.0,4.0,415.0,,
4 Bedroom House,3750000.0,4.0,4.0,4.0,1316.0,4 Pascal Road Seaward Estate,
2 Bedroom Apartment,2500000.0,2.0,2.0,1.0,,237 O.r. Tambo Parade,
4 Bedroom House,5295000.0,4.0,3.0,4.0,525.0,33 The Stables,
4 Bedroom House,1800000.0,4.0,25.0,4.0,953.0,,
2 Bedroom Apartment,2500000.0,2.0,2.0,2.0,,"G7 181 Degrees, 181 Lambert Road",
3 Bedroom Townhouse,2650000.0,3.0,25.0,2.0,105779.0,,
3 Bedroom House,1600000.0,3.0,2.0,3.0,914.0,,
4 Bedroom House,750000.0,4.0,3.0,2.0,180.0,Nositha,
4 Bedroom House,1800000.0,4.0,25.0,4.0,953.0,,
2 Bedroom Apartment,700000.0,2.0,1.0,1.0,,4 Escombe Street,
2 Bedroom Apartment,748000.0,2.0,1.0,1.0,,,
2 Bedroom Apartment,950000.0,2.0,2.0,1.0,,,
1 Bedroom Apartment,797000.0,1.0,1.0,,,,
0.5 Bedroom Apartment,590000.0,5.0,1.0,,,,
3 Bedroom Townhouse,1950000.0,3.0,2.0,1.0,3742.0,,
6 Bedroom House,3700000.0,6.0,6.0,7.0,1477.0,,
2 Bedroom Apartment,1050000.0,2.0,2.0,1.0,,,
3 Bedroom Townhouse,1990000.0,3.0,2.0,3.0,480.0,"34 - 39 Waterford Estate, 22 Hayfields Road",
6 Bedroom Apartment,3700000.0,6.0,6.0,1.0,,83 St Thomas Avenue,
4 Bedroom House,5450000.0,4.0,35.0,4.0,362.0,"14 The Reserve, 1 Mvula Lane",
2 Bedroom Apartment,745000.0,2.0,1.0,2.0,,,
2 Bedroom Apartment,2145000.0,2.0,2.0,1.0,,,
7 Bedroom House,4200000.0,7.0,6.0,10.0,713.0,,
2 Bedroom Apartment,1945000.0,2.0,2.0,1.0,,,
3 Bedroom Townhouse,1990000.0,3.0,2.0,3.0,480.0,"34 - 39 Waterford Estate, 22 Hayfields Road",
3 Bedroom Apartment,990000.0,3.0,2.0,2.0,,10 Stafford Avenue,
3 Bedroom Apartment,2700000.0,3.0,2.0,2.0,,"34 Ss King Shaka Estate, 50 Valley Road, Unit 34 King Shaka Estate",
3 Bedroom House,2300000.0,3.0,2.0,1.0,6408.0,3 Mckenzie Lane,
2 Bedroom Apartment,2950000.0,2.0,2.0,2.0,,"217 Pebble Beach, 2 Heleza Boulevard",
3 Bedroom Townhouse,3155000.0,3.0,3.0,2.0,2281.0,"14 Emoyeni Ridge, 3 Blamey",
3 Bedroom House,2995000.0,3.0,3.0,4.0,2281.0,,
2 Bedroom Apartment,1100000.0,2.0,2.0,1.0,,,
3 Bedroom House,2840000.0,3.0,2.0,5.0,1557.0,,
2 Bedroom Townhouse,950000.0,2.0,2.0,1.0,96.0,786 Marine Drive,
2 Bedroom Apartment,995000.0,2.0,2.0,1.0,,,
3 Bedroom Apartment,2800000.0,3.0,3.0,2.0,,,
3 Bedroom Apartment,5500000.0,3.0,2.0,2.0,,,
2 Bedroom House,450000.0,2.0,1.0,7.0,,,
2 Bedroom Apartment,2200000.0,2.0,2.0,2.0,,,
2 Bedroom Apartment,900000.0,2.0,2.0,1.0,,,
3 Bedroom Townhouse,1250000.0,3.0,2.0,2.0,3072.0,,
4 Bedroom Apartment,13500000.0,4.0,6.0,7.0,,,
3 Bedroom House,2995000.0,3.0,3.0,4.0,479.0,,
3 Bedroom Apartment,1295000.0,3.0,2.0,2.0,,,
3 Bedroom Apartment,3800000.0,3.0,2.0,1.0,,,
3 Bedroom Apartment,8950000.0,3.0,35.0,5.0,,,
5 Bedroom House,10950000.0,5.0,5.0,4.0,1430.0,,
2 Bedroom Apartment,2100000.0,2.0,1.0,1.0,,,
3 Bedroom Townhouse,1050000.0,3.0,2.0,2.0,,,
3 Bedroom Apartment,3599000.0,3.0,2.0,1.0,,,
2 Bedroom Apartment,3300000.0,2.0,2.0,2.0,,,
3 Bedroom Apartment,3100000.0,3.0,25.0,2.0,,,
2 Bedroom Townhouse,2650000.0,2.0,2.0,2.0,,,
3 Bedroom Apartment,7950000.0,3.0,3.0,8.0,,,
3 Bedroom Apartment,7950000.0,3.0,3.0,8.0,,,
4 Bedroom Apartment,2400000.0,4.0,2.0,2.0,,,
2 Bedroom Townhouse,625000.0,2.0,1.0,2.0,,,
1 Bedroom Apartment,850000.0,1.0,1.0,1.0,,,
Apartment,450000.0,,1.0,,,,
2 Bedroom Apartment,850000.0,2.0,2.0,1.0,,,
4 Bedroom Apartment,2750000.0,4.0,4.0,2.0,,,
1 Bedroom Apartment,766800.0,1.0,1.0,1.0,,,
2 Bedroom Apartment,770000.0,2.0,1.0,1.0,,,
4 Bedroom Apartment,2750000.0,4.0,4.0,2.0,,,
4 Bedroom House,9595000.0,4.0,4.0,3.0,1486.0,,
3 Bedroom Townhouse,2980000.0,3.0,2.0,3.0,2904.0,,
2 Bedroom Townhouse,2650000.0,2.0,2.0,,,,
3 Bedroom Apartment,1090000.0,3.0,1.0,1.0,,,
2 Bedroom Townhouse,490000.0,2.0,1.0,2.0,,,
3 Bedroom Townhouse,905000.0,3.0,2.0,2.0,,,
8 Bedroom House,2200000.0,8.0,75.0,5.0,1231.0,,
2 Bedroom Townhouse,902000.0,2.0,2.0,2.0,,,
1 Bedroom Apartment,1180000.0,1.0,1.0,1.0,,,
4 Bedroom House,985000.0,4.0,2.0,2.0,,,
2 Bedroom Apartment,1080000.0,2.0,2.0,1.0,,,
3 Bedroom House,775000.0,3.0,1.0,4.0,218.0,,
2 Bedroom Apartment,550000.0,2.0,1.0,2.0,,,
2 Bedroom Apartment,699000.0,2.0,1.0,,,,
2 Bedroom Apartment,1450000.0,2.0,1.0,1.0,,,
3 Bedroom Apartment,3949000.0,3.0,3.0,4.0,,,
5 Bedroom House,4500000.0,5.0,5.0,2.0,81.0,,
3 Bedroom Apartment,1850000.0,3.0,25.0,2.0,,,
1 Bedroom Apartment,450000.0,1.0,1.0,,,,
3 Bedroom Apartment,3795000.0,3.0,3.0,4.0,,,
3 Bedroom House,1995000.0,3.0,2.0,2.0,2215.0,,
3 Bedroom Townhouse,1995000.0,3.0,2.0,4.0,381.0,,
1 Bedroom Apartment,620000.0,1.0,1.0,1.0,,,
3 Bedroom House,1150000.0,3.0,2.0,2.0,,,
1 Bedroom Apartment,999000.0,1.0,1.0,,,,
6 Bedroom House,3800000.0,6.0,4.0,2.0,,,
2 Bedroom Apartment,2795000.0,2.0,2.0,2.0,,,
2 Bedroom Townhouse,595000.0,2.0,1.0,1.0,1896.0,,
2.5 Bedroom Apartment,545000.0,25.0,15.0,,,,
5 Bedroom House,4500000.0,5.0,5.0,2.0,81.0,,
2 Bedroom Apartment,710000.0,2.0,2.0,1.0,,,
3 Bedroom Apartment,2650000.0,3.0,2.0,2.0,,,
3 Bedroom House,1375000.0,3.0,2.0,4.0,462.0,,
3 Bedroom Townhouse,3895000.0,3.0,25.0,4.0,,,
2 Bedroom Apartment,620000.0,2.0,1.0,,,,
5 Bedroom House,2500000.0,5.0,45.0,3.0,1427.0,,
2 Bedroom Apartment,3225000.0,2.0,2.0,2.0,,,
3 Bedroom Apartment,875000.0,3.0,2.0,2.0,,,
2 Bedroom Apartment,870000.0,2.0,1.0,1.0,,,
2.5 Bedroom Apartment,695000.0,25.0,1.0,1.0,,,
3 Bedroom House,1299000.0,3.0,2.0,4.0,,,
2 Bedroom House,900000.0,2.0,2.0,5.0,220.0,,
2 Bedroom Apartment,620000.0,2.0,1.0,1.0,,,
2 Bedroom House,545000.0,2.0,1.0,,1140.0,,
3 Bedroom Apartment,1695000.0,3.0,2.0,1.0,,,
6 Bedroom House,3300000.0,6.0,5.0,6.0,1423.0,,
2 Bedroom Apartment,2995000.0,2.0,2.0,2.0,,,
2 Bedroom Apartment,3500000.0,2.0,2.0,2.0,,,
1 Bedroom Apartment,1050000.0,1.0,1.0,1.0,,,
3 Bedroom House,1050000.0,3.0,2.0,3.0,777.0,,
2 Bedroom Apartment,595000.0,2.0,2.0,1.0,,,
2 Bedroom Apartment,450000.0,2.0,1.0,,,,
2 Bedroom Apartment,595000.0,2.0,2.0,,,,
2.5 Bedroom Apartment,695000.0,25.0,1.0,1.0,,,
1 Bedroom Apartment,699000.0,1.0,1.0,2.0,,,
4 Bedroom House,980000.0,4.0,2.0,2.0,1042.0,,
3 Bedroom House,890000.0,3.0,1.0,2.0,372.0,,
3 Bedroom Apartment,10450000.0,3.0,3.0,2.0,,,
2 Bedroom Townhouse,1050000.0,2.0,15.0,1.0,43746.0,,
1 Bedroom Townhouse,1995000.0,1.0,1.0,2.0,,20 Ilala Drive,
3 Bedroom Townhouse,5000000.0,3.0,3.0,2.0,10247.0,,
3 Bedroom House,3495000.0,3.0,2.0,3.0,258.0,,
3 Bedroom Townhouse,3875000.0,3.0,3.0,3.0,,,
3 Bedroom Apartment,749000.0,3.0,1.0,1.0,,1 Conguant Place,
2 Bedroom House,795000.0,2.0,1.0,1.0,486.0,,
3 Bedroom House,865000.0,3.0,2.0,2.0,,,
2 Bedroom Townhouse,670000.0,2.0,1.0,1.0,1480.0,9 Ostend Drive,
3 Bedroom Townhouse,5000000.0,3.0,3.0,2.0,10247.0,,
2 Bedroom Apartment,1850000.0,2.0,2.0,1.0,,,
2 Bedroom Apartment,820000.0,2.0,1.0,1.0,,10 Panorama Parade,
5 Bedroom House,5750000.0,5.0,5.0,12.0,600.0,,
2 Bedroom House,580000.0,2.0,1.0,7.0,,,
2 Bedroom Apartment,730000.0,2.0,15.0,1.0,,,
1 Bedroom Townhouse,595000.0,1.0,1.0,,2022.0,,
2 Bedroom Apartment,900000.0,2.0,2.0,2.0,,27 Marine Drive,
4 Bedroom House,1050000.0,4.0,2.0,2.0,1783.0,,
3 Bedroom Apartment,18950000.0,3.0,2.0,2.0,,,
3 Bedroom Townhouse,1950000.0,3.0,2.0,2.0,,,
5 Bedroom House,13000000.0,5.0,5.0,2.0,1135.0,95 Inanda Road,
4 Bedroom House,3195000.0,4.0,4.0,6.0,1000.0,,
3 Bedroom Townhouse,750000.0,3.0,2.0,1.0,13781.0,4 End Road,
10 Bedroom House,,10.0,65.0,4.0,5596.0,,
2 Bedroom Apartment,1250000.0,2.0,2.0,2.0,,,
3 Bedroom Townhouse,2500000.0,3.0,25.0,2.0,3372.0,21 Newlands Drive,
2 Bedroom Apartment,1750000.0,2.0,2.0,1.0,,,
1 Bedroom Apartment,599000.0,1.0,1.0,1.0,,"3 Ss Caroline Court, 105 Marine Terrace",
2 Bedroom Apartment,2150000.0,2.0,1.0,2.0,,,
1 Bedroom Apartment,1700000.0,1.0,1.0,2.0,,,
4 Bedroom House,2950000.0,4.0,4.0,4.0,,"Ss 41 Ss Queensbridge Estate, 2 Kingfisher Lane",
3 Bedroom House,600000.0,3.0,1.0,,695.0,,
4 Bedroom House,3195000.0,4.0,4.0,6.0,1000.0,,
3 Bedroom House,1199990.0,3.0,2.0,3.0,1260.0,,
5 Bedroom Townhouse,8950000.0,5.0,5.0,6.0,4072.0,"5 Ss Cockleshell, 116 North Beach Road",
2 Bedroom Apartment,1500000.0,2.0,15.0,2.0,,"9 Ss Verona Court, 196 Innes Road",
2 Bedroom Apartment,1350000.0,2.0,1.0,2.0,,"71 Ss Shortens Country Estate, 137 Shortens, Unit 71 Shortens Country Estate",
2 Bedroom Apartment,750000.0,2.0,1.0,1.0,,,
3 Bedroom Apartment,4200000.0,3.0,2.0,1.0,,42 North Beach Road,
3 Bedroom Townhouse,2695000.0,3.0,2.0,6.0,4696.0,,
3 Bedroom House,2350000.0,3.0,2.0,1.0,520.0,,
3 Bedroom House,1130000.0,3.0,15.0,5.0,1021.0,,
4 Bedroom House,1650000.0,4.0,2.0,2.0,,,
2 Bedroom Townhouse,920000.0,2.0,2.0,,,,
1 Bedroom Apartment,1195000.0,1.0,1.0,1.0,,,
2 Bedroom House,750000.0,2.0,1.0,3.0,130.0,,
2 Bedroom Apartment,670000.0,2.0,1.0,1.0,,,
3 Bedroom House,2650000.0,3.0,3.0,6.0,985.0,,
3 Bedroom Apartment,1495000.0,3.0,2.0,1.0,,,
2 Bedroom House,1423000.0,2.0,1.0,5.0,1424.0,,
2 Bedroom Townhouse,850000.0,2.0,1.0,1.0,,,
3 Bedroom Apartment,1495000.0,3.0,2.0,1.0,,,
4 Bedroom House,5500000.0,4.0,45.0,6.0,1459.0,,
5 Bedroom House,2199000.0,5.0,35.0,3.0,,57 Waller Crescent,
3 Bedroom Townhouse,2250000.0,3.0,25.0,2.0,6418.0,,
2 Bedroom Apartment,4200000.0,2.0,2.0,2.0,,,
3 Bedroom House,3640000.0,3.0,2.0,2.0,638.0,,
2 Bedroom Apartment,960000.0,2.0,2.0,1.0,,,
3 Bedroom Apartment,8750000.0,3.0,35.0,22.0,,,
2 Bedroom House,642000.0,2.0,15.0,2.0,,,
3 Bedroom Apartment,846000.0,3.0,25.0,1.0,,,
2 Bedroom Apartment,1280000.0,2.0,2.0,1.0,,30 Erskine Terrace,
3 Bedroom Townhouse,1750000.0,3.0,2.0,2.0,,,
3 Bedroom Townhouse,3795000.0,3.0,25.0,4.0,14810.0,98 Edgeview Road,
4 Bedroom House,1350000.0,4.0,4.0,1.0,1472.0,,
1 Bedroom Apartment,1200000.0,1.0,15.0,2.0,,,
Apartment,1499000.0,,1.0,1.0,,,
1 Bedroom Apartment,1200000.0,1.0,15.0,2.0,,,
2 Bedroom Apartment,1195000.0,2.0,2.0,1.0,,,
1 Bedroom Apartment,995000.0,1.0,1.0,2.0,55.0,20 Erskine Terrace,
6 Bedroom House,2500000.0,6.0,5.0,10.0,,,
4 Bedroom House,6400000.0,4.0,35.0,3.0,335.0,,
7 Bedroom House,2100000.0,7.0,7.0,2.0,940.0,,
3 Bedroom House,949000.0,3.0,1.0,5.0,275.0,,
3 Bedroom House,990000.0,3.0,2.0,3.0,1000.0,,
3 Bedroom Townhouse,1098000.0,3.0,2.0,2.0,,,
3 Bedroom Townhouse,1100000.0,3.0,2.0,2.0,,,
1 Bedroom Apartment,400000.0,1.0,1.0,,,,
1 Bedroom Apartment,1300000.0,1.0,1.0,1.0,,"426 The Millenial, 5 Park Way",
2 Bedroom Apartment,650000.0,2.0,2.0,1.0,,,
3 Bedroom House,890000.0,3.0,2.0,4.0,1062.0,8 Lily Rd,
3 Bedroom Apartment,1395000.0,3.0,2.0,1.0,,83 100 Musgrave Road,
4 Bedroom House,3750000.0,4.0,2.0,4.0,792.0,,
3 Bedroom House,1250000.0,3.0,2.0,2.0,908.0,,
3 Bedroom House,1399000.0,3.0,2.0,8.0,725.0,,
8 Bedroom House,5800000.0,8.0,7.0,2.0,1060.0,,
4 Bedroom House,17000000.0,4.0,45.0,6.0,1769.0,,
2 Bedroom Apartment,770000.0,2.0,1.0,1.0,,,
2 Bedroom House,680000.0,2.0,1.0,1.0,299.0,,
3 Bedroom Apartment,3500000.0,3.0,2.0,2.0,,,
5 Bedroom House,1550000.0,5.0,2.0,2.0,702.0,,
3 Bedroom House,1400000.0,3.0,15.0,1.0,2216.0,,
3 Bedroom House,1690000.0,3.0,1.0,3.0,633.0,2 Shirley Rd,
3 Bedroom Apartment,2138000.0,3.0,3.0,2.0,,,
3 Bedroom House,2450000.0,3.0,1.0,4.0,,,
5 Bedroom House,5450000.0,5.0,3.0,4.0,1377.0,74 The Ridge Road,
3 Bedroom Apartment,2138000.0,3.0,3.0,2.0,,,
6 Bedroom House,3800000.0,6.0,5.0,2.0,864.0,,
3 Bedroom Apartment,2299000.0,3.0,2.0,1.0,,,
5 Bedroom House,1300000.0,5.0,3.0,1.0,,,
3 Bedroom Townhouse,695000.0,3.0,15.0,3.0,,,
3 Bedroom House,2195500.0,3.0,2.0,2.0,2533.0,,
3 Bedroom House,3120000.0,3.0,3.0,7.0,783.0,,
1 Bedroom Apartment,500000.0,1.0,1.0,1.0,,5 Ripley Terrace,
3 Bedroom House,1100000.0,3.0,2.0,1.0,870.0,,
5 Bedroom House,2495000.0,5.0,4.0,2.0,,,
2 Bedroom Apartment,995000.0,2.0,2.0,1.0,,,
3 Bedroom Apartment,2200000.0,3.0,3.0,2.0,,,
1.5 Bedroom Apartment,499999.0,15.0,15.0,,,,
2 Bedroom House,550000.0,2.0,1.0,,500.0,,
3 Bedroom Townhouse,600000.0,3.0,1.0,1.0,32853.0,,
2 Bedroom Apartment,2200000.0,2.0,15.0,2.0,,"Grosvernor Court North Beach, 41 Snell Parade",
3 Bedroom Apartment,1500000.0,3.0,2.0,1.0,,,
3 Bedroom Apartment,880000.0,3.0,15.0,1.0,,,
4 Bedroom House,2600000.0,4.0,2.0,2.0,7907.0,,
3 Bedroom House,3000000.0,3.0,3.0,3.0,,,
3 Bedroom House,710000.0,3.0,1.0,1.0,,,
2 Bedroom Apartment,650000.0,2.0,15.0,1.0,2600.0,,
3 Bedroom Apartment,15000000.0,3.0,2.0,1.0,,,
3 Bedroom House,980000.0,3.0,25.0,1.0,,,
5 Bedroom House,1980000.0,5.0,3.0,3.0,1455.0,,
4 Bedroom Townhouse,5850000.0,4.0,3.0,2.0,117.0,,
2 Bedroom Apartment,3850000.0,2.0,2.0,2.0,,,
8 Bedroom House,4450000.0,8.0,6.0,12.0,932.0,,
3 Bedroom House,710000.0,3.0,1.0,1.0,,,
3 Bedroom Apartment,2950000.0,3.0,2.0,2.0,,"106 Barrington Estates, 1 Gazelle Road",
4 Bedroom House,6150000.0,4.0,4.0,2.0,1117.0,,
2 Bedroom House,1300000.0,2.0,2.0,1.0,140.0,,
3 Bedroom House,1490000.0,3.0,1.0,2.0,541.0,,
3 Bedroom Apartment,8500.0,3.0,2.0,2.0,,,
4 Bedroom House,1950000.0,4.0,3.0,6.0,1152.0,33 David Road,
2 Bedroom Apartment,685000.0,2.0,1.0,1.0,,,
2 Bedroom Apartment,1650000.0,2.0,2.0,2.0,,,
6 Bedroom House,1620000.0,6.0,4.0,1.0,1290.0,,
3 Bedroom Apartment,285000.0,3.0,2.0,8.0,600.0,Rm 56 Rm 56 Richmond Road,
3 Bedroom Townhouse,3995000.0,3.0,25.0,4.0,,,
4 Bedroom House,34900000.0,4.0,45.0,7.0,1719.0,,
3 Bedroom Townhouse,799000000.0,3.0,2.0,2.0,64097.0,,
5 Bedroom House,5990000.0,5.0,45.0,10.0,2992.0,191 Sherwood Road,
6 Bedroom House,6900000.0,6.0,6.0,9.0,3323.0,,
4 Bedroom House,1950000.0,4.0,3.0,6.0,1152.0,33 David Road,
4 Bedroom House,3800000.0,4.0,3.0,9.0,,78 Maxwell Ave,
2 Bedroom Apartment,2350000.0,2.0,2.0,2.0,,,
3 Bedroom House,795000.0,3.0,1.0,3.0,180.0,,
3 Bedroom Townhouse,1270000.0,3.0,2.0,2.0,,,
2 Bedroom House,460000.0,2.0,1.0,2.0,325.0,,
3.5 Bedroom Apartment,1595000.0,35.0,2.0,2.0,1230.0,,
3 Bedroom Townhouse,1900000.0,3.0,2.0,2.0,6247.0,,
3 Bedroom House,1450000.0,3.0,1.0,3.0,1360.0,,
3 Bedroom Apartment,680000.0,3.0,2.0,2.0,,,
3 Bedroom House,750000.0,3.0,1.0,1.0,338.0,,
4 Bedroom House,2180000.0,4.0,2.0,2.0,1409.0,,
3 Bedroom Apartment,4000000.0,3.0,2.0,1.0,,"3 Ss Aqua Marina, 1 Marine Drive",
3 Bedroom House,1600000.0,3.0,2.0,3.0,560.0,,
3 Bedroom Apartment,4499000.0,3.0,3.0,11.0,,,
2 Bedroom Apartment,1800000.0,2.0,2.0,2.0,,,
House,460000.0,,,,,,
4 Bedroom House,2850000.0,4.0,3.0,4.0,2023.0,,
3 Bedroom Apartment,680000.0,3.0,2.0,2.0,,,
2 Bedroom Apartment,895000.0,2.0,2.0,2.0,,,
2 Bedroom Apartment,5900000.0,2.0,2.0,1.0,,,
3 Bedroom Townhouse,1250000.0,3.0,3.0,2.0,,,
4 Bedroom Townhouse,1450000.0,4.0,3.0,3.0,436.0,,
3 Bedroom House,1330000.0,3.0,2.0,4.0,650.0,,
3 Bedroom House,3650000.0,3.0,2.0,8.0,1123.0,13 Radar Drive,
4 Bedroom House,7800000.0,4.0,4.0,7.0,1317.0,,
2 Bedroom Apartment,450000.0,2.0,1.0,2.0,,,
3 Bedroom Apartment,1825000.0,3.0,2.0,2.0,,,
2 Bedroom Apartment,2000000.0,2.0,2.0,1.0,,,
3 Bedroom Apartment,949000.0,3.0,1.0,1.0,,,
3 Bedroom House,1995000.0,3.0,2.0,2.0,1289.0,,
6 Bedroom House,6700000.0,6.0,6.0,4.0,1091.0,17 Hill Lane,
3 Bedroom Apartment,2795000.0,3.0,2.0,3.0,,"15 Ss Whittingham (umhlanga Manors), 2 Kirby Close",
2 Bedroom Apartment,725000.0,2.0,2.0,1.0,,Queensview 36 Queen Street,
3 Bedroom Apartment,2250000.0,3.0,3.0,1.0,,"27 Seahorse, 2 Arbuthnot Street",
3 Bedroom Apartment,2195000.0,3.0,2.0,1.0,,Villa St Estian 12 Tragedy Hl,
2 Bedroom Apartment,999000.0,2.0,2.0,,24553.0,,
3 Bedroom Apartment,4760000.0,3.0,2.0,2.0,,,
2 Bedroom Apartment,1399000.0,2.0,2.0,3.0,,,
3 Bedroom House,1495000.0,3.0,1.0,5.0,436.0,22 Mayflower Road,
3 Bedroom Apartment,727600.0,3.0,2.0,1.0,,"Ibiza Bc, 11 Marine Drive",
2 Bedroom Apartment,3995000.0,2.0,2.0,2.0,,4 Heleza Boulevard,
4 Bedroom Apartment,1550000.0,4.0,2.0,2.0,,Villa Sophia 44 Forest Road,
2 Bedroom Townhouse,2295000.0,2.0,1.0,1.0,,"16 Seawood Close, 31 Chartwell Drive",
3 Bedroom House,1995000.0,3.0,2.0,2.0,1289.0,,
5 Bedroom House,2200000.0,5.0,4.0,5.0,1897.0,,
2 Bedroom Apartment,1450000.0,2.0,2.0,3.0,,"33 Ss Es Paradis, 100 South Beach Road, Unit 33 Es Paradis",
3 Bedroom Townhouse,1600000.0,3.0,2.0,1.0,144.0,39 Entabeni Road,
3 Bedroom Apartment,1048000.0,3.0,2.0,,,,
3 Bedroom House,5500000.0,3.0,2.0,,,,
1 Bedroom Apartment,405000.0,1.0,1.0,,,Unit 505 78 Field Street,
2 Bedroom Apartment,1595000.0,2.0,2.0,1.0,,,
3 Bedroom House,895000.0,3.0,15.0,1.0,,,
1 Bedroom Apartment,320000.0,1.0,1.0,1.0,89.0,,
3 Bedroom House,950000.0,3.0,2.0,5.0,,,
2 Bedroom Apartment,,2.0,1.0,1.0,,,
2 Bedroom Apartment,3180000.0,2.0,2.0,2.0,,,
3 Bedroom House,1150000.0,3.0,25.0,6.0,297.0,,
1 Bedroom Apartment,400000.0,1.0,1.0,,,,
7 Bedroom House,8500000.0,7.0,65.0,7.0,,,
3 Bedroom House,1950000.0,3.0,2.0,2.0,1034.0,,
2 Bedroom Apartment,,2.0,1.0,1.0,,,
2 Bedroom House,880000.0,2.0,1.0,2.0,187.0,,
3 Bedroom House,1470000.0,3.0,25.0,3.0,,,
1 Bedroom Apartment,900000.0,1.0,1.0,,,,
5 Bedroom House,6400000.0,5.0,55.0,4.0,1120.0,,
4 Bedroom House,2600000.0,4.0,2.0,4.0,2108.0,,
1 Bedroom Apartment,1199000.0,1.0,1.0,,,,
3 Bedroom House,350000.0,3.0,2.0,6.0,,,
3 Bedroom House,1400000.0,3.0,15.0,4.0,19805.0,,
3 Bedroom Apartment,1499000.0,3.0,2.0,2.0,,,
2 Bedroom Apartment,995000.0,2.0,2.0,2.0,,,
4 Bedroom House,1290000.0,4.0,3.0,3.0,1571.0,,
5 Bedroom House,14995000.0,5.0,55.0,5.0,2062.0,,
3 Bedroom Townhouse,1295000.0,3.0,2.0,2.0,6294.0,,
2 Bedroom Apartment,2200000.0,2.0,2.0,4.0,87.0,31 North Beach Road,
3 Bedroom Townhouse,1480000.0,3.0,25.0,3.0,21666.0,,
2 Bedroom Apartment,1495000.0,2.0,2.0,1.0,,,
2 Bedroom Townhouse,620000.0,2.0,15.0,,760.0,"3 Palm Court, 8 Siedle Road",
3 Bedroom House,3950000.0,3.0,4.0,2.0,643.0,,
2 Bedroom Apartment,1250000.0,2.0,1.0,2.0,,,
1 Bedroom Townhouse,800000.0,1.0,1.0,1.0,5288.0,,
2 Bedroom Apartment,995000.0,2.0,2.0,2.0,,,
2 Bedroom Apartment,720000.0,2.0,15.0,1.0,,,
2 Bedroom Apartment,735000.0,2.0,15.0,1.0,,,
0.5 Bedroom Apartment,450000.0,5.0,1.0,,,,
3 Bedroom Townhouse,5700000.0,3.0,25.0,4.0,13321.0,"37 Ss Luxe Zimbali, 2 Zimbali Drive, Unit 37 Luxe Zimbali",
2 Bedroom Apartment,795000.0,2.0,1.0,1.0,,,
3 Bedroom House,1650000.0,3.0,1.0,2.0,931.0,,
3 Bedroom Apartment,2599999.0,3.0,2.0,2.0,,,
2 Bedroom Apartment,1500000.0,2.0,2.0,2.0,,,
0.5 Bedroom Apartment,2735000.0,5.0,,,,39 Forest Road,
4 Bedroom Townhouse,1100000.0,4.0,2.0,2.0,4105.0,,
2 Bedroom Townhouse,720000.0,2.0,2.0,1.0,46242.0,,
4 Bedroom House,1700000.0,4.0,35.0,2.0,1010.0,,
0.5 Bedroom Apartment,2735000.0,5.0,,,,39 Forest Road,
3 Bedroom House,,3.0,35.0,2.0,,,
1 Bedroom Apartment,630000.0,1.0,1.0,1.0,,,
1.5 Bedroom Apartment,550000.0,15.0,1.0,1.0,,,
3 Bedroom House,799000.0,3.0,1.0,2.0,200.0,,
6 Bedroom House,17000000.0,6.0,7.0,3.0,,Tuzi-Gazi,
2 Bedroom Apartment,620000.0,2.0,1.0,,,,
2 Bedroom Apartment,3000000.0,2.0,2.0,2.0,,,
3 Bedroom House,3200000.0,3.0,2.0,2.0,495.0,,
2 Bedroom Apartment,745000.0,2.0,2.0,1.0,,,
4 Bedroom House,800000.0,4.0,3.0,,5650.0,,
13 Bedroom House,3200000.0,13.0,12.0,12.0,3709.0,,
4 Bedroom Townhouse,3985000.0,4.0,4.0,2.0,1000.0,,
2 Bedroom Apartment,800000.0,2.0,2.0,2.0,,4 Manaba Beach Rd,
2 Bedroom Apartment,2000000.0,2.0,2.0,2.0,,,
6 Bedroom House,,6.0,5.0,,1500.0,,
2 Bedroom Townhouse,599000.0,2.0,2.0,1.0,71023.0,,
2 Bedroom House,795000.0,2.0,1.0,2.0,757.0,,
5 Bedroom House,649000.0,5.0,2.0,3.0,400.0,,
2 Bedroom Apartment,2000000.0,2.0,2.0,2.0,,,
33 Bedroom House,,33.0,20.0,18.0,2421.0,149 Panorama Drive,
3 Bedroom House,1400000.0,3.0,1.0,9.0,735.0,,
4 Bedroom House,2850000.0,4.0,3.0,5.0,2290.0,,
1 Bedroom Apartment,520000.0,1.0,1.0,1.0,,,
2 Bedroom Apartment,1750000.0,2.0,2.0,1.0,,79 Summer Way Lane,
3 Bedroom Apartment,1550000.0,3.0,2.0,1.0,,,
2 Bedroom Apartment,1050000.0,2.0,2.0,1.0,,"22 Pasadena Court, 21 O.r. Tambo Parade",
3 Bedroom House,1595000.0,3.0,2.0,2.0,736.0,,
3 Bedroom House,320000.0,3.0,1.0,1.0,900.0,,
3 Bedroom House,2790000.0,3.0,2.0,10.0,2027.0,,
5 Bedroom House,1059000.0,5.0,2.0,6.0,655.0,32 Smithfield Road,
3 Bedroom Townhouse,3650000.0,3.0,35.0,2.0,672.0,,
1 Bedroom Apartment,495000.0,1.0,1.0,1.0,,,
2 Bedroom Apartment,1850000.0,2.0,2.0,1.0,,,
2 Bedroom Townhouse,599000.0,2.0,2.0,1.0,71023.0,,
4 Bedroom House,3250000.0,4.0,3.0,1.0,4025.0,11 Mount Champagne,
1 Bedroom Apartment,295000.0,1.0,1.0,1.0,,,
4 Bedroom House,4950000.0,4.0,3.0,2.0,,,
3 Bedroom House,3470000.0,3.0,3.0,2.0,,,
2 Bedroom Apartment,899000.0,2.0,1.0,1.0,,,
3 Bedroom House,835000.0,3.0,2.0,4.0,420.0,,
3 Bedroom House,650000.0,3.0,1.0,,11.0,,
Apartment,430000.0,,1.0,1.0,,,
5 Bedroom House,900000.0,5.0,2.0,4.0,880.0,,
3 Bedroom House,1198500.0,3.0,2.0,11.0,1018.0,,
4 Bedroom Townhouse,3700000.0,4.0,25.0,,,,
3 Bedroom Townhouse,895000.0,3.0,1.0,1.0,,,
2 Bedroom Apartment,900000.0,2.0,1.0,1.0,,,
1 Bedroom Apartment,850000.0,1.0,1.0,1.0,,,
2 Bedroom House,3150000.0,2.0,2.0,2.0,,,
6 Bedroom House,2050000.0,6.0,5.0,10.0,5218.0,24 Elvira Road,
2 Bedroom House,2175000.0,2.0,1.0,1.0,1014.0,,
2 Bedroom Apartment,2650000.0,2.0,2.0,1.0,,,
House,3200000.0,,1.0,1.0,2027.0,,
2 Bedroom Townhouse,2200000.0,2.0,1.0,3.0,,,
2 Bedroom Apartment,2650000.0,2.0,2.0,1.0,,,
2 Bedroom Apartment,1095000.0,2.0,1.0,2.0,,,
3 Bedroom House,750000.0,3.0,1.0,,600.0,,
2 Bedroom Townhouse,480000.0,2.0,1.0,,,,
7 Bedroom House,2700000.0,7.0,6.0,,1040.0,,
6 Bedroom House,695000.0,6.0,2.0,4.0,286.0,,
2 Bedroom Apartment,549000.0,2.0,2.0,,,,
3 Bedroom House,1090000.0,3.0,2.0,2.0,1250.0,,
3 Bedroom House,460000.0,3.0,1.0,1.0,360.0,,
5 Bedroom House,2800000.0,5.0,3.0,1.0,4372.0,,
2 Bedroom Apartment,1195000.0,2.0,1.0,2.0,,,
3 Bedroom House,1855000.0,3.0,2.0,1.0,1330.0,,
3 Bedroom Townhouse,1490000.0,3.0,15.0,4.0,,,
3 Bedroom House,1450000.0,3.0,2.0,1.0,1563.0,,
3 Bedroom Apartment,1980000.0,3.0,25.0,4.0,,,
3 Bedroom Apartment,1175000.0,3.0,2.0,1.0,,,
2 Bedroom House,550000.0,2.0,1.0,8.0,297.0,,
4 Bedroom House,2395000.0,4.0,3.0,2.0,1000.0,,
1 Bedroom Apartment,435000.0,1.0,1.0,,,,
2 Bedroom Apartment,700000.0,2.0,1.0,1.0,,,
3 Bedroom House,1195000.0,3.0,2.0,3.0,1375.0,,
3 Bedroom House,1500000.0,3.0,2.0,4.0,450.0,,
7 Bedroom House,2700000.0,7.0,6.0,,1040.0,,
3 Bedroom Apartment,1690000.0,3.0,2.0,,,,
3 Bedroom Townhouse,870000.0,3.0,1.0,2.0,,,
12 Bedroom House,6990000.0,12.0,10.0,18.0,4397.0,,
3 Bedroom Townhouse,2479999.0,3.0,2.0,2.0,,"3 N/a, 380 Musgrave Road",
2.5 Bedroom Apartment,1349000.0,25.0,2.0,3.0,,,
2 Bedroom Apartment,580000.0,2.0,1.0,,,"12 Ss Eden Wilds, 6 Groove Road",
3 Bedroom House,1795000.0,3.0,35.0,2.0,666.0,,
2 Bedroom House,680000.0,2.0,1.0,4.0,70.0,,
2 Bedroom Apartment,1350000.0,2.0,2.0,2.0,,,
3 Bedroom Townhouse,2220000.0,3.0,2.0,1.0,,275 Gladys Manzi Road,
2 Bedroom Apartment,830000.0,2.0,2.0,2.0,,,
4 Bedroom House,6950000.0,4.0,3.0,4.0,875.0,,
1 Bedroom Apartment,380000.0,1.0,1.0,1.0,,,
3 Bedroom House,975000.0,3.0,1.0,,1030.0,25 Mercury Grove,
1 Bedroom Apartment,1660000.0,1.0,1.0,1.0,22349.0,115 Musgrave Avenue,
2 Bedroom House,739000.0,2.0,15.0,2.0,108034.0,1a Ramsay Road,
1 Bedroom Apartment,1660000.0,1.0,1.0,1.0,22349.0,115 Musgrave Avenue,
3 Bedroom Apartment,2800000.0,3.0,2.0,3.0,,"64 Ss King Shaka Estate, 50 Valley Road, Unit 64 King Shaka Estate",
2 Bedroom Apartment,1404000.0,2.0,2.0,,,,
2 Bedroom Apartment,2280000.0,2.0,2.0,2.0,,"23 Aura, 2 Langa Ridge",
2 Bedroom Townhouse,2950000.0,2.0,2.0,2.0,,,
4 Bedroom House,1950000.0,4.0,1.0,8.0,1228.0,18 Arcadia Road,
1 Bedroom Apartment,695000.0,1.0,1.0,,,,
2 Bedroom Apartment,750000.0,2.0,1.0,,,,
Apartment,595000.0,,1.0,,,,
3 Bedroom House,750000.0,3.0,1.0,2.0,437.0,,
0.5 Bedroom Apartment,395000.0,5.0,1.0,,,,
4 Bedroom House,1695000.0,4.0,2.0,2.0,951.0,,
4 Bedroom House,2695000.0,4.0,5.0,4.0,905.0,,
4 Bedroom House,2695000.0,4.0,5.0,4.0,905.0,,
2 Bedroom Apartment,1250000.0,2.0,2.0,2.0,,,
2 Bedroom Apartment,2850000.0,2.0,2.0,2.0,,,
3 Bedroom House,380000.0,3.0,1.0,11.0,,,
4 Bedroom House,650000.0,4.0,3.0,21.0,,,
6 Bedroom House,2300000.0,6.0,5.0,4.0,,,
5 Bedroom House,1200000.0,5.0,3.0,1.0,,,
3 Bedroom House,220000.0,3.0,1.0,,,,
3 Bedroom House,370000.0,3.0,1.0,1.0,,,
3 Bedroom House,1550000.0,3.0,2.0,3.0,1987.0,,
2 Bedroom Apartment,620000.0,2.0,1.0,1.0,,,
3 Bedroom House,1750000.0,3.0,2.0,6.0,1041.0,15 Boyd Road,
2 Bedroom Apartment,3000000.0,2.0,1.0,,,,
1 Bedroom Apartment,486000.0,1.0,1.0,1.0,,,
2 Bedroom Apartment,850000.0,2.0,2.0,1.0,,,
6 Bedroom House,1799000.0,6.0,3.0,2.0,,,
4 Bedroom House,8995000.0,4.0,4.0,6.0,1250.0,,
6 Bedroom House,1799000.0,6.0,3.0,2.0,,,
2 Bedroom Apartment,860000.0,2.0,,2.0,,,
3 Bedroom House,2600000.0,3.0,2.0,4.0,2019.0,,
6 Bedroom House,5750000.0,6.0,35.0,10.0,2545.0,11 Raleigh Road,
5 Bedroom House,1500000.0,5.0,2.0,4.0,656.0,,
2 Bedroom Apartment,775000.0,2.0,1.0,1.0,,,
2 Bedroom Apartment,2295000.0,2.0,25.0,1.0,,1 Park Drive,
3 Bedroom Apartment,1040000.0,3.0,3.0,2.0,,938 Fascadale Road,
2 Bedroom Apartment,750000.0,2.0,1.0,1.0,,,
1.5 Bedroom Townhouse,250000.0,15.0,1.0,1.0,6371.0,,
2 Bedroom Apartment,2105000.0,2.0,1.0,2.0,,"27 (211) Boulevard Edge, 11 Albizia Drive",
3 Bedroom Apartment,1790000.0,3.0,2.0,2.0,,,
3 Bedroom Apartment,3500000.0,3.0,2.0,,,25 K E Masinga Road,
5 Bedroom House,1250000.0,5.0,4.0,2.0,1407.0,,
2.5 Bedroom Apartment,880000.0,25.0,15.0,1.0,,,
2 Bedroom Apartment,950000.0,2.0,1.0,1.0,,,
2 Bedroom Apartment,2495000.0,2.0,2.0,2.0,,,
3 Bedroom Townhouse,1380000.0,3.0,1.0,1.0,,,
3 Bedroom House,5075000.0,3.0,25.0,3.0,346.0,15 Zululami Boulevard,
4 Bedroom House,2875000.0,4.0,6.0,2.0,4048.0,,
3 Bedroom Apartment,1350000.0,3.0,2.0,2.0,,,
2 Bedroom Townhouse,980000.0,2.0,2.0,2.0,108034.0,,
4 Bedroom House,2875000.0,4.0,6.0,2.0,4048.0,,
3 Bedroom Townhouse,699000.0,3.0,2.0,1.0,14267.0,,
2 Bedroom Apartment,1950000.0,2.0,2.0,2.0,,,
1 Bedroom Apartment,650000.0,1.0,1.0,1.0,,,
2 Bedroom Apartment,725000.0,2.0,15.0,2.0,,311 Clark Road,
2 Bedroom House,2950000.0,2.0,2.0,1.0,,,
3 Bedroom Townhouse,1140000.0,3.0,2.0,2.0,107607.0,,
3 Bedroom Apartment,4295000.0,3.0,25.0,2.0,,8 Sandwood Hills,
3 Bedroom House,1460000.0,3.0,1.0,4.0,274.0,,
3 Bedroom House,1195000.0,3.0,2.0,5.0,297.0,,
5 Bedroom House,7800000.0,5.0,45.0,1.0,200.0,"585 San Lameer, Lower South Coast Road N2s R61, San Lameer, San Lameer",
3 Bedroom House,,3.0,2.0,2.0,1030.0,20 Ambleside Avenue,
4 Bedroom House,4250000.0,4.0,4.0,6.0,902.0,60 Wilkes Street,
2 Bedroom Apartment,1700000.0,2.0,2.0,2.0,,,
2 Bedroom Apartment,1100000.0,2.0,15.0,1.0,,"2 Ss Somthya Court, 78 Smiso Nkwanyana Road",
4 Bedroom Townhouse,5650000.0,4.0,3.0,3.0,299.0,35 Summit Drive,
2 Bedroom Apartment,1550000.0,2.0,2.0,,,,
5 Bedroom House,1700000.0,5.0,3.0,4.0,941.0,,
2 Bedroom Apartment,690000.0,2.0,1.0,2.0,,,
3 Bedroom Apartment,2390000.0,3.0,2.0,2.0,,,
2 Bedroom Apartment,2500000.0,2.0,2.0,2.0,,,
6 Bedroom House,4500000.0,6.0,5.0,6.0,1269.0,,
2 Bedroom Townhouse,760000.0,2.0,2.0,1.0,2022.0,,
3 Bedroom House,1030000.0,3.0,2.0,1.0,1293.0,,
3 Bedroom Townhouse,1925000.0,3.0,3.0,3.0,5547.0,,
23 Bedroom Apartment,12300000.0,23.0,12.0,,,767 Marine Drive,
3 Bedroom Apartment,2895000.0,3.0,2.0,2.0,,,
3 Bedroom Apartment,1499000.0,3.0,2.0,2.0,,,
6 Bedroom House,1800000.0,6.0,2.0,8.0,,53 Ridge Road,
4 Bedroom Townhouse,8950000.0,4.0,3.0,4.0,,,
4 Bedroom Apartment,4900000.0,4.0,3.0,4.0,,,
4 Bedroom Apartment,5500000.0,4.0,3.0,2.0,,,
6 Bedroom House,4500000.0,6.0,5.0,6.0,1269.0,,
4 Bedroom Apartment,7500000.0,4.0,4.0,6.0,,,
3 Bedroom House,11900000.0,3.0,3.0,6.0,2762.0,,
1 Bedroom Townhouse,2545000.0,1.0,1.0,1.0,100.0,"Unit 50, Mount Edgecombe Retirement Village, Kindlewood Estate",
House,1053000.0,,,,600.0,,
3 Bedroom House,1895000.0,3.0,2.0,2.0,1086.0,,
3 Bedroom House,5300000.0,3.0,25.0,4.0,664.0,,
3 Bedroom Townhouse,2690000.0,3.0,25.0,3.0,,,
1 Bedroom Apartment,795000.0,1.0,1.0,1.0,,,
3 Bedroom House,890000.0,3.0,2.0,2.0,829.0,,
4 Bedroom Apartment,2500000.0,4.0,2.0,2.0,,,
2 Bedroom Townhouse,1000000.0,2.0,2.0,1.0,,"36 Templeton Green, 60 Bellevue Road",
2 Bedroom Apartment,702000.0,2.0,1.0,,,,
6 Bedroom House,7500000.0,6.0,5.0,10.0,1339.0,,
8 Bedroom House,3499000.0,8.0,8.0,8.0,2572.0,,
2 Bedroom Apartment,1575000.0,2.0,1.0,2.0,,,
3 Bedroom House,2450000.0,3.0,2.0,2.0,1316.0,,
3 Bedroom House,2890000.0,3.0,25.0,5.0,672.0,,
3 Bedroom Townhouse,2350000.0,3.0,25.0,2.0,648.0,,
3 Bedroom House,895000.0,3.0,1.0,2.0,219.0,,
3 Bedroom Apartment,3750000.0,3.0,2.0,2.0,,,
2 Bedroom Apartment,1125000.0,2.0,1.0,1.0,,"Unit 2002 Hesketh Estate, Hayfields",
3 Bedroom House,730000.0,3.0,1.0,1.0,,,
2 Bedroom Apartment,702000.0,2.0,1.0,,,,
3 Bedroom Townhouse,1090000.0,3.0,2.0,2.0,2028.0,"3 Ss Strelitzia, 732 Simpson Road",
6 Bedroom House,5000000.0,6.0,3.0,5.0,,,
2 Bedroom Apartment,1350000.0,2.0,1.0,,,,
3 Bedroom House,920000.0,3.0,2.0,2.0,500.0,"No. 80 Nongalazard, Bb Section, Umlazi",
4 Bedroom House,7300000.0,4.0,35.0,2.0,735.0,,
2 Bedroom Apartment,1850000.0,2.0,2.0,1.0,,,
2 Bedroom Apartment,790000.0,2.0,1.0,2.0,,,
2 Bedroom Apartment,1200000.0,2.0,2.0,1.0,,"53 Cocomo Palms, 20 Foreshore Drive",
3 Bedroom Townhouse,3295000.0,3.0,25.0,4.0,2144.0,28 Silver Oaks Avenue,
2 Bedroom Apartment,1595000.0,2.0,1.0,1.0,,,
3 Bedroom Apartment,1665175.0,3.0,2.0,1.0,,,
1.5 Bedroom Apartment,1050000.0,15.0,2.0,1.0,,,
3 Bedroom Townhouse,1040000.0,3.0,3.0,2.0,,,
3 Bedroom House,1250000.0,3.0,1.0,6.0,959.0,,
2 Bedroom Apartment,1399000.0,2.0,2.0,4.0,,"20 Ss La Cascade, 163 Inanda Road",
3 Bedroom Townhouse,,3.0,3.0,2.0,148.0,,
3 Bedroom Townhouse,1699000.0,3.0,2.0,1.0,,,
3 Bedroom Apartment,985000.0,3.0,2.0,1.0,,,
2 Bedroom Apartment,5850000.0,2.0,2.0,1.0,23519.0,,
2 Bedroom Apartment,995000.0,2.0,1.0,1.0,,312 Cato Road,
3 Bedroom House,1495000.0,3.0,2.0,3.0,1032.0,,
3 Bedroom Townhouse,3295000.0,3.0,25.0,4.0,2144.0,28 Silver Oaks Avenue,
1 Bedroom Apartment,1295000.0,1.0,1.0,1.0,,"318 Ss Oceandune, 1 Heleza Boulevard",
4 Bedroom House,2500000.0,4.0,35.0,5.0,829.0,18 Viola Road,
3 Bedroom House,850000.0,3.0,2.0,2.0,450.0,,
3 Bedroom House,1990000.0,3.0,2.0,3.0,975.0,,
3 Bedroom House,1150000.0,3.0,4.0,9.0,398.0,,
3 Bedroom House,950000.0,3.0,1.0,5.0,1058.0,,
1.5 Bedroom Apartment,600000.0,15.0,1.0,1.0,,,
5 Bedroom House,3850000.0,5.0,5.0,2.0,4000.0,2 The Bend Estate 2 The Bend Road,
3 Bedroom Townhouse,3000000.0,3.0,25.0,4.0,2634.0,,
3 Bedroom Townhouse,3100000.0,3.0,25.0,4.0,2634.0,,
3 Bedroom Townhouse,3300000.0,3.0,25.0,4.0,2634.0,,
5 Bedroom House,3600000.0,5.0,3.0,2.0,1848.0,,
4 Bedroom House,900000.0,4.0,2.0,2.0,4704.0,1498 Beachview Grove,
3 Bedroom Apartment,1450000.0,3.0,2.0,3.0,,,
2 Bedroom Townhouse,770000.0,2.0,2.0,2.0,259567.0,,
3 Bedroom Townhouse,1250000.0,3.0,2.0,2.0,,70 Colin Street,
5 Bedroom House,3600000.0,5.0,3.0,2.0,1848.0,,
2.5 Bedroom Apartment,1350000.0,25.0,2.0,1.0,,,
3 Bedroom Townhouse,1895000.0,3.0,25.0,2.0,,,
2 Bedroom Townhouse,1999000.0,2.0,2.0,3.0,,,
3 Bedroom House,950000.0,3.0,1.0,2.0,373.0,,
2 Bedroom Apartment,1950000.0,2.0,2.0,2.0,,,
6 Bedroom House,3199000.0,6.0,5.0,7.0,990.0,4 Donlene Crescent,
3 Bedroom House,1195000.0,3.0,2.0,2.0,465.0,,
3 Bedroom House,1400000.0,3.0,25.0,2.0,612.0,,
3 Bedroom House,5100000.0,3.0,3.0,5.0,701.0,,
5 Bedroom House,6450000.0,5.0,45.0,,,,
2 Bedroom Apartment,2490000.0,2.0,1.0,1.0,77.0,,
2 Bedroom Apartment,950000.0,2.0,2.0,,,,
2 Bedroom Apartment,2200000.0,2.0,1.0,2.0,113.0,,
4 Bedroom House,1895000.0,4.0,3.0,2.0,1008.0,,
2 Bedroom Apartment,2200000.0,2.0,1.0,2.0,113.0,,
4 Bedroom House,650000.0,4.0,2.0,1.0,,,
3 Bedroom House,1750000.0,3.0,3.0,3.0,1069.0,,
4 Bedroom House,2100000.0,4.0,2.0,2.0,782.0,,
4 Bedroom House,1395000.0,4.0,3.0,6.0,521.0,9 Treepalm Road,
2 Bedroom Apartment,940000.0,2.0,1.0,1.0,290.0,,
2 Bedroom House,975000.0,2.0,1.0,3.0,,,
3 Bedroom Apartment,3295000.0,3.0,2.0,1.0,,,
4 Bedroom House,2300000.0,4.0,4.0,4.0,1213.0,,
4 Bedroom House,1550000.0,4.0,2.0,2.0,1029.0,,
2 Bedroom House,600000.0,2.0,1.0,,564.0,,
1 Bedroom House,1645000.0,1.0,1.0,,1924.0,,
3 Bedroom House,2700000.0,3.0,25.0,1.0,,,
4 Bedroom Townhouse,5500000.0,4.0,3.0,4.0,17268.0,,
2 Bedroom Apartment,1295000.0,2.0,15.0,2.0,,,
2 Bedroom House,890000.0,2.0,1.0,1.0,,,
3 Bedroom Townhouse,2295000.0,3.0,2.0,1.0,,,
2 Bedroom House,1295000.0,2.0,1.0,1.0,,,
3 Bedroom House,1750000.0,3.0,25.0,6.0,1634.0,,
3 Bedroom House,910000.0,3.0,2.0,2.0,211.0,,
3 Bedroom Townhouse,1590000.0,3.0,1.0,2.0,5537.0,,
3 Bedroom Townhouse,2300000.0,3.0,25.0,2.0,,"1 Methven Mews, 101 Methven Road",
2 Bedroom Apartment,1875000.0,2.0,1.0,1.0,,"501 La Ballito, 8 Jack Powell Road",
3 Bedroom Townhouse,5700000.0,3.0,35.0,6.0,17268.0,"19 Uluwatu, 106 Yellowwood Drive",
2 Bedroom Apartment,650000.0,2.0,2.0,1.0,,"86 Ss Eden Wilds, 6 Groove Road",
3 Bedroom House,1850000.0,3.0,2.0,9.0,,,
4 Bedroom House,5975000.0,4.0,3.0,2.0,,,
5 Bedroom House,2850000.0,5.0,4.0,8.0,1408.0,,
2 Bedroom Townhouse,995000.0,2.0,1.0,1.0,,"3 Ss Castle Carey, 34 Alcock Crescent",
4 Bedroom Townhouse,3250000.0,4.0,4.0,3.0,781067.0,"70 Ss Selborne Park, 7 Selborne Estate",
2 Bedroom Townhouse,660000.0,2.0,1.0,1.0,,,
3 Bedroom House,1450000.0,3.0,2.0,1.0,,,
3 Bedroom House,1450000.0,3.0,2.0,1.0,,,
3 Bedroom House,1695000.0,3.0,2.0,2.0,952.0,,
2 Bedroom Apartment,950000.0,2.0,1.0,1.0,,97 Marine Drive,
1 Bedroom Apartment,3500000.0,1.0,1.0,1.0,,,
4 Bedroom Apartment,1850000.0,4.0,3.0,2.0,,186 Marine Drive,
9 Bedroom House,9500000.0,9.0,9.0,15.0,2100.0,23 The Promenade Street,
3 Bedroom House,1300000.0,3.0,2.0,1.0,543.0,,
3 Bedroom House,750000.0,3.0,2.0,1.0,450.0,,
2 Bedroom Apartment,780000.0,2.0,2.0,2.0,,,
3 Bedroom Apartment,999000.0,3.0,2.0,1.0,,4 Panorama Parade,
7 Bedroom House,3095000.0,7.0,4.0,,2576.0,1502 Beaumont Drive,
4 Bedroom House,1795000.0,4.0,2.0,2.0,1092.0,,
3 Bedroom House,1295000.0,3.0,1.0,3.0,,,
House,530000.0,,,,,,
4 Bedroom House,3800000.0,4.0,3.0,10.0,1068.0,,
2 Bedroom Apartment,1400000.0,2.0,2.0,2.0,,,
2 Bedroom Apartment,620000.0,2.0,1.0,1.0,,,
3 Bedroom Apartment,1275000.0,3.0,2.0,1.0,,433 Munro Drive,
3 Bedroom House,3950000.0,3.0,2.0,21.0,1228.0,,
2 Bedroom Apartment,2700000.0,2.0,2.0,2.0,,,
32 Bedroom Apartment,13300000.0,32.0,28.0,20.0,1889.0,70 70 Marine Drive,
3 Bedroom Townhouse,1300000.0,3.0,2.0,2.0,108034.0,,
9 Bedroom House,9500000.0,9.0,9.0,15.0,2100.0,23 The Promenade Street,
2 Bedroom Apartment,1750000.0,2.0,2.0,2.0,,"31 Ss Rouken Glen, 381 Musgrave Road",
2 Bedroom Apartment,625000.0,2.0,1.0,2.0,,"128 Ss Eden Wilds, 6 Groove Road",
4 Bedroom House,2100000.0,4.0,2.0,2.0,1265.0,,
3 Bedroom House,1175000.0,3.0,2.0,2.0,1433.0,,
3 Bedroom Apartment,3200000.0,3.0,25.0,2.0,,10 Bellamont Road,
10 Bedroom House,1800000.0,10.0,9.0,6.0,1103.0,,
3 Bedroom House,3295000.0,3.0,2.0,4.0,300.0,47 6th Street,
3 Bedroom Townhouse,699000.0,3.0,2.0,1.0,4040.0,"2 Ss Duocunda, 353 Owen Ellis Drive",
3 Bedroom Apartment,1890000.0,3.0,2.0,,,,
3 Bedroom Apartment,1890000.0,3.0,2.0,,,,
3 Bedroom Apartment,1300000.0,3.0,2.0,1.0,,,
8 Bedroom House,3700000.0,8.0,6.0,8.0,1080.0,18 Borgen Circle,
3 Bedroom House,2995000.0,3.0,1.0,,962.0,,
3 Bedroom Apartment,2200000.0,3.0,2.0,2.0,,1267 Edward Street,
5 Bedroom Townhouse,4000000.0,5.0,6.0,2.0,,"1 Ss THE Beach House, 650 Outlook Road",
3 Bedroom Apartment,1395000.0,3.0,15.0,2.0,,,
3 Bedroom House,1850000.0,3.0,3.0,3.0,,,
2 Bedroom Apartment,5950000.0,2.0,2.0,1.0,,7 Lagoon Drive,
2 Bedroom Apartment,785500.0,2.0,2.0,1.0,,,
3 Bedroom Apartment,1599000.0,3.0,15.0,,,41 Snell Parade,
3 Bedroom Townhouse,980000.0,3.0,2.0,2.0,108889.0,,
2 Bedroom Apartment,1365000.0,2.0,1.0,2.0,,,
2 Bedroom Apartment,1300000.0,2.0,1.0,1.0,,,
4 Bedroom House,8250000.0,4.0,3.0,9.0,1260.0,1 Windsor Avenue,
6 Bedroom House,2995000.0,6.0,3.0,10.0,2782.0,,
3 Bedroom Apartment,4100000.0,3.0,2.0,2.0,,2 Lagoon Drive,
2 Bedroom House,650000.0,2.0,1.0,,854.0,,
3 Bedroom House,1750000.0,3.0,2.0,3.0,941.0,,
4 Bedroom House,2175000.0,4.0,3.0,6.0,1520.0,,
4 Bedroom House,970000.0,4.0,4.0,1.0,,,
3 Bedroom House,2200000.0,3.0,2.0,1.0,1208.0,13 Jannie De Waal Avenue,
4 Bedroom House,1999000.0,4.0,2.0,6.0,700.0,,
6 Bedroom House,2200000.0,6.0,3.0,2.0,1012.0,,
3 Bedroom Townhouse,2995000.0,3.0,3.0,2.0,,,
Apartment,350000.0,,1.0,,,,
3 Bedroom Apartment,2995000.0,3.0,2.0,2.0,,,
3 Bedroom Townhouse,1299000.0,3.0,2.0,1.0,,,
3 Bedroom Apartment,1600000.0,3.0,2.0,1.0,,117 Marine Drive,
2 Bedroom Apartment,790000.0,2.0,1.0,1.0,,,
4 Bedroom House,12000000.0,4.0,4.0,4.0,25314.0,Tahari Coastal Estate,
3 Bedroom House,2200000.0,3.0,2.0,1.0,1208.0,13 Jannie De Waal Avenue,
1 Bedroom Apartment,1350000.0,1.0,1.0,1.0,,"419 San Lameer, R61 Lower South Coast Road, San Lameer, San Lameer",
3 Bedroom Apartment,2579900.0,3.0,2.0,2.0,,938 Hills Avenue,
3 Bedroom Apartment,3350000.0,3.0,2.0,1.0,,,
2.5 Bedroom House,1000000.0,25.0,1.0,6.0,1500.0,,
8 Bedroom House,4950000.0,8.0,6.0,7.0,1156.0,26 Bowes Lyon Avenue,
4 Bedroom House,2250000.0,4.0,4.0,3.0,31225.0,"Pigeonwood Eco Estate, 114/2 Pigeon Wood Eco Estate",
3 Bedroom House,1620000.0,3.0,2.0,8.0,,,
5 Bedroom Townhouse,3000000.0,5.0,5.0,4.0,158467.0,,
3 Bedroom Apartment,1100000.0,3.0,2.0,2.0,,,
3 Bedroom Apartment,2250000.0,3.0,2.0,1.0,,,
2 Bedroom Apartment,830000.0,2.0,2.0,2.0,,,
2 Bedroom Apartment,1795000.0,2.0,2.0,2.0,,"168 Ballito Village, 1 Douglas Crowe Street",
4 Bedroom House,4250000.0,4.0,3.0,7.0,,,
2 Bedroom Apartment,1150000.0,2.0,2.0,1.0,,,
3 Bedroom House,2795000.0,3.0,2.0,4.0,850.0,1144 Greenvale Village,
3 Bedroom Apartment,2800000.0,3.0,2.0,3.0,,53 King Fisher Street,
2 Bedroom Apartment,1795000.0,2.0,2.0,2.0,,"168 Ballito Village, 1 Douglas Crowe Street",
2 Bedroom Apartment,890000.0,2.0,1.0,2.0,,,
3 Bedroom House,1550000.0,3.0,2.0,2.0,216.0,,
4 Bedroom House,3100000.0,4.0,3.0,5.0,1233.0,,
3 Bedroom House,4995000.0,3.0,3.0,12.0,931.0,,
3 Bedroom House,3390000.0,3.0,4.0,4.0,1352.0,,
4 Bedroom House,3450000.0,4.0,4.0,4.0,3602.0,,
2 Bedroom Apartment,480000.0,2.0,1.0,1.0,,4 Hall Road,
4 Bedroom Townhouse,765000.0,4.0,2.0,,,,
3 Bedroom House,1190000.0,3.0,2.0,2.0,2296.0,,
2 Bedroom Apartment,850000.0,2.0,15.0,1.0,,,
4 Bedroom House,2775000.0,4.0,25.0,4.0,1269.0,,
3 Bedroom House,1500000.0,3.0,25.0,1.0,1500.0,23 Kwikstertjie Street,
2 Bedroom Apartment,1650000.0,2.0,2.0,2.0,,"506 Ss Imbali Ridge, 1571 San Te Fe, Unit 506 Imbali Ridge",
2 Bedroom Apartment,2050000.0,2.0,2.0,2.0,,,
5 Bedroom House,1250000.0,5.0,3.0,2.0,,,
4 Bedroom House,5400000.0,4.0,3.0,2.0,200.0,"554 San Lameer, Lower South Coast Road N2s R61, San Lameer",
3 Bedroom Apartment,850000.0,3.0,2.0,,,,
2 Bedroom Apartment,899000.0,2.0,2.0,1.0,,,
2 Bedroom Apartment,3150000.0,2.0,2.0,2.0,,,
3 Bedroom Apartment,7550000.0,3.0,25.0,3.0,,,
2 Bedroom Apartment,685000.0,2.0,1.0,1.0,,,
2 Bedroom Apartment,1650000.0,2.0,2.0,2.0,,"506 Ss Imbali Ridge, 1571 San Te Fe, Unit 506 Imbali Ridge",
4 Bedroom Townhouse,4395000.0,4.0,35.0,2.0,451.0,7 Mvula Lane,
2 Bedroom Apartment,750000.0,2.0,1.0,2.0,124.0,,
6.5 Bedroom House,1600000.0,65.0,55.0,4.0,,,
2 Bedroom Apartment,875000.0,2.0,2.0,2.0,,,
4 Bedroom House,1350000.0,4.0,25.0,4.0,940.0,,
4 Bedroom House,1295000.0,4.0,3.0,3.0,,,
3 Bedroom House,1195000.0,3.0,25.0,1.0,1090.0,,
4 Bedroom House,3195000.0,4.0,25.0,10.0,1000.0,,
1.5 Bedroom Apartment,795000.0,15.0,1.0,1.0,,"5 Ss Roselea Court, 26 Gordon Road",
3 Bedroom House,3290000.0,3.0,2.0,11.0,3016.0,47 Ernest Whitcutt,
3 Bedroom Apartment,1095000.0,3.0,25.0,2.0,,2 Tucker Avenue,
3 Bedroom Townhouse,1050000.0,3.0,2.0,2.0,2389.0,9 Fifth Avenue,
3 Bedroom Apartment,1200000.0,3.0,15.0,2.0,159.0,507 Che Guevara Road,
4 Bedroom House,2600000.0,4.0,3.0,,1000.0,,
4 Bedroom House,1850000.0,4.0,2.0,1.0,1954.0,4a Wishart Road,
3 Bedroom Townhouse,3795000.0,3.0,2.0,2.0,,,
5 Bedroom House,3400000.0,5.0,3.0,6.0,1957.0,7a Quentin Smythe Road,
7 Bedroom House,2999000.0,7.0,3.0,5.0,,,
1 Bedroom House,962000.0,1.0,15.0,2.0,1.0,,
3 Bedroom House,1800000.0,3.0,2.0,6.0,,,
2 Bedroom Apartment,890000.0,2.0,1.0,1.0,,,
3 Bedroom Townhouse,2690000.0,3.0,25.0,1.0,1833.0,2 Sugar Reef,
2 Bedroom Apartment,890000.0,2.0,1.0,1.0,,,
3 Bedroom House,1675000.0,3.0,2.0,6.0,1806.0,19a Dennis Circle,
5 Bedroom House,5700000.0,5.0,3.0,2.0,1346.0,55 Leonora Drive,
1 Bedroom Apartment,1520000.0,1.0,1.0,1.0,,,
1.5 Bedroom Apartment,755000.0,15.0,15.0,2.0,,,
3 Bedroom House,1450000.0,3.0,2.0,4.0,1200.0,,
3 Bedroom House,2200000.0,3.0,35.0,1.0,1342.0,,
3 Bedroom House,3850000.0,3.0,2.0,6.0,3659.0,,
5 Bedroom House,2500000.0,5.0,3.0,2.0,2600.0,,
10 Bedroom House,3850000.0,10.0,11.0,2.0,,,
2 Bedroom Apartment,870000.0,2.0,2.0,1.0,,,
3 Bedroom Townhouse,1700000.0,3.0,1.0,3.0,,,
4 Bedroom House,1250000.0,4.0,15.0,1.0,1107.0,,
6 Bedroom House,7495000.0,6.0,4.0,4.0,950.0,,
4 Bedroom House,1480000.0,4.0,3.0,5.0,1206.0,,
3 Bedroom House,1650000.0,3.0,3.0,4.0,,,
4 Bedroom House,650000.0,4.0,2.0,2.0,,,
2 Bedroom Apartment,584000.0,2.0,1.0,2.0,,,
4 Bedroom House,2850000.0,4.0,2.0,20.0,,,
5 Bedroom House,2750000.0,5.0,2.0,7.0,1311.0,,
3 Bedroom House,1900000.0,3.0,2.0,4.0,1050.0,,
3 Bedroom House,7670000.0,3.0,3.0,2.0,919.0,,
10 Bedroom House,3850000.0,10.0,11.0,2.0,,,
3 Bedroom Apartment,1150000.0,3.0,2.0,2.0,,,
2 Bedroom Apartment,1100000.0,2.0,1.0,,,,
2 Bedroom Apartment,1450000.0,2.0,2.0,1.0,,,
3 Bedroom Townhouse,750000.0,3.0,1.0,2.0,,"30 Eastbury Drive, 30 Eastbury Drive",
3 Bedroom Apartment,1050000.0,3.0,2.0,2.0,,,
2 Bedroom House,2795000.0,2.0,2.0,2.0,332.0,Unit 20,
4 Bedroom House,5995000.0,4.0,3.0,4.0,858.0,,
4 Bedroom House,2400000.0,4.0,2.0,1.0,1017.0,,
3 Bedroom House,1995000.0,3.0,2.0,2.0,567.0,,
3 Bedroom House,1995000.0,3.0,2.0,2.0,567.0,,
10 Bedroom House,12000000.0,10.0,10.0,22.0,19656.0,,
2 Bedroom Apartment,780000.0,2.0,1.0,1.0,,,
1 Bedroom Apartment,580000.0,1.0,1.0,1.0,,,
3 Bedroom Townhouse,1675000.0,3.0,2.0,3.0,,"4 Ss Southlands Mews, 18 South Road",
2 Bedroom Apartment,891000.0,2.0,2.0,2.0,,,
5 Bedroom House,10995000.0,5.0,6.0,6.0,1250.0,,
4 Bedroom Apartment,5950000.0,4.0,3.0,2.0,,,
4 Bedroom House,550000.0,4.0,2.0,8.0,245.0,,
5 Bedroom House,1650000.0,5.0,3.0,6.0,1068.0,,
3 Bedroom House,1390000.0,3.0,2.0,,1000.0,19 Paddock Drive,
3 Bedroom House,895000.0,3.0,2.0,4.0,,,
3 Bedroom Apartment,1425000.0,3.0,2.0,2.0,,,
1 Bedroom Apartment,750000.0,1.0,1.0,1.0,1007.0,,
2 Bedroom Apartment,895000.0,2.0,1.0,,73.0,,
2 Bedroom Apartment,2195000.0,2.0,2.0,2.0,,,
0.5 Bedroom Apartment,385000.0,5.0,1.0,,,,
2 Bedroom Townhouse,1480000.0,2.0,2.0,2.0,,,
5 Bedroom House,2860000.0,5.0,4.0,2.0,2169.0,,
2 Bedroom Apartment,895000.0,2.0,1.0,,73.0,,
3 Bedroom House,820000.0,3.0,2.0,,2254.0,,
3 Bedroom House,650000.0,3.0,1.0,,,,
3 Bedroom House,4350000.0,3.0,3.0,2.0,658.0,,
2 Bedroom Apartment,450000.0,2.0,1.0,2.0,,,
3 Bedroom Townhouse,925000.0,3.0,1.0,3.0,,,
3 Bedroom Apartment,1250000.0,3.0,2.0,,,,
3 Bedroom House,3670000.0,3.0,3.0,2.0,,,
3 Bedroom House,2600000.0,3.0,2.0,2.0,465.0,,
2 Bedroom Townhouse,795000.0,2.0,1.0,1.0,,,
4 Bedroom House,1350000.0,4.0,2.0,2.0,1161.0,,
2 Bedroom Apartment,1375000.0,2.0,1.0,2.0,,,
1 Bedroom Apartment,490000.0,1.0,1.0,1.0,,,
3 Bedroom House,1000000.0,3.0,15.0,2.0,438.0,,
3 Bedroom Apartment,2350000.0,3.0,2.0,1.0,,,
8 Bedroom House,2500000.0,8.0,5.0,1.0,5166.0,,
4 Bedroom House,16895000.0,4.0,5.0,7.0,1271.0,,
2 Bedroom Apartment,3100000.0,2.0,2.0,2.0,,,
3 Bedroom Apartment,2100000.0,3.0,2.0,3.0,,,
3 Bedroom House,1840000.0,3.0,2.0,10.0,530.0,,
4 Bedroom House,2300000.0,4.0,3.0,10.0,1511.0,,
7 Bedroom House,2930000.0,7.0,5.0,5.0,2340.0,,
1.5 Bedroom Apartment,795000.0,15.0,1.0,1.0,,,
9 Bedroom House,3490000.0,9.0,7.0,8.0,4488.0,,
4 Bedroom House,12000000.0,4.0,3.0,4.0,2161.0,31 Effingham Parade,
4 Bedroom House,1885000.0,4.0,2.0,4.0,2023.0,,
5 Bedroom House,1400000.0,5.0,3.0,3.0,2030.0,,
4 Bedroom House,2500000.0,4.0,2.0,4.0,2160.0,,
3 Bedroom Apartment,1580000.0,3.0,2.0,4.0,,,
4 Bedroom House,710000.0,4.0,1.0,2.0,1331.0,,
3 Bedroom Apartment,1580000.0,3.0,2.0,4.0,,,
4 Bedroom House,2200000.0,4.0,2.0,2.0,428.0,,
3 Bedroom House,1845000.0,3.0,25.0,2.0,1293.0,,
3 Bedroom Apartment,1930000.0,3.0,2.0,1.0,,,
3 Bedroom House,6000000.0,3.0,4.0,4.0,,,
4 Bedroom House,2500000.0,4.0,3.0,3.0,1350.0,,
2 Bedroom Townhouse,830000.0,2.0,1.0,2.0,12314.0,,
4 Bedroom House,2050000.0,4.0,2.0,6.0,1548.0,,
4 Bedroom House,1850000.0,4.0,4.0,2.0,1012.0,,
2 Bedroom Townhouse,739000.0,2.0,15.0,2.0,2.0,,
2 Bedroom Apartment,3950000.0,2.0,2.0,1.0,72500.0,,
3 Bedroom House,850000.0,3.0,1.0,,650.0,,
5 Bedroom House,3500000.0,5.0,4.0,4.0,2499.0,,
3 Bedroom Apartment,2750000.0,3.0,2.0,1.0,,"6 Ss Bensiesta, 57 Lagoon Drive",
House,660000.0,,,,1300.0,,
3 Bedroom House,2250000.0,3.0,2.0,4.0,2041.0,,
3 Bedroom Townhouse,2115000.0,3.0,2.0,2.0,,17 Westbrook Forest Lodge,
2 Bedroom Apartment,1150000.0,2.0,1.0,1.0,,,
4 Bedroom House,6499000.0,4.0,2.0,9.0,1468.0,,
5 Bedroom House,6795000.0,5.0,4.0,5.0,1240.0,,
4 Bedroom House,3250000.0,4.0,25.0,2.0,1465.0,,
4 Bedroom House,580000.0,4.0,2.0,1.0,331.0,,
3 Bedroom Townhouse,1499000.0,3.0,2.0,4.0,,23 Clark Road,
3 Bedroom Apartment,7900000.0,3.0,35.0,2.0,16064.0,,
3 Bedroom Townhouse,695000.0,3.0,15.0,1.0,,"1 Inchanga Park Country Village., 1971 Old Main Road",
2 Bedroom Townhouse,830000.0,2.0,1.0,2.0,12314.0,,
3 Bedroom Apartment,2850000.0,3.0,2.0,2.0,,,
4 Bedroom House,3995000.0,4.0,2.0,6.0,4040.0,,
3 Bedroom House,1295000.0,3.0,2.0,2.0,1515.0,,
6 Bedroom House,1795000.0,6.0,3.0,1.0,1426.0,,
4 Bedroom House,1800000.0,4.0,2.0,4.0,1268.0,,
3 Bedroom House,1750000.0,3.0,1.0,,929.0,,
4 Bedroom House,4300000.0,4.0,3.0,3.0,1513.0,,
2 Bedroom Apartment,1495000.0,2.0,2.0,1.0,,,
1 Bedroom House,525000.0,1.0,1.0,,54.0,,
3 Bedroom House,795000.0,3.0,2.0,8.0,325.0,,
23 Bedroom House,8000000.0,23.0,15.0,7.0,23.0,,
3 Bedroom Apartment,799000.0,3.0,1.0,1.0,,,
3 Bedroom Apartment,1300000.0,3.0,2.0,1.0,,,
5 Bedroom House,1999000.0,5.0,3.0,2.0,1150.0,,
2 Bedroom Apartment,1400000.0,2.0,2.0,1.0,,,
5 Bedroom House,1550000.0,5.0,3.0,10.0,119.0,,
2 Bedroom House,650000.0,2.0,1.0,2.0,,,
3 Bedroom House,6950000.0,3.0,3.0,4.0,,"7 Oceans On Main, 4 Main Road, 7 Oceans On Main",
4 Bedroom House,3500000.0,4.0,3.0,3.0,892.0,,
2 Bedroom Townhouse,902000.0,2.0,2.0,1.0,89896.0,,
5 Bedroom House,1550000.0,5.0,3.0,10.0,119.0,,
4 Bedroom House,2200000.0,4.0,4.0,1.0,5901.0,,
4 Bedroom House,760000.0,4.0,2.0,3.0,312.0,,
3 Bedroom Townhouse,1530000.0,3.0,1.0,,4047.0,,
4 Bedroom House,3175000.0,4.0,3.0,4.0,938.0,,
2 Bedroom House,630000.0,2.0,1.0,1.0,,,
3 Bedroom House,990000.0,3.0,2.0,,387.0,,
5 Bedroom Townhouse,1925000.0,5.0,3.0,3.0,5170.0,,
2 Bedroom Apartment,2150000.0,2.0,2.0,2.0,,,
3 Bedroom House,1750000.0,3.0,3.0,4.0,,,
3 Bedroom Apartment,2135000.0,3.0,2.0,2.0,,,
3 Bedroom Apartment,1650000.0,3.0,2.0,1.0,,,
3 Bedroom Apartment,2280000.0,3.0,2.0,2.0,,,
2 Bedroom Apartment,1250000.0,2.0,2.0,1.0,,,
3 Bedroom Apartment,1399000.0,3.0,2.0,1.0,,,
5 Bedroom House,1800000.0,5.0,3.0,9.0,1444.0,,
3 Bedroom Townhouse,1530000.0,3.0,1.0,,4047.0,,
1 Bedroom House,2545000.0,1.0,1.0,2.0,135600.0,,
5 Bedroom House,2950000.0,5.0,5.0,1.0,1606.0,,
5 Bedroom House,1390000.0,5.0,3.0,2.0,1721.0,,
3 Bedroom House,720000.0,3.0,1.0,4.0,155.0,,
2 Bedroom Apartment,860000.0,2.0,1.0,,65.0,,
4 Bedroom House,2450000.0,4.0,4.0,2.0,1720.0,,
3 Bedroom Townhouse,1745000.0,3.0,15.0,2.0,2948.0,,
3 Bedroom House,1790000.0,3.0,2.0,2.0,432.0,,
Apartment,1350000.0,,,,,,
4 Bedroom House,2995000.0,4.0,35.0,2.0,1180.0,,
3 Bedroom House,1790000.0,3.0,2.0,2.0,432.0,,
5 Bedroom House,6700000.0,5.0,3.0,3.0,1468.0,,
2 Bedroom Apartment,1095000.0,2.0,1.0,1.0,,,
6 Bedroom House,1795000.0,6.0,5.0,3.0,2390.0,,
3 Bedroom Apartment,850000.0,3.0,2.0,1.0,,,
2 Bedroom Townhouse,1050000.0,2.0,2.0,2.0,,,
3 Bedroom Apartment,5800000.0,3.0,2.0,2.0,,,
2 Bedroom Apartment,1999999.0,2.0,2.0,1.0,,,
4 Bedroom House,2799000.0,4.0,3.0,2.0,996.0,,
2 Bedroom Apartment,1280000.0,2.0,2.0,3.0,,,
6 Bedroom House,995000.0,6.0,2.0,2.0,300.0,,
2 Bedroom Apartment,550000.0,2.0,1.0,1.0,,,
8 Bedroom House,2999000.0,8.0,45.0,15.0,4000.0,,
3 Bedroom Townhouse,3725000.0,3.0,3.0,3.0,,26 The Vineyards,
2 Bedroom Apartment,1200000.0,2.0,2.0,1.0,,,
2 Bedroom Apartment,720000.0,2.0,1.0,1.0,,,
2 Bedroom Apartment,770000.0,2.0,1.0,1.0,,,
4 Bedroom House,2400000.0,4.0,2.0,6.0,2215.0,,
2 Bedroom Apartment,995000.0,2.0,2.0,1.0,,"4 Pescara, 10 Pearce Lane",
3 Bedroom Apartment,1086000.0,3.0,2.0,2.0,,,
2 Bedroom Apartment,790000.0,2.0,2.0,1.0,,,
5 Bedroom House,5700000.0,5.0,4.0,4.0,,77 Kenneth Kaunda Road,
3 Bedroom House,1850000.0,3.0,45.0,2.0,,247 Evans Road,
4 Bedroom Townhouse,4600000.0,4.0,2.0,1.0,,Unit 3 Rawdons Mews Rawdons Estate,
3 Bedroom Townhouse,1390000.0,3.0,2.0,2.0,12588.0,,
3 Bedroom House,950000.0,3.0,3.0,5.0,285.0,,
2 Bedroom Townhouse,1299000.0,2.0,1.0,2.0,76.0,,
3 Bedroom Townhouse,7350000.0,3.0,4.0,3.0,6675.0,"4 The Plantations, 5 Tinderwood Lane",
2 Bedroom Apartment,2100000.0,2.0,1.0,1.0,,,
3 Bedroom House,2200000.0,3.0,2.0,3.0,1012.0,,
4 Bedroom House,2170000.0,4.0,3.0,4.0,1215.0,,
2 Bedroom Townhouse,750000.0,2.0,1.0,1.0,,,
2 Bedroom Townhouse,750000.0,2.0,1.0,1.0,,,
3 Bedroom House,998000.0,3.0,2.0,3.0,1308.0,,
3 Bedroom House,550000.0,3.0,1.0,3.0,,,
4 Bedroom House,5500000.0,4.0,45.0,4.0,1167.0,12 San Karena,
House,1850000.0,,2.0,5.0,,9 Darjeeling Drive,
2 Bedroom Apartment,760000.0,2.0,2.0,2.0,,1a Ramsay Road,
3 Bedroom Townhouse,3850000.0,3.0,2.0,4.0,1388958.0,,
2 Bedroom Apartment,4046612.0,2.0,2.0,2.0,118.0,9 Vuna Close,
4 Bedroom House,1395000.0,4.0,2.0,2.0,,,
3 Bedroom House,1895000.0,3.0,2.0,3.0,4046.0,,
8 Bedroom House,10500000.0,8.0,8.0,8.0,1341.0,,
4 Bedroom House,1450000.0,4.0,2.0,2.0,1200.0,12 Boyd Road,
2 Bedroom Apartment,1125000.0,2.0,1.0,1.0,,,
3 Bedroom Apartment,2695000.0,3.0,2.0,1.0,,,
1 Bedroom Apartment,650000.0,1.0,1.0,1.0,,"3 Grafton Place, 49 Musgrave Road",
5 Bedroom House,5750000.0,5.0,5.0,3.0,609.0,,
2 Bedroom Townhouse,650000.0,2.0,1.0,2.0,26592.0,,
4 Bedroom House,755000.0,4.0,2.0,1.0,338.0,,
4 Bedroom House,4190000.0,4.0,3.0,4.0,1491.0,,
2 Bedroom Townhouse,885000.0,2.0,2.0,2.0,26754.0,,
2 Bedroom Apartment,650000.0,2.0,1.0,3.0,,,
4 Bedroom House,7900000.0,4.0,4.0,4.0,1490.0,,
8 Bedroom House,10500000.0,8.0,8.0,8.0,1341.0,,
4 Bedroom House,1695000.0,4.0,4.0,3.0,451.0,,
8 Bedroom House,4500000.0,8.0,7.0,6.0,1920.0,232 Craib Street,
4 Bedroom House,9500000.0,4.0,4.0,4.0,1012.0,,
1 Bedroom Apartment,699000.0,1.0,1.0,1.0,,,
4 Bedroom House,2500000.0,4.0,2.0,2.0,1160.0,,
3 Bedroom House,3950000.0,3.0,2.0,6.0,3098.0,,
3 Bedroom House,970000.0,3.0,3.0,2.0,600.0,,
4 Bedroom House,2390000.0,4.0,2.0,3.0,1128.0,,
4 Bedroom House,1595000.0,4.0,2.0,2.0,325.0,,
2 Bedroom Apartment,1695000.0,2.0,2.0,1.0,,,
3 Bedroom House,1150000.0,3.0,2.0,1.0,,,
3 Bedroom House,1150000.0,3.0,2.0,1.0,304.0,,
4 Bedroom House,2750000.0,4.0,2.0,4.0,1554.0,,
5 Bedroom House,5820000.0,5.0,5.0,6.0,,,
2 Bedroom Townhouse,750000.0,2.0,2.0,1.0,2.0,,
3 Bedroom House,850000.0,3.0,2.0,3.0,300.0,,
2 Bedroom Apartment,990000.0,2.0,1.0,1.0,,,
2 Bedroom Apartment,990000.0,2.0,1.0,1.0,,,
4 Bedroom House,2760000.0,4.0,2.0,2.0,1269.0,,
4 Bedroom House,1699000.0,4.0,3.0,6.0,929.0,,
3 Bedroom Townhouse,3995000.0,3.0,25.0,3.0,,"5 Essenwood Palms, 391 Stephen Dlamini Road",
4 Bedroom House,1495000.0,4.0,3.0,6.0,1100.0,,
3 Bedroom Apartment,985000.0,3.0,2.0,2.0,,,
4 Bedroom House,32000000.0,4.0,3.0,4.0,1216.0,P228 Sheffield Beach Road,
3 Bedroom House,4300000.0,3.0,25.0,2.0,1206.0,42 Sheffield Drive,
2 Bedroom Apartment,3199000.0,2.0,25.0,2.0,,,
1 Bedroom Apartment,1050000.0,1.0,1.0,1.0,,,
3 Bedroom Apartment,1150000.0,3.0,2.0,1.0,,,
1 Bedroom Apartment,700000.0,1.0,1.0,1.0,,,
3 Bedroom Apartment,1150000.0,3.0,2.0,1.0,,,
4 Bedroom House,2500000.0,4.0,2.0,9.0,1800.0,,
9 Bedroom House,7450000.0,9.0,4.0,8.0,952.0,,
3 Bedroom Townhouse,1099000.0,3.0,1.0,1.0,37887.0,10 Kingsley Terrace,
4 Bedroom House,1195000.0,4.0,2.0,5.0,1073.0,,
3 Bedroom Townhouse,2900000.0,3.0,35.0,5.0,4778.0,,
3 Bedroom Townhouse,1275000.0,3.0,2.0,2.0,12588.0,,
3 Bedroom Townhouse,1025000.0,3.0,15.0,2.0,1041.0,208 Brighton Road,
Apartment,930000.0,,,,,Unit 19 The Moneypot Estate 71 Fyfe Road,
2 Bedroom Apartment,995000.0,2.0,1.0,1.0,,,
3 Bedroom Townhouse,2050000.0,3.0,2.0,2.0,,,
2 Bedroom Apartment,1200000.0,2.0,1.0,2.0,,,
3 Bedroom House,2280000.0,3.0,2.0,3.0,1189.0,,
2 Bedroom Apartment,10820000.0,2.0,25.0,2.0,1885.0,,
7 Bedroom Townhouse,3600000.0,7.0,5.0,5.0,,"Five Four Eight Windermere Road, 548 Lilian Ngoyi Road",
3 Bedroom Apartment,850000.0,3.0,2.0,1.0,,,
3 Bedroom Townhouse,1275000.0,3.0,2.0,2.0,12588.0,,
3 Bedroom House,1900000.0,3.0,2.0,3.0,,,
4 Bedroom House,1750000.0,4.0,2.0,2.0,1536.0,,
2 Bedroom Apartment,1450000.0,2.0,1.0,1.0,,"419 The Breakers Resort, 88 Lagoon",
2 Bedroom Apartment,1400000.0,2.0,1.0,1.0,,,
2 Bedroom Apartment,495000.0,2.0,1.0,1.0,,,
3 Bedroom Townhouse,1650000.0,3.0,2.0,2.0,19275.0,,
3 Bedroom House,800000.0,3.0,1.0,4.0,333.0,,
4 Bedroom House,5750000.0,4.0,3.0,4.0,873.0,,
4 Bedroom House,4500000.0,4.0,3.0,6.0,754.0,,
3 Bedroom Apartment,1950000.0,3.0,25.0,,2044.0,,
4 Bedroom House,4150000.0,4.0,3.0,3.0,612.0,,
3 Bedroom House,2050000.0,3.0,25.0,4.0,3192.0,,
2 Bedroom Apartment,725000.0,2.0,1.0,,,,
3 Bedroom Townhouse,750000.0,3.0,2.0,2.0,2223.0,,
1 Bedroom Apartment,450000.0,1.0,1.0,1.0,60.0,12 Kings Lane,
3 Bedroom Apartment,5320000.0,3.0,3.0,2.0,,,
2 Bedroom Townhouse,250000.0,2.0,1.0,3.0,,,
3 Bedroom Townhouse,850000.0,3.0,1.0,1.0,,,
3 Bedroom Townhouse,750000.0,3.0,2.0,2.0,2223.0,,
3 Bedroom Townhouse,1950000.0,3.0,2.0,2.0,6495.0,,
2 Bedroom Apartment,2995000.0,2.0,2.0,,,,
2 Bedroom Townhouse,700000.0,2.0,1.0,1.0,28646.0,,
3 Bedroom Townhouse,1410000.0,3.0,3.0,1.0,4065.0,,
4 Bedroom Townhouse,5900000.0,4.0,45.0,2.0,,,
7 Bedroom House,1895000.0,7.0,2.0,5.0,440.0,,
4 Bedroom House,1650000.0,4.0,2.0,18.0,930.0,,
3 Bedroom House,999000.0,3.0,1.0,3.0,363.0,,
5 Bedroom House,1375000.0,5.0,3.0,5.0,403.0,,
1 Bedroom Apartment,250000.0,1.0,1.0,,,,
3 Bedroom Apartment,5500000.0,3.0,25.0,1.0,,,
2 Bedroom Townhouse,1250000.0,2.0,1.0,2.0,2529.0,,
4 Bedroom Apartment,4200000.0,4.0,25.0,4.0,,,
2.5 Bedroom Apartment,1595000.0,25.0,1.0,,,,
2.5 Bedroom Apartment,790000.0,25.0,15.0,1.0,,,
4 Bedroom House,1770000.0,4.0,3.0,2.0,1458.0,,
2 Bedroom Apartment,650000.0,2.0,1.0,1.0,,,
2.5 Bedroom Apartment,790000.0,25.0,15.0,1.0,,,
2 Bedroom Apartment,850000.0,2.0,2.0,1.0,,,
2 Bedroom House,6500000.0,2.0,2.0,2.0,43.0,,
3 Bedroom Townhouse,750000.0,3.0,2.0,1.0,260538.0,,
3 Bedroom Apartment,3950000.0,3.0,2.0,1.0,,,
3 Bedroom House,1250000.0,3.0,25.0,5.0,1562.0,,
4 Bedroom House,1650000.0,4.0,3.0,4.0,1600.0,,
3 Bedroom Townhouse,2100000.0,3.0,2.0,2.0,,"1 Berkeley Gardens Three, 1 Moyeni Road",
3 Bedroom Townhouse,3200000.0,3.0,2.0,4.0,,,
3 Bedroom Townhouse,1275000.0,3.0,2.0,1.0,,,
3 Bedroom Townhouse,3200000.0,3.0,2.0,4.0,,,
3 Bedroom Apartment,1075000.0,3.0,2.0,2.0,,,
2 Bedroom Apartment,2500000.0,2.0,2.0,2.0,,,
1.5 Bedroom Apartment,580000.0,15.0,1.0,1.0,,,
2 Bedroom Townhouse,690000.0,2.0,1.0,1.0,15239.0,,
1 Bedroom Apartment,860000.0,1.0,1.0,1.0,,,
3 Bedroom Apartment,4450000.0,3.0,2.0,2.0,,,
3 Bedroom House,1375000.0,3.0,2.0,,612.0,,
3 Bedroom House,2095000.0,3.0,2.0,5.0,1887.0,,
3 Bedroom Apartment,1595000.0,3.0,2.0,4.0,,,
3 Bedroom Townhouse,1495000.0,3.0,25.0,2.0,4039.0,,
3 Bedroom House,720000.0,3.0,1.0,3.0,500.0,40 Oosthuysen Dr,
4 Bedroom House,4995000.0,4.0,35.0,10.0,1278.0,,
6 Bedroom House,2700000.0,6.0,6.0,5.0,1103.0,,
2 Bedroom House,875000.0,2.0,3.0,2.0,151.0,,
3 Bedroom House,850000.0,3.0,2.0,5.0,935.0,,
4 Bedroom Townhouse,5700000.0,4.0,35.0,4.0,17268.0,,
2 Bedroom Apartment,2150000.0,2.0,2.0,1.0,,,
2 Bedroom Apartment,860000.0,2.0,15.0,2.0,,,
3 Bedroom House,2949999.0,3.0,25.0,3.0,,,
1 Bedroom Apartment,1395000.0,1.0,1.0,1.0,,,
2 Bedroom Apartment,1395000.0,2.0,2.0,1.0,,,
2 Bedroom Apartment,3425000.0,2.0,1.0,1.0,2025.0,167 Snell Parade,
3 Bedroom Townhouse,1543000.0,3.0,25.0,3.0,300.0,,
3 Bedroom Townhouse,950000.0,3.0,2.0,2.0,4051.0,,
4 Bedroom House,3600000.0,4.0,3.0,3.0,134.0,,
4 Bedroom House,14000000.0,4.0,4.0,11.0,,,
2 Bedroom Apartment,700000.0,2.0,15.0,1.0,,,
7 Bedroom House,5000000.0,7.0,5.0,4.0,2022.0,,
3 Bedroom House,1195000.0,3.0,2.0,4.0,586.0,,
3 Bedroom Apartment,1550000.0,3.0,2.0,2.0,,1 Konrad Drive,
6 Bedroom House,1589000.0,6.0,3.0,1.0,270.0,,
3 Bedroom House,880000.0,3.0,2.0,3.0,434.0,,
4 Bedroom Apartment,19575000.0,4.0,4.0,4.0,,"902 The Skye Ridgeside, 1 Ncondo Place",
3 Bedroom House,2500000.0,3.0,2.0,2.0,693.0,,
4 Bedroom Apartment,19575000.0,4.0,4.0,4.0,,"902 The Skye Ridgeside, 1 Ncondo Place",
2 Bedroom Apartment,600000.0,2.0,15.0,2.0,,,
2.5 Bedroom Apartment,1365000.0,25.0,1.0,,,,
3 Bedroom Apartment,5950000.0,3.0,35.0,2.0,,"5 Altura, 550 Zimbali Lakes",
3 Bedroom House,4995000.0,3.0,25.0,4.0,674.0,,
2 Bedroom Apartment,2085000.0,2.0,2.0,2.0,,"5 Parkway, Umhlanga",
4 Bedroom House,795000.0,4.0,2.0,4.0,313.0,,
1 Bedroom Apartment,1135000.0,1.0,1.0,2.0,,"23 Ss Sea De La Vie, 182 South Beach Road",
5 Bedroom House,850000.0,5.0,1.0,2.0,220.0,,
7 Bedroom House,2665000.0,7.0,4.0,12.0,1007.0,36 Marine Drive,
3 Bedroom Townhouse,2999999.0,3.0,2.0,2.0,,,
4 Bedroom House,2150000.0,4.0,3.0,3.0,1736.0,1158 Glenmarkie Drive,
3 Bedroom House,890000.0,3.0,15.0,1.0,254.0,,
2 Bedroom Apartment,1300000.0,2.0,2.0,1.0,,,
4 Bedroom House,2550000.0,4.0,25.0,10.0,1008.0,,
3 Bedroom House,1740000.0,3.0,2.0,6.0,1308.0,,
3 Bedroom House,4795000.0,3.0,2.0,5.0,2151.0,3 Marlborough Crescent,
2 Bedroom Townhouse,770000.0,2.0,2.0,1.0,233.0,,
7 Bedroom House,2200000.0,7.0,1.0,10.0,699.0,,
7 Bedroom House,2665000.0,7.0,4.0,12.0,1007.0,36 Marine Drive,
2 Bedroom Apartment,855000.0,2.0,2.0,2.0,,2 Riviera Crescent,
4 Bedroom House,1200000.0,4.0,2.0,3.0,936.0,,
2 Bedroom House,2500000.0,2.0,2.0,1.0,200.0,"338 San Lameer, R61 Lower South Coast Road, San Lameer,",
2 Bedroom Apartment,6495000.0,2.0,2.0,1.0,,,
5 Bedroom House,9100000.0,5.0,4.0,2.0,500.0,163 Yellowwood Drive,
4 Bedroom House,2200000.0,4.0,3.0,3.0,,,
3 Bedroom House,850000.0,3.0,2.0,2.0,480.0,,
2 Bedroom Apartment,1739950.0,2.0,2.0,1.0,,,
1.5 Bedroom Apartment,560000.0,15.0,1.0,1.0,,,
2 Bedroom House,790000.0,2.0,1.0,4.0,358.0,,
3 Bedroom Townhouse,2225000.0,3.0,2.0,2.0,,"6 Ss Village Green, 1 Sugarfarm Trail",
3 Bedroom Apartment,950000.0,3.0,2.0,3.0,,"33 Fascadale Heights, 2042 Fascadale Road",
5 Bedroom House,4000000.0,5.0,3.0,4.0,1117.0,,
3 Bedroom House,1200000.0,3.0,2.0,6.0,463.0,,
11 Bedroom House,3500000.0,11.0,6.0,4.0,905.0,,
5 Bedroom House,4000000.0,5.0,3.0,4.0,1117.0,,
2 Bedroom Apartment,1380000.0,2.0,2.0,1.0,,,
1 Bedroom Apartment,630000.0,1.0,1.0,1.0,,,
3 Bedroom House,829000.0,3.0,2.0,7.0,425.0,,
3 Bedroom Apartment,1450000.0,3.0,2.0,1.0,,127 Marine Drive,
3 Bedroom Townhouse,3000000.0,3.0,2.0,3.0,810.0,,
4 Bedroom House,2990000.0,4.0,25.0,2.0,1500.0,,
3 Bedroom House,895000.0,3.0,1.0,1.0,464.0,,
3 Bedroom Townhouse,780000.0,3.0,2.0,3.0,363.0,,
2 Bedroom Apartment,2195000.0,2.0,2.0,2.0,,,
2 Bedroom Apartment,970000.0,2.0,2.0,2.0,,,
2 Bedroom Apartment,985000.0,2.0,2.0,1.0,,,
2 Bedroom Apartment,985000.0,2.0,2.0,1.0,,,
2 Bedroom Apartment,985000.0,2.0,15.0,1.0,,,
2 Bedroom Apartment,650000.0,2.0,2.0,,,,
2 Bedroom Apartment,1400000.0,2.0,1.0,1.0,,,
3 Bedroom Townhouse,1300000.0,3.0,2.0,1.0,4047.0,,
3 Bedroom Apartment,1495000.0,3.0,2.0,1.0,,,
4 Bedroom Townhouse,1200000.0,4.0,3.0,3.0,7347.0,,
3 Bedroom Apartment,3990000.0,3.0,2.0,2.0,,,
1 Bedroom Apartment,450000.0,1.0,1.0,,,,
3 Bedroom House,2995000.0,3.0,2.0,4.0,869.0,,
4 Bedroom House,1999000.0,4.0,25.0,5.0,660.0,,
4 Bedroom House,890000.0,4.0,2.0,4.0,1900.0,,
3 Bedroom Townhouse,1500000.0,3.0,3.0,2.0,6080.0,,
2 Bedroom Apartment,715000.0,2.0,1.0,1.0,,,
3 Bedroom House,1700000.0,3.0,2.0,2.0,1200.0,,
3 Bedroom Townhouse,950000.0,3.0,2.0,1.0,,,
2 Bedroom Apartment,570000.0,2.0,1.0,1.0,,,
3 Bedroom Apartment,3600000.0,3.0,2.0,2.0,,,
3 Bedroom Apartment,975000.0,3.0,2.0,2.0,,,
2 Bedroom Apartment,635000.0,2.0,1.0,1.0,,,
2 Bedroom Apartment,2250000.0,2.0,1.0,6.0,,,
3 Bedroom Apartment,875000.0,3.0,1.0,1.0,,,
House,3300000.0,,1.0,3.0,439.0,,
3 Bedroom House,695000.0,3.0,1.0,1.0,1012.0,,
2 Bedroom Apartment,1595000.0,2.0,1.0,2.0,,,
3 Bedroom Apartment,1250000.0,3.0,25.0,2.0,,,
5 Bedroom House,3600000.0,5.0,4.0,4.0,1035.0,,
3 Bedroom Apartment,4499000.0,3.0,2.0,2.0,,,
3 Bedroom Apartment,3199000.0,3.0,2.0,,,,
2 Bedroom Apartment,750000.0,2.0,2.0,1.0,,,
3 Bedroom Apartment,1150000.0,3.0,2.0,1.0,,,
3 Bedroom House,1600000.0,3.0,2.0,2.0,195307.0,,
5 Bedroom House,5950000.0,5.0,4.0,5.0,555.0,,
2 Bedroom Apartment,2250000.0,2.0,1.0,6.0,,,
5 Bedroom House,2650000.0,5.0,4.0,4.0,1033.0,,
1 Bedroom Apartment,450000.0,1.0,1.0,,,,
3 Bedroom House,1395000.0,3.0,2.0,5.0,1412.0,,
5 Bedroom House,4850000.0,5.0,2.0,6.0,75.0,,
3 Bedroom Townhouse,2999000.0,3.0,2.0,2.0,,,
18 Bedroom House,3600000.0,18.0,11.0,12.0,4156.0,,
2 Bedroom Apartment,690000.0,2.0,1.0,1.0,,,
3 Bedroom House,1200000.0,3.0,3.0,3.0,216.0,,
0.5 Bedroom Apartment,345000.0,5.0,1.0,,,,
4 Bedroom House,2900000.0,4.0,2.0,8.0,1300.0,,
3 Bedroom House,1100000.0,3.0,2.0,1.0,933.0,,
1.5 Bedroom Apartment,775000.0,15.0,1.0,1.0,,613 Peter Mokaba Ridge,
3 Bedroom House,3790000.0,3.0,3.0,4.0,2820.0,18 Rodney Drive,
2 Bedroom Townhouse,750000.0,2.0,2.0,2.0,10218.0,,
2 Bedroom Apartment,475000.0,2.0,1.0,,,5 Samora Machel Street,
8 Bedroom House,8500000.0,8.0,6.0,6.0,2119.0,,
4 Bedroom Townhouse,5500000.0,4.0,3.0,2.0,17268.0,,
1 Bedroom Apartment,675000.0,1.0,1.0,1.0,,,
2 Bedroom House,1079900.0,2.0,2.0,1.0,209.0,,
2 Bedroom House,1079900.0,2.0,2.0,1.0,209.0,,
1 Bedroom House,360000.0,1.0,1.0,1.0,,75 Gladys Mazibuko Road,
2 Bedroom Apartment,900000.0,2.0,1.0,1.0,2061.0,,
2 Bedroom Apartment,440000.0,2.0,15.0,2.0,,,
3 Bedroom Apartment,1290000.0,3.0,2.0,2.0,,,
3 Bedroom Apartment,3760000.0,3.0,2.0,2.0,,"Unit 1 Long Island, 70 Ocean Drive",
3 Bedroom House,850000.0,3.0,1.0,,1342.0,1760 Captain Davis Street,
2 Bedroom Apartment,449000.0,2.0,1.0,1.0,,"Ss Marina Glen Holiday Resort, 17 Mars Road",
2 Bedroom Apartment,1495000.0,2.0,2.0,2.0,,,
3 Bedroom Townhouse,2900000.0,3.0,35.0,5.0,5783.0,,
3 Bedroom Apartment,6999000.0,3.0,35.0,4.0,,"2 Shayamoya, 39 Forestwood Drive",
2 Bedroom House,1100000.0,2.0,2.0,4.0,,,
3 Bedroom Apartment,3500000.0,3.0,2.0,2.0,,"1 The Edge, 219 Sea View Drive",
4 Bedroom Apartment,1975000.0,4.0,2.0,2.0,,1 Fairway Road,
4 Bedroom House,595000.0,4.0,2.0,2.0,12141.0,37 Indira Road,
2 Bedroom Apartment,490000.0,2.0,1.0,1.0,,53 Marine Drive,
3 Bedroom Apartment,4500000.0,3.0,2.0,2.0,,"18 Ss Setai, 1c Forestwood Drive, Unit 18 Setai",
3 Bedroom Apartment,2490000.0,3.0,2.0,1.0,,"4 Wavecrest Views, 35 Wavecrest Road",
1 Bedroom Apartment,3500000.0,1.0,1.0,1.0,,6 Lagoon,
4 Bedroom Apartment,1090000.0,4.0,3.0,1.0,,,
4 Bedroom House,1100000.0,4.0,2.0,4.0,529.0,,
3 Bedroom Apartment,2490000.0,3.0,2.0,1.0,,"4 Wavecrest Views, 35 Wavecrest Road",
4 Bedroom House,2670000.0,4.0,1.0,2.0,1016.0,13 Andreasen Street,
2 Bedroom Apartment,950000.0,2.0,1.0,1.0,,,
2 Bedroom Apartment,3200000.0,2.0,2.0,2.0,,"35 Ss Forest View, 35 Elaleni Street",
3 Bedroom Apartment,795000.0,3.0,15.0,,,,
3 Bedroom Apartment,1350000.0,3.0,2.0,3.0,,,
6 Bedroom House,3650000.0,6.0,4.0,5.0,1247.0,602 Stella Road,
7 Bedroom House,3500000.0,7.0,6.0,8.0,2001.0,,
1.5 Bedroom Apartment,610000.0,15.0,1.0,1.0,,,
2 Bedroom Apartment,850000.0,2.0,2.0,2.0,,,
0.5 Bedroom Apartment,2250000.0,5.0,1.0,2.0,,,
5 Bedroom House,1500000.0,5.0,35.0,3.0,1972.0,,
5 Bedroom House,1595000.0,5.0,4.0,,1355.0,,
5 Bedroom House,1299999.0,5.0,3.0,6.0,742.0,,
5 Bedroom House,7800000.0,5.0,6.0,13.0,3561.0,,
5 Bedroom House,1700000.0,5.0,35.0,2.0,1902.0,,
Apartment,20500000.0,,,12.0,,,
2 Bedroom Apartment,1195000.0,2.0,1.0,1.0,,,
3 Bedroom House,1195000.0,3.0,3.0,2.0,313.0,7 Nkanyezi Avenue,
2 Bedroom Apartment,2400000.0,2.0,2.0,1.0,77.0,,
4 Bedroom Townhouse,2595000.0,4.0,3.0,6.0,23135.0,,
2 Bedroom Apartment,850000.0,2.0,2.0,2.0,,,
4 Bedroom House,895000.0,4.0,3.0,1.0,135.0,,
3 Bedroom House,3950000.0,3.0,3.0,10.0,1200.0,,
6 Bedroom House,,6.0,5.0,,4051.0,,
2 Bedroom Apartment,620000.0,2.0,1.0,1.0,,,
2 Bedroom Apartment,3300000.0,2.0,2.0,2.0,,,
3 Bedroom House,1250000.0,3.0,2.0,1.0,,,
3 Bedroom House,675000.0,3.0,1.0,,513.0,,
7 Bedroom House,2900000.0,7.0,3.0,8.0,1610.0,,
2.5 Bedroom Apartment,975000.0,25.0,1.0,1.0,,,
2 Bedroom Townhouse,690000.0,2.0,1.0,2.0,40272.0,,
4 Bedroom House,1200000.0,4.0,,1.0,1600.0,,
3 Bedroom Apartment,795000.0,3.0,2.0,1.0,,30 Athlone Drive,
2 Bedroom Apartment,1895000.0,2.0,1.0,1.0,,,
3 Bedroom House,1089999.0,3.0,25.0,3.0,243.0,,
4 Bedroom House,2195000.0,4.0,25.0,8.0,615.0,,
3 Bedroom Apartment,2490000.0,3.0,3.0,2.0,,,
3 Bedroom Townhouse,2100000.0,3.0,2.0,1.0,,,
4 Bedroom Apartment,1845000.0,4.0,2.0,2.0,,,
2 Bedroom Apartment,890000.0,2.0,1.0,1.0,,,
3 Bedroom Apartment,2490000.0,3.0,3.0,2.0,,,
2 Bedroom Apartment,2400000.0,2.0,2.0,2.0,,,
3 Bedroom Townhouse,8190000.0,3.0,35.0,2.0,29225.0,,
Apartment,910000.0,,1.0,1.0,,,
Apartment,1250000.0,,,,3250.0,24 Beach Road,
4 Bedroom House,8500000.0,4.0,4.0,8.0,1122.0,,
3 Bedroom House,2900000.0,3.0,3.0,4.0,759.0,,
1 Bedroom Apartment,850000.0,1.0,1.0,,,,
5 Bedroom House,11500000.0,5.0,5.0,9.0,1264.0,,
4 Bedroom House,800000.0,4.0,3.0,4.0,,,
4 Bedroom House,1250000.0,4.0,3.0,5.0,1026.0,,
4 Bedroom House,1350000.0,4.0,3.0,2.0,920.0,,
5 Bedroom House,3980000.0,5.0,4.0,6.0,661.0,,
2 Bedroom Apartment,750000.0,2.0,1.0,2.0,,,
3 Bedroom Townhouse,6800000.0,3.0,3.0,4.0,,12 Serrano,
3 Bedroom Apartment,4195000.0,3.0,3.0,2.0,,,
3 Bedroom Apartment,595000.0,3.0,2.0,1.0,,,
4 Bedroom Townhouse,1100000.0,4.0,3.0,2.0,7347.0,,
2 Bedroom Apartment,905000.0,2.0,15.0,1.0,,,
3 Bedroom Apartment,8950000.0,3.0,35.0,2.0,,,
1.5 Bedroom Apartment,820000.0,15.0,15.0,1.0,,"5 Ss Banchory, 39 Currie Road",
3 Bedroom House,1495000.0,3.0,2.0,1.0,479.0,,
4 Bedroom Apartment,4295000.0,4.0,25.0,2.0,,72 Ilala,
4 Bedroom House,2400000.0,4.0,2.0,3.0,4198.0,26 Old Pont Road,
3 Bedroom Townhouse,900000.0,3.0,2.0,1.0,,,
2 Bedroom Apartment,750000.0,2.0,1.0,2.0,,,
5 Bedroom House,4850000.0,5.0,4.0,4.0,,"109 Ss Salta Estate 2, 33 Eagle Drive",
2 Bedroom House,895000.0,2.0,15.0,2.0,248.0,,
4 Bedroom Townhouse,6900000.0,4.0,35.0,2.0,13.0,19 Luxe,
3 Bedroom House,4950000.0,3.0,2.0,2.0,,,
2 Bedroom Apartment,1900000.0,2.0,2.0,1.0,,,
4 Bedroom Townhouse,3750000.0,4.0,3.0,4.0,,,
3 Bedroom House,1999999.0,3.0,3.0,3.0,1000.0,,
3 Bedroom Townhouse,950000.0,3.0,1.0,3.0,,,
3 Bedroom Townhouse,1015000.0,3.0,2.0,2.0,131.0,,
4 Bedroom House,5700000.0,4.0,3.0,5.0,4000.0,,
3 Bedroom House,3800000.0,3.0,3.0,4.0,,,
3 Bedroom House,1150000.0,3.0,2.0,2.0,1179.0,,
3 Bedroom Apartment,2800000.0,3.0,3.0,5.0,10758.0,,
3 Bedroom Townhouse,1800000.0,3.0,2.0,3.0,,,
4 Bedroom House,1595000.0,4.0,2.0,3.0,789.0,,
4 Bedroom House,2100000.0,4.0,2.0,4.0,1034.0,,
3 Bedroom Townhouse,950000.0,3.0,1.0,3.0,,,
3 Bedroom Townhouse,1560000.0,3.0,2.0,2.0,,,
4 Bedroom House,940000.0,4.0,2.0,1.0,1901.0,,
2 Bedroom Apartment,630000.0,2.0,1.0,,,,
3 Bedroom House,850000.0,3.0,1.0,1.0,,,
3 Bedroom House,1250000.0,3.0,1.0,1.0,2400.0,,
7 Bedroom House,2299000.0,7.0,4.0,22.0,1202.0,,
1 Bedroom Apartment,325000.0,1.0,1.0,,,,
3 Bedroom Townhouse,1199000.0,3.0,2.0,5.0,,,
4 Bedroom Apartment,2400000.0,4.0,2.0,3.0,,,
7 Bedroom House,1295000.0,7.0,5.0,,462.0,,
3 Bedroom House,1195000.0,3.0,2.0,6.0,378.0,,
3 Bedroom Townhouse,1350000.0,3.0,1.0,,8442.0,,
3 Bedroom Apartment,5300000.0,3.0,2.0,3.0,,,
3 Bedroom Apartment,3200000.0,3.0,2.0,1.0,,,
4 Bedroom House,1250000.0,4.0,2.0,3.0,1388.0,,
3 Bedroom Apartment,895000.0,3.0,2.0,2.0,,,
2 Bedroom Apartment,1995000.0,2.0,2.0,1.0,,,
3 Bedroom Apartment,4650000.0,3.0,3.0,2.0,,,
3 Bedroom House,650000.0,3.0,1.0,3.0,450.0,,
3 Bedroom Apartment,1350000.0,3.0,2.0,2.0,,3 Craigside Place,
4 Bedroom House,899000.0,4.0,3.0,4.0,,,
3 Bedroom Apartment,4486000.0,3.0,2.0,2.0,,,
2 Bedroom Apartment,1945000.0,2.0,2.0,2.0,,,
4 Bedroom House,1050000.0,4.0,2.0,1.0,,,
3 Bedroom Apartment,5300000.0,3.0,2.0,3.0,,,
2 Bedroom Apartment,760000.0,2.0,1.0,1.0,,,
2 Bedroom House,1520000.0,2.0,2.0,4.0,1256.0,136 Ulu Drive,
3 Bedroom House,1750000.0,3.0,2.0,2.0,973.0,,
4 Bedroom House,1650000.0,4.0,3.0,9.0,717.0,,
4 Bedroom House,,4.0,3.0,5.0,,,
2 Bedroom Apartment,2000000.0,2.0,2.0,1.0,,,
2 Bedroom House,750000.0,2.0,1.0,4.0,260.0,,
9 Bedroom House,7000000.0,9.0,8.0,5.0,75000.0,,
1 Bedroom Apartment,475000.0,1.0,1.0,2.0,,,
3 Bedroom House,950000.0,3.0,1.0,,424.0,,
1 Bedroom Apartment,575000.0,1.0,1.0,1.0,,,
3 Bedroom Apartment,2000000.0,3.0,2.0,1.0,,,
2 Bedroom Apartment,600000.0,2.0,1.0,2.0,,,
1 Bedroom Apartment,620000.0,1.0,1.0,,,73 Dr Yusuf Dadoo Street,
3 Bedroom Apartment,1299000.0,3.0,2.0,1.0,,70 Colin Street,
5 Bedroom House,2800000.0,5.0,4.0,9.0,1676.0,,
3 Bedroom House,495000.0,3.0,1.0,1.0,900.0,,
3 Bedroom House,950000.0,3.0,1.0,,424.0,,
3 Bedroom House,850000.0,3.0,1.0,4.0,1180.0,,
3 Bedroom House,650000.0,3.0,1.0,,260.0,,
2 Bedroom Apartment,980000.0,2.0,1.0,1.0,,,
3 Bedroom House,11900000.0,3.0,35.0,3.0,,,
2 Bedroom Apartment,650000.0,2.0,1.0,,,,
2 Bedroom Apartment,1699000.0,2.0,1.0,1.0,,,
2 Bedroom Apartment,1350000.0,2.0,25.0,1.0,,,
4 Bedroom House,7995000.0,4.0,5.0,15.0,1001.0,647 Musgrave Road,
2 Bedroom Apartment,1350000.0,2.0,1.0,1.0,,,
3 Bedroom House,1000000.0,3.0,2.0,1.0,800.0,,
1 Bedroom Apartment,575000.0,1.0,1.0,1.0,,,
3 Bedroom Townhouse,1850000.0,3.0,2.0,2.0,,"9 Ss Canterbury, 12 Ilchester Avenue",
4 Bedroom House,8995000.0,4.0,45.0,2.0,1629.0,5 Bush Willow Close,
1 Bedroom House,730000.0,1.0,1.0,,21.0,,
2.5 Bedroom Apartment,1150000.0,25.0,2.0,1.0,,,
3 Bedroom House,1550000.0,3.0,1.0,2.0,1125.0,,
4 Bedroom House,1980000.0,4.0,3.0,3.0,1210.0,,
3 Bedroom House,1999000.0,3.0,2.0,6.0,,,
4 Bedroom House,1250000.0,4.0,2.0,3.0,925.0,,
3 Bedroom Apartment,4095000.0,3.0,2.0,2.0,,12 Sameja,
3 Bedroom Apartment,4095000.0,3.0,2.0,2.0,,12 Sameja,
2 Bedroom Apartment,1250000.0,2.0,1.0,2.0,,"7 Ss Morningview, 30 Bridge View",
2 Bedroom Apartment,690000.0,2.0,1.0,1.0,,,
2.5 Bedroom Apartment,1200000.0,25.0,2.0,2.0,,129 Loon Road,
3 Bedroom House,1395000.0,3.0,1.0,,,,
3 Bedroom House,1700000.0,3.0,2.0,3.0,1394.0,,
3 Bedroom Apartment,950000.0,3.0,2.0,1.0,,"24 Margate Rondevoux, 4 Panorama Parade",
5 Bedroom House,3600000.0,5.0,3.0,11.0,1530.0,,
3 Bedroom Townhouse,850000.0,3.0,1.0,2.0,,,
2 Bedroom House,1195000.0,2.0,1.0,1.0,,,
3 Bedroom Apartment,465000.0,3.0,25.0,4.0,,,
2 Bedroom Apartment,1580000.0,2.0,2.0,1.0,,31 Zenith Drive,
3 Bedroom House,1675000.0,3.0,2.0,4.0,1805.0,19a Dennis Circle,
3 Bedroom House,4024000.0,3.0,2.0,2.0,12000.0,,
1 Bedroom Apartment,620000.0,1.0,1.0,,,,
3 Bedroom Apartment,465000.0,3.0,25.0,4.0,,,
2 Bedroom Apartment,700000.0,2.0,1.0,1.0,,,
4 Bedroom House,1595000.0,4.0,2.0,6.0,1015.0,,
4 Bedroom House,1720000.0,4.0,2.0,2.0,980.0,,
3 Bedroom Townhouse,799000.0,3.0,2.0,2.0,64097.0,,
3 Bedroom House,865000.0,3.0,1.0,5.0,316.0,,
3 Bedroom House,1875000.0,3.0,2.0,11.0,975.0,,
3.5 Bedroom House,2150000.0,35.0,2.0,11.0,2116.0,,
3 Bedroom House,790000.0,3.0,2.0,7.0,1006.0,,
2 Bedroom Townhouse,1140000.0,2.0,1.0,2.0,,,
2 Bedroom Apartment,990000.0,2.0,1.0,2.0,,"5 Ss Esselmont Mews, 120 Esselmont Avenue",
2 Bedroom House,995000.0,2.0,2.0,5.0,436.0,,
3 Bedroom Townhouse,,3.0,2.0,2.0,115.0,,
3 Bedroom Apartment,1890000.0,3.0,2.0,2.0,,,
5 Bedroom House,6995000.0,5.0,6.0,7.0,1262.0,26 Addison Drive,
1 Bedroom Apartment,345000.0,1.0,1.0,1.0,,"510 Westhaven, 63 Pietermaritz Str",
2 Bedroom Apartment,1050000.0,2.0,2.0,1.0,,,
2 Bedroom Apartment,780000.0,2.0,2.0,,,,
3 Bedroom House,1900000.0,3.0,2.0,7.0,1255.0,,
4 Bedroom House,1790000.0,4.0,2.0,2.0,360.0,,
1 Bedroom Apartment,900000.0,1.0,1.0,1.0,,,
3 Bedroom Apartment,2030000.0,3.0,2.0,1.0,,,
1 Bedroom Townhouse,1200000.0,1.0,1.0,1.0,94000.0,"Unit 312 Greenhaven Estate, 109 Padfield Rd",
14 Bedroom Townhouse,6500000.0,14.0,11.0,10.0,1052.0,481 Marine Dr,
4 Bedroom House,1570000.0,4.0,3.0,4.0,946.0,,
3 Bedroom Apartment,1250000.0,3.0,2.0,1.0,,,
3 Bedroom Apartment,1100000.0,3.0,2.0,2.0,,,
3 Bedroom House,580000.0,3.0,1.0,3.0,785.0,,
2 Bedroom Apartment,880000.0,2.0,1.0,1.0,74.0,,
5 Bedroom House,6995000.0,5.0,6.0,7.0,1262.0,26 Addison Drive,
2 Bedroom Apartment,890000.0,2.0,1.0,,,,
2 Bedroom Townhouse,700000.0,2.0,1.0,2.0,,,
3 Bedroom Apartment,950000.0,3.0,2.0,2.0,,"5 Ss Riverlets, 1351 Shore Drive",
3 Bedroom Townhouse,4395000.0,3.0,3.0,4.0,,"1 A Edgecliff Views, 2a Edgecliff Drive",
4 Bedroom House,5395000.0,4.0,4.0,8.0,781.0,14 Cochrane Place,
3.5 Bedroom Apartment,865000.0,35.0,1.0,,,,
2 Bedroom Apartment,645000.0,2.0,2.0,1.0,,6 Grove Road,
24 Bedroom House,7500000.0,24.0,,,8551.0,,
4 Bedroom House,5240000.0,4.0,4.0,4.0,127241.0,,
1 Bedroom Apartment,725000.0,1.0,2.0,1.0,,,
9 Bedroom House,2500000.0,9.0,5.0,4.0,1156.0,,
1 Bedroom House,430000.0,1.0,1.0,2.0,262.0,,
3 Bedroom House,1190000.0,3.0,2.0,5.0,,,
1 Bedroom Apartment,785000.0,1.0,1.0,1.0,,,
5 Bedroom House,1550000.0,5.0,3.0,9.0,1129.0,,
3 Bedroom House,1999000.0,3.0,2.0,1.0,,,
3 Bedroom Apartment,660000.0,3.0,2.0,2.0,,,
1.5 Bedroom Apartment,695000.0,15.0,1.0,2.0,,,
3 Bedroom House,849000.0,3.0,1.0,1.0,180.0,,
2 Bedroom Apartment,849000.0,2.0,1.0,2.0,,,
3 Bedroom Townhouse,985000.0,3.0,2.0,4.0,,,
4 Bedroom House,5240000.0,4.0,4.0,4.0,127241.0,,
6 Bedroom House,3500000.0,6.0,6.0,3.0,1172.0,,
2 Bedroom House,925000.0,2.0,2.0,2.0,1015.0,,
12 Bedroom House,4500000.0,12.0,10.0,6.0,12319.0,,
2 Bedroom House,695000.0,2.0,1.0,15.0,414.0,,
2 Bedroom House,2650000.0,2.0,1.0,4.0,1082.0,45 Buchanan Street,
2 Bedroom Apartment,650000.0,2.0,1.0,1.0,,,
2 Bedroom Apartment,750000.0,2.0,1.0,1.0,1505.0,,
3 Bedroom House,1149000.0,3.0,25.0,5.0,354.0,,
2 Bedroom Townhouse,800000.0,2.0,1.0,2.0,,94 Spencer Road,
3 Bedroom Townhouse,980000.0,3.0,2.0,2.0,4094.0,"4 Ss Seaverge Town Houses, 3 Owen Ellis Drive",
6 Bedroom House,3200000.0,6.0,45.0,7.0,440.0,23 Musgrave Avenue,
3 Bedroom Townhouse,5995000.0,3.0,2.0,4.0,,"6 Santoza Village, 1 Dolphin Ridge Drive",
3 Bedroom Apartment,2800000.0,3.0,2.0,2.0,,,
2 Bedroom Apartment,3495000.0,2.0,2.0,2.0,,"8 Highline Zululami Luxury Apartments, 1 Mvula Lane , Unit 8 Highline",
2 Bedroom Apartment,2395000.0,2.0,2.0,1.0,,,
3 Bedroom House,549000.0,3.0,1.0,,,,
3 Bedroom House,4750000.0,3.0,2.0,2.0,475.0,57 Zululami Boulevard,
2 Bedroom Apartment,750000.0,2.0,1.0,1.0,1505.0,,
5 Bedroom House,1095000.0,5.0,4.0,2.0,418.0,,
2 Bedroom Apartment,2950000.0,2.0,2.0,2.0,,"7 Ss Ilanga Park, 3 Imbenge Close",
13 Bedroom House,2700000.0,13.0,7.0,14.0,465.0,,
4 Bedroom House,6995000.0,4.0,3.0,11.0,1402.0,,
7 Bedroom House,2250000.0,7.0,4.0,12.0,2908.0,29 Tugela Mouth Road,
5 Bedroom House,1850000.0,5.0,2.0,2.0,1388.0,,
3 Bedroom Apartment,1699000.0,3.0,2.0,3.0,,,
1 Bedroom Apartment,785000.0,1.0,1.0,1.0,,,
4 Bedroom House,2495000.0,4.0,3.0,6.0,1468.0,,
4 Bedroom Townhouse,6599000.0,4.0,3.0,6.0,,,
3 Bedroom Townhouse,4795000.0,3.0,3.0,6.0,,,
4 Bedroom House,4450000.0,4.0,4.0,8.0,1000.0,"1b Kirtlington Park, 56 Inanda Road",
3 Bedroom House,1500000.0,3.0,2.0,2.0,1188.0,429 Sutton Street,
2 Bedroom Townhouse,729000.0,2.0,1.0,6.0,,,
3 Bedroom Apartment,520000.0,3.0,1.0,,,,
3 Bedroom Townhouse,3950000.0,3.0,2.0,2.0,,,
4 Bedroom House,2000000.0,4.0,2.0,6.0,1868.0,,
2 Bedroom Townhouse,3500000.0,2.0,2.0,2.0,,,
6 Bedroom House,10950000.0,6.0,6.0,6.0,1165.0,18 Brittlewood Drive,
3 Bedroom Townhouse,4795000.0,3.0,3.0,6.0,,,
2 Bedroom Townhouse,2500000.0,2.0,2.0,2.0,76444.0,"154 Ss Somerset Valley Estate, 24 Frome Street",
3 Bedroom House,995000.0,3.0,2.0,3.0,35539.0,,
4 Bedroom House,8800000.0,4.0,45.0,4.0,1011.0,,
2 Bedroom Townhouse,2000000.0,2.0,2.0,3.0,,,
3 Bedroom Townhouse,2390000.0,3.0,25.0,1.0,,,
2 Bedroom Apartment,1630000.0,2.0,2.0,2.0,,,
2 Bedroom House,740000.0,2.0,2.0,1.0,1985574.0,,
3 Bedroom House,1450000.0,3.0,2.0,9.0,764.0,,
2 Bedroom Townhouse,850000.0,2.0,2.0,,7093.0,,
2 Bedroom Apartment,4500000.0,2.0,2.0,1.0,,,
3 Bedroom Townhouse,1695000.0,3.0,2.0,5.0,,,
2 Bedroom Apartment,1350000.0,2.0,2.0,2.0,,,
3 Bedroom House,1375000.0,3.0,3.0,3.0,266.0,,
5 Bedroom House,1495000.0,5.0,5.0,8.0,281.0,,
3 Bedroom Apartment,7200000.0,3.0,3.0,2.0,,,
2 Bedroom Apartment,949000.0,2.0,1.0,2.0,,,
3 Bedroom Apartment,1065000.0,3.0,2.0,2.0,,,
1 Bedroom Apartment,950000.0,1.0,1.0,1.0,,,
2 Bedroom Apartment,3595000.0,2.0,2.0,2.0,,,
5 Bedroom House,11995000.0,5.0,5.0,3.0,1248.0,,
3 Bedroom Townhouse,4350000.0,3.0,25.0,3.0,,"3 Sentinel Hill, 3 Sentinel Hill",
4 Bedroom House,8500000.0,4.0,45.0,5.0,2055.0,,
3 Bedroom Apartment,9500000.0,3.0,3.0,2.0,,,
2 Bedroom Apartment,3995000.0,2.0,2.0,4.0,,1 The Seaton Collection,
5 Bedroom Townhouse,2400000.0,5.0,2.0,5.0,2887.0,,
12 Bedroom House,3300000.0,12.0,10.0,10.0,45300.0,246 Old Pont Road,
9 Bedroom House,18000000.0,9.0,95.0,3.0,1343.0,,
3 Bedroom Apartment,780000.0,3.0,2.0,1.0,,,
3 Bedroom Apartment,9500000.0,3.0,3.0,2.0,,,
5 Bedroom House,5490000.0,5.0,3.0,8.0,,,
6 Bedroom House,2600000.0,6.0,3.0,5.0,439.0,,
3 Bedroom House,850000.0,3.0,2.0,,457.0,,
3 Bedroom Townhouse,795000.0,3.0,2.0,1.0,64097.0,,
5 Bedroom House,6900000.0,5.0,55.0,2.0,577.0,,
1 Bedroom House,3195000.0,1.0,,,960.0,,
2 Bedroom Apartment,695000.0,2.0,2.0,3.0,,,
5 Bedroom House,8500000.0,5.0,5.0,4.0,,,
4 Bedroom House,900000.0,4.0,3.0,2.0,977.0,,
4 Bedroom House,1845000.0,4.0,2.0,3.0,1051.0,,
Apartment,300000.0,,1.0,,,,
House,620000.0,,,,,,
1 Bedroom Apartment,734990.0,1.0,1.0,1.0,,"16 Wonynge, 423 Stephen Dlamini",
1 Bedroom Townhouse,1895000.0,1.0,1.0,1.0,,,
6 Bedroom House,3999999.0,6.0,5.0,1.0,,,
5 Bedroom House,900000.0,5.0,35.0,3.0,1200.0,,
6 Bedroom House,3999999.0,6.0,5.0,1.0,,,
6 Bedroom House,5900000.0,6.0,6.0,3.0,1074.0,,
2 Bedroom Apartment,650000.0,2.0,2.0,,,,
1 Bedroom Apartment,700000.0,1.0,1.0,1.0,,,
1 Bedroom Apartment,515000.0,1.0,1.0,2.0,,,
2 Bedroom Apartment,695000.0,2.0,1.0,1.0,,,
3 Bedroom Apartment,720000.0,3.0,1.0,2.0,,,
2 Bedroom Apartment,740000.0,2.0,1.0,1.0,,,
2 Bedroom Apartment,650000.0,2.0,1.0,1.0,,,
2 Bedroom Apartment,740000.0,2.0,1.0,1.0,,,
3 Bedroom Apartment,880000.0,3.0,2.0,1.0,,,
2 Bedroom Apartment,2400000.0,2.0,1.0,2.0,,,
2 Bedroom Apartment,2800000.0,2.0,2.0,2.0,,,
3 Bedroom Apartment,3900000.0,3.0,3.0,2.0,,,
2.5 Bedroom Townhouse,2820000.0,25.0,2.0,2.0,144.0,,
3 Bedroom Townhouse,5500000.0,3.0,3.0,,,,
4 Bedroom House,1599000.0,4.0,2.0,7.0,500.0,,
2 Bedroom Apartment,780000.0,2.0,1.0,1.0,,,
3 Bedroom House,2400000.0,3.0,2.0,4.0,21629.0,,
2 Bedroom Apartment,620000.0,2.0,2.0,1.0,,,
2 Bedroom House,425000.0,2.0,1.0,1.0,498.0,,
3 Bedroom Townhouse,3895000.0,3.0,25.0,2.0,450.0,,
2 Bedroom Apartment,680000.0,2.0,1.0,1.0,,,
4 Bedroom House,650000.0,4.0,2.0,1.0,325.0,,
6 Bedroom House,1400000.0,6.0,2.0,8.0,982.0,,
3 Bedroom Apartment,1495000.0,3.0,2.0,1.0,,,
5 Bedroom House,2380000.0,5.0,2.0,7.0,743.0,20 Tudor Place,
4 Bedroom House,2199000.0,4.0,25.0,10.0,1986.0,,
2 Bedroom Apartment,1595000.0,2.0,2.0,2.0,,1571 San Tafe Street,
2 Bedroom Apartment,799000.0,2.0,2.0,1.0,,7 West Road,
3 Bedroom House,1900000.0,3.0,2.0,5.0,900.0,,
5 Bedroom House,1750000.0,5.0,3.0,4.0,1419.0,,
3 Bedroom Townhouse,1289000.0,3.0,2.0,3.0,384.0,12 Bishops Crest,
3 Bedroom House,2750000.0,3.0,2.0,2.0,,,
4 Bedroom House,11500000.0,4.0,45.0,6.0,1333.0,4 Pambathi Lane,
4 Bedroom House,2995000.0,4.0,45.0,4.0,1027.0,,
3 Bedroom Apartment,1495000.0,3.0,2.0,2.0,,"3 Bedroom First Floor Apartment, 57 Cordwalles Road",
3 Bedroom House,1695000.0,3.0,2.0,5.0,821.0,76 Jesmond Grove,
2 Bedroom Apartment,1040000.0,2.0,1.0,,,,
3 Bedroom House,2750000.0,3.0,2.0,2.0,,,
4 Bedroom House,600000.0,4.0,2.0,7.0,1022.0,,
2 Bedroom House,1095000.0,2.0,25.0,4.0,1000.0,"121 Capuchin Way, Pumula",
2 Bedroom Apartment,860000.0,2.0,1.0,1.0,,33 Beach Road,
4 Bedroom House,2095000.0,4.0,25.0,6.0,566.0,,
51 Bedroom House,,51.0,,,438.0,"64 Alan Paton Road, Bulwer, Durban, 4001",
4 Bedroom House,1750000.0,4.0,4.0,12.0,,,
1.5 Bedroom Apartment,1999000.0,15.0,15.0,1.0,,,
3 Bedroom Townhouse,3000000.0,3.0,2.0,1.0,22096.0,". Aura, 29 Aura",
3 Bedroom Apartment,2495000.0,3.0,2.0,3.0,,,
4 Bedroom House,2199000.0,4.0,3.0,,902.0,,
2 Bedroom House,2550000.0,2.0,2.0,3.0,5566.0,,
3 Bedroom House,1595000.0,3.0,2.0,10.0,1043.0,,
10 Bedroom House,6500000.0,10.0,7.0,7.0,1134.0,21 Ashton Road,
3 Bedroom House,850000.0,3.0,1.0,5.0,347.0,,
3 Bedroom House,1295000.0,3.0,1.0,,922.0,,
3 Bedroom House,2150000.0,3.0,2.0,5.0,975.0,,
3 Bedroom House,970000.0,3.0,2.0,3.0,300.0,,
2.5 Bedroom Apartment,875000.0,25.0,1.0,2.0,,,
3 Bedroom House,1595000.0,3.0,2.0,10.0,1043.0,,
3 Bedroom Apartment,1690000.0,3.0,2.0,2.0,,,
4 Bedroom Townhouse,4300000.0,4.0,4.0,3.0,1505.0,"2 Mahogany Drive, 190 Old Main Road",
4 Bedroom Apartment,1600000.0,4.0,2.0,2.0,,15 O.r. Tambo Parade,
2 Bedroom Apartment,845000.0,2.0,1.0,2.0,,,
3 Bedroom Apartment,1700000.0,3.0,2.0,1.0,,,
3 Bedroom House,2195000.0,3.0,25.0,6.0,823.0,,
1 Bedroom Apartment,1150000.0,1.0,1.0,1.0,,,
1 Bedroom Apartment,850000.0,1.0,1.0,1.0,,"113 Ss Garden Grove, 211 St Thomas Road",
5 Bedroom House,1499999.0,5.0,2.0,2.0,2181.0,,
2 Bedroom Apartment,2400000.0,2.0,2.0,2.0,,"Pebble Beach, 2 Heleza Boulevard",
1 Bedroom Apartment,495000.0,1.0,2.0,1.0,,"91 Fusion Lofts, 34 Ryde Avenue",
3 Bedroom Apartment,2900000.0,3.0,2.0,2.0,,251 Peter Mokaba Ridge,
3 Bedroom House,1950000.0,3.0,2.0,2.0,850.0,,
4 Bedroom House,13250000.0,4.0,4.0,13.0,1575.0,,
4 Bedroom House,1600000.0,4.0,2.0,2.0,,,
3 Bedroom House,1300000.0,3.0,2.0,1.0,1250.0,,
6 Bedroom House,3300000.0,6.0,6.0,8.0,659.0,10 Craftwood Place,
1 Bedroom Apartment,455000.0,1.0,1.0,1.0,45.0,"16 Ovron Court, 121 Crompton Street",
3 Bedroom House,850000.0,3.0,1.0,2.0,300.0,,
3 Bedroom Townhouse,699000.0,3.0,2.0,2.0,4040.0,"8 Duocunda, 353 Owen Ellis Drive",
3 Bedroom Apartment,1399000.0,3.0,2.0,2.0,,,
2 Bedroom Townhouse,850000.0,2.0,2.0,2.0,1620000.0,,
4 Bedroom House,2600000.0,4.0,4.0,6.0,1073.0,37 Churchill,
4 Bedroom House,2495000.0,4.0,3.0,2.0,,,
3 Bedroom Apartment,11500000.0,3.0,3.0,4.0,,,
3 Bedroom Apartment,5880000.0,3.0,3.0,3.0,,"504 Pebble Beach, 1 Heleza Boulevard",
4 Bedroom House,3290000.0,4.0,2.0,3.0,514.0,"West Hills Estate, 11 Waterfall Circle",
4 Bedroom House,900000.0,4.0,1.0,3.0,516.0,81 Mayors,
4 Bedroom House,500000.0,4.0,25.0,4.0,2905.0,,
3 Bedroom House,850000.0,3.0,1.0,2.0,300.0,,
7 Bedroom House,1500000.0,7.0,6.0,8.0,967.0,,
2 Bedroom Apartment,2900000.0,2.0,2.0,,,,
3 Bedroom Townhouse,1374000.0,3.0,2.0,3.0,300.0,,
4 Bedroom House,850000.0,4.0,2.0,2.0,510.0,,
3 Bedroom House,1365000.0,3.0,3.0,4.0,978.0,,
2 Bedroom Townhouse,1349000.0,2.0,2.0,2.0,105.0,,
3 Bedroom Apartment,1300000.0,3.0,2.0,1.0,,,
3 Bedroom Apartment,1075000.0,3.0,2.0,1.0,,,
3 Bedroom House,2300000.0,3.0,2.0,3.0,6000.0,,
2 Bedroom House,650000.0,2.0,1.0,,323.0,,
2 Bedroom House,650000.0,2.0,1.0,2.0,497.0,,
3 Bedroom Townhouse,2700000.0,3.0,2.0,1.0,228.0,,
2 Bedroom Townhouse,2995000.0,2.0,2.0,2.0,,,
3 Bedroom House,1380000.0,3.0,2.0,3.0,240.0,,
2 Bedroom Apartment,5850000.0,2.0,2.0,2.0,,,
5 Bedroom House,1199000.0,5.0,3.0,5.0,242.0,,
2 Bedroom Apartment,985000.0,2.0,15.0,1.0,,,
4 Bedroom Townhouse,7800000.0,4.0,3.0,4.0,6198.0,,
2 Bedroom Apartment,2900000.0,2.0,2.0,,,,
3 Bedroom House,5950000.0,3.0,3.0,4.0,224.0,,
1.5 Bedroom Apartment,700000.0,15.0,15.0,1.0,,,
1 Bedroom Apartment,1435000.0,1.0,1.0,1.0,,,
10 Bedroom House,7990000.0,10.0,9.0,13.0,1275.0,,
7 Bedroom House,4590000.0,7.0,4.0,12.0,1189.0,,
4 Bedroom House,3295000.0,4.0,2.0,4.0,2023.0,,
3 Bedroom House,795000.0,3.0,2.0,1.0,64097.0,,
2 Bedroom Apartment,1575000.0,2.0,2.0,2.0,,,
2 Bedroom Apartment,920000.0,2.0,2.0,,,,
2 Bedroom Apartment,1075000.0,2.0,1.0,1.0,,,
2 Bedroom Apartment,500000.0,2.0,1.0,2.0,,,
3 Bedroom House,1500000.0,3.0,15.0,3.0,250.0,,
4 Bedroom House,1350000.0,4.0,15.0,4.0,1093.0,,
2 Bedroom Apartment,1000000.0,2.0,1.0,1.0,,,
3 Bedroom Apartment,1950000.0,3.0,2.0,1.0,,,
3 Bedroom House,795000.0,3.0,2.0,1.0,64097.0,,
2 Bedroom Apartment,499000.0,2.0,1.0,2.0,,,
3 Bedroom Apartment,850000.0,3.0,2.0,1.0,,,
1 Bedroom Townhouse,400000.0,1.0,1.0,1.0,259567.0,,
2 Bedroom Apartment,890000.0,2.0,1.0,1.0,,,
1 Bedroom Apartment,1500000.0,1.0,1.0,,,,
3 Bedroom Apartment,1045000.0,3.0,2.0,1.0,,,
3 Bedroom Apartment,825000.0,3.0,15.0,2.0,,,
4 Bedroom House,1595000.0,4.0,2.0,7.0,1016.0,,
3 Bedroom Apartment,3550000.0,3.0,3.0,2.0,,"805 Florida, 258 Florida Road",
11 Bedroom House,6500000.0,11.0,10.0,5.0,28.0,,
5 Bedroom House,995000.0,5.0,2.0,8.0,745.0,,
0.5 Bedroom Apartment,2350000.0,5.0,1.0,1.0,,6 Lagoon Drive,
3 Bedroom Townhouse,4395000.0,3.0,3.0,4.0,,"Type A Edgecliff Views, 2a Edgecliff Drive",
3 Bedroom Apartment,2195000.0,3.0,2.0,4.0,,"11 Ss Summer Sands, 485 Sheffield Cove Road, Unit 11 Summer Sands",
3 Bedroom House,1150000.0,3.0,2.0,1.0,1233.0,,
2 Bedroom Apartment,850000.0,2.0,1.0,1.0,,,
3 Bedroom House,770000.0,3.0,2.0,2.0,1723.0,,
3 Bedroom House,2300000.0,3.0,2.0,4.0,2306.0,,
11 Bedroom House,6500000.0,11.0,10.0,5.0,28.0,,
2 Bedroom Apartment,1050000.0,2.0,2.0,1.0,,,
2 Bedroom Apartment,3950000.0,2.0,2.0,1.0,,,
3 Bedroom House,1300000.0,3.0,3.0,3.0,141.0,,
3 Bedroom Apartment,3500000.0,3.0,2.0,2.0,,,
3 Bedroom Apartment,1195000.0,3.0,2.0,,,,
3.5 Bedroom House,2850000.0,35.0,2.0,5.0,635.0,204 Lena Ahrens Road,
3 Bedroom House,1000000.0,3.0,2.0,5.0,1132.0,,
4 Bedroom House,2250000.0,4.0,2.0,1.0,975.0,,
4 Bedroom House,7750000.0,4.0,35.0,6.0,89682.0,"18 Ss Port Zimbali THE Estate, 18 Weavers Pond, Zimbali Beach Estate",
3 Bedroom Apartment,2985000.0,3.0,2.0,2.0,,,
3 Bedroom Townhouse,1300000.0,3.0,2.0,4.0,15453.0,,
3 Bedroom House,1229000.0,3.0,2.0,4.0,551.0,,
3 Bedroom House,850000.0,3.0,2.0,1.0,,,
2 Bedroom Apartment,1695000.0,2.0,2.0,1.0,,,
2 Bedroom Townhouse,975000.0,2.0,1.0,1.0,,"9 The Money Pot Estate, 71 Fyfe Road",
3 Bedroom Townhouse,1600000.0,3.0,3.0,2.0,6790.0,,
1 Bedroom Apartment,650000.0,1.0,1.0,,,,
5 Bedroom House,3500000.0,5.0,4.0,9.0,931.0,,
3 Bedroom House,1350000.0,3.0,3.0,1.0,,,
1.5 Bedroom Apartment,499000.0,15.0,1.0,,,,
2 Bedroom Apartment,600000.0,2.0,1.0,1.0,,,
2 Bedroom Apartment,1675000.0,2.0,2.0,2.0,,,
2 Bedroom Apartment,600000.0,2.0,15.0,2.0,,,
3 Bedroom House,2500000.0,3.0,35.0,2.0,656.0,,
3 Bedroom House,820000.0,3.0,1.0,3.0,351.0,,
3 Bedroom House,3600000.0,3.0,2.0,3.0,4172.0,D685,
3 Bedroom Apartment,949000.0,3.0,1.0,1.0,,,
2 Bedroom Townhouse,975000.0,2.0,1.0,1.0,,"9 The Money Pot Estate, 71 Fyfe Road",
3 Bedroom Townhouse,2300000.0,3.0,2.0,2.0,35115.0,"39 Mount Edgecombe Manors, 9 Hillhead Drive",
7 Bedroom House,2650000.0,7.0,1.0,2.0,,,
3 Bedroom House,1150000.0,3.0,1.0,4.0,1313.0,,
3 Bedroom House,1192000.0,3.0,2.0,3.0,347.0,,
2 Bedroom House,1420000.0,2.0,2.0,1.0,1260.0,,
2 Bedroom Townhouse,4750000.0,2.0,2.0,1.0,,,
3 Bedroom House,1350000.0,3.0,2.0,,1014.0,,
4 Bedroom House,1930000.0,4.0,4.0,4.0,1208.0,,
5 Bedroom House,19900000.0,5.0,3.0,10.0,3029.0,,
3 Bedroom House,1350000.0,3.0,2.0,,1014.0,,
4 Bedroom Apartment,790000.0,4.0,1.0,1.0,,,
4 Bedroom House,5595000.0,4.0,2.0,12.0,1552.0,,
8 Bedroom House,3500000.0,8.0,3.0,6.0,1051.0,,
3 Bedroom House,1468000.0,3.0,2.0,9.0,1438.0,,
3 Bedroom Apartment,690000.0,3.0,1.0,1.0,,,
1 Bedroom Apartment,495000.0,1.0,1.0,,,,
4 Bedroom House,5750000.0,4.0,35.0,4.0,,,
0.5 Bedroom Apartment,1100000.0,5.0,1.0,1.0,,,
3 Bedroom Apartment,1530000.0,3.0,2.0,2.0,151.0,,
2 Bedroom Apartment,875000.0,2.0,2.0,1.0,,,
2 Bedroom Apartment,1200000.0,2.0,2.0,2.0,,,
3 Bedroom House,2400000.0,3.0,2.0,4.0,617.0,,
3 Bedroom Apartment,670000.0,3.0,1.0,1.0,,,
2 Bedroom Apartment,2250000.0,2.0,2.0,1.0,,,
3 Bedroom Townhouse,1640000.0,3.0,1.0,1.0,22799.0,,
3 Bedroom House,850000.0,3.0,2.0,1.0,291.0,,
4 Bedroom Townhouse,1600000.0,4.0,2.0,,143.0,"3 Ss Arbor Villas, 24 Naboomnek Street",
2 Bedroom Apartment,1465000.0,2.0,1.0,2.0,,,
2 Bedroom House,925000.0,2.0,1.0,1.0,1207.0,,
3 Bedroom House,1600000.0,3.0,1.0,,,,
3 Bedroom Townhouse,2150000.0,3.0,2.0,2.0,123.0,12 Sugarfarm Trail,
2 Bedroom Apartment,1600000.0,2.0,1.0,1.0,110.0,,
2 Bedroom House,600000.0,2.0,1.0,2.0,324.0,116 Jupiter Drive,
4 Bedroom House,4250000.0,4.0,3.0,2.0,593.0,,
3 Bedroom Townhouse,2150000.0,3.0,2.0,2.0,123.0,12 Sugarfarm Trail,
3 Bedroom Apartment,4175000.0,3.0,2.0,2.0,,41 North Beach Road,
3 Bedroom Apartment,2800000.0,3.0,2.0,2.0,,,
11 Bedroom House,2300000.0,11.0,9.0,11.0,762.0,,
2 Bedroom Apartment,780000.0,2.0,1.0,2.0,,,
3 Bedroom Apartment,1830000.0,3.0,2.0,2.0,4401.0,,
3 Bedroom Apartment,1485000.0,3.0,2.0,1.0,,,
2 Bedroom Apartment,1160000.0,2.0,1.0,1.0,,,
3 Bedroom House,885000.0,3.0,2.0,,468.0,,
4 Bedroom Apartment,4300000.0,4.0,5.0,3.0,,"2 Catfish, 19 Ocean Drive",
4 Bedroom House,1550000.0,4.0,3.0,4.0,1115.0,,
2 Bedroom Apartment,2650000.0,2.0,2.0,2.0,,,
2 Bedroom House,890000.0,2.0,1.0,1.0,139.0,,
4 Bedroom House,1500000.0,4.0,45.0,2.0,1138.0,,
6 Bedroom House,5100000.0,6.0,6.0,4.0,3711.0,,
3 Bedroom House,1480000.0,3.0,2.0,2.0,378.0,,
3 Bedroom Apartment,2490000.0,3.0,2.0,2.0,,,
2 Bedroom House,1070000.0,2.0,2.0,2.0,137.0,,
4 Bedroom House,3990000.0,4.0,4.0,7.0,2071.0,,
2 Bedroom Townhouse,1290000.0,2.0,3.0,2.0,1379.0,,
3 Bedroom House,17000000.0,3.0,3.0,36.0,38000.0,,
2 Bedroom Apartment,3250000.0,2.0,2.0,2.0,,,
2 Bedroom Apartment,4000000.0,2.0,2.0,2.0,,,
2 Bedroom Apartment,1381400.0,2.0,1.0,,,,
1 Bedroom Apartment,1595000.0,1.0,1.0,1.0,,,
3 Bedroom Apartment,5320000.0,3.0,3.0,2.0,,,
2 Bedroom Apartment,4000000.0,2.0,2.0,2.0,,,
3 Bedroom Apartment,5722500.0,3.0,3.0,2.0,,,
1 Bedroom Apartment,550000.0,1.0,1.0,,,,
5 Bedroom House,3200000.0,5.0,35.0,6.0,2425.0,,
2 Bedroom Apartment,1375000.0,2.0,1.0,2.0,,,
5 Bedroom House,4190000.0,5.0,3.0,7.0,1749.0,,
3 Bedroom House,1130000.0,3.0,3.0,,910.0,,
2 Bedroom Apartment,875000.0,2.0,1.0,2.0,,18 Panorama Parade,
3 Bedroom House,1450000.0,3.0,2.0,6.0,,,
2 Bedroom Apartment,1295000.0,2.0,2.0,1.0,,,
3 Bedroom Apartment,4200000.0,3.0,3.0,,,,
2 Bedroom Apartment,1795000.0,2.0,2.0,1.0,,82 Summer Lane,
6 Bedroom House,5500000.0,6.0,7.0,3.0,1157.0,,
2 Bedroom Apartment,3750000.0,2.0,2.0,2.0,67341.0,,
2 Bedroom House,775000.0,2.0,1.0,5.0,250.0,,
2 Bedroom House,799000.0,2.0,1.0,,341.0,,
3 Bedroom House,5320000.0,3.0,35.0,9.0,757.0,36 St Andrews Way,
1.5 Bedroom Apartment,595000.0,15.0,15.0,,,"Ss Mangrove Beach Centre, 91 Somtseu Road",
4 Bedroom Apartment,2850000.0,4.0,3.0,3.0,,"101 and 102 300 On Vause, 300 Vause Road",
5 Bedroom House,5375000.0,5.0,,1.0,1160.0,58 Leonora Drive,
2 Bedroom Townhouse,2979000.0,2.0,2.0,1.0,,,
3 Bedroom House,1890000.0,3.0,3.0,2.0,1940.0,,
4 Bedroom Apartment,2850000.0,4.0,3.0,3.0,,"101 and 102 300 On Vause, 300 Vause Road",
3 Bedroom House,2350000.0,3.0,2.0,3.0,654.0,,
4 Bedroom House,5100000.0,4.0,35.0,2.0,1856.0,,
4 Bedroom House,999000.0,4.0,2.0,4.0,1570.0,12 Ponati Road,
4 Bedroom House,3800000.0,4.0,45.0,2.0,700.0,,
4 Bedroom House,3800000.0,4.0,45.0,2.0,700.0,,
4 Bedroom House,870000.0,4.0,2.0,1.0,300.0,,
2 Bedroom Townhouse,595000.0,2.0,1.0,,13736.0,,
2 Bedroom Apartment,850000.0,2.0,1.0,1.0,4202.0,,
3 Bedroom Apartment,3000000.0,3.0,2.0,2.0,,,
1 Bedroom Apartment,395000.0,1.0,1.0,,,,
4 Bedroom Townhouse,4550000.0,4.0,25.0,2.0,,,
3 Bedroom House,1350000.0,3.0,3.0,6.0,669.0,,
1 Bedroom Apartment,680000.0,1.0,1.0,1.0,,,
3 Bedroom Apartment,1150000.0,3.0,2.0,,,,
2 Bedroom Townhouse,2950000.0,2.0,2.0,2.0,,,
3 Bedroom Apartment,1520000.0,3.0,2.0,2.0,,,
House,1650000.0,,,,30.0,2 M4,
5 Bedroom House,3900000.0,5.0,5.0,7.0,3856.0,,
6 Bedroom House,2600000.0,6.0,3.0,11.0,1349.0,,
2 Bedroom Apartment,1100000.0,2.0,1.0,1.0,,,
2 Bedroom Apartment,685000.0,2.0,1.0,,,,
3 Bedroom Apartment,695000.0,3.0,2.0,1.0,,,
2 Bedroom Apartment,715000.0,2.0,1.0,1.0,,,
5 Bedroom House,1955000.0,5.0,35.0,5.0,1002.0,,
5 Bedroom House,980000.0,5.0,2.0,1.0,1218.0,,
5 Bedroom House,13500000.0,5.0,4.0,4.0,1028.0,,
5 Bedroom House,980000.0,5.0,2.0,1.0,1218.0,,
4 Bedroom House,3300000.0,4.0,2.0,6.0,2224.0,,
6 Bedroom House,3495000.0,6.0,6.0,9.0,1214.0,,
1 Bedroom Townhouse,550000.0,1.0,1.0,1.0,,,
3 Bedroom House,1229000.0,3.0,2.0,6.0,511.0,,
3 Bedroom Townhouse,1500000.0,3.0,25.0,3.0,362.0,,
1 Bedroom Apartment,2399000.0,1.0,1.0,1.0,,,
2 Bedroom House,1200000.0,2.0,2.0,2.0,,,
3 Bedroom Townhouse,2655000.0,3.0,2.0,3.0,,"1 Ss Ros Gheal, 11 Ross Gardens",
4 Bedroom House,1495000.0,4.0,2.0,5.0,1220.0,,
4 Bedroom House,1895000.0,4.0,3.0,5.0,,6 Westleigh Avenue,
3 Bedroom Townhouse,960000.0,3.0,2.0,1.0,4146.0,"Ss Falona, 10 Quantock Avenue",
2 Bedroom Apartment,799000.0,2.0,1.0,1.0,,53 Marine Drive,
3 Bedroom Apartment,1470000.0,3.0,2.0,2.0,,,
3 Bedroom Apartment,3500000.0,3.0,2.0,1.0,,,
3 Bedroom Apartment,2700000.0,3.0,2.0,2.0,,"13 Bay Ridge, 53 Dolphin Crescent",
2 Bedroom Townhouse,985000.0,2.0,2.0,2.0,,,
2 Bedroom Apartment,740000.0,2.0,2.0,2.0,,,
3 Bedroom Apartment,12500000.0,3.0,5.0,3.0,,,
2 Bedroom Apartment,1790000.0,2.0,25.0,,,,
1 Bedroom Apartment,2545000.0,1.0,1.0,1.0,,,
2 Bedroom Apartment,3250000.0,2.0,25.0,2.0,,,
2 Bedroom Apartment,820000.0,2.0,1.0,1.0,,,
1 Bedroom Apartment,865000.0,1.0,1.0,,,,
3 Bedroom Townhouse,1490000.0,3.0,15.0,2.0,22377.0,,
3 Bedroom Townhouse,760000.0,3.0,2.0,4.0,49917.0,,
3 Bedroom Apartment,1995000.0,3.0,2.0,2.0,,,
4 Bedroom Townhouse,5000000.0,4.0,4.0,4.0,,,
3 Bedroom House,770000.0,3.0,1.0,,608.0,,
3 Bedroom House,850000.0,3.0,1.0,3.0,,,
2 Bedroom Apartment,730000.0,2.0,1.0,1.0,,,
3 Bedroom House,1995000.0,3.0,2.0,2.0,1542.0,,
4 Bedroom House,4950000.0,4.0,5.0,2.0,1794.0,,
3 Bedroom House,1400000.0,3.0,1.0,2.0,423.0,,
3 Bedroom Apartment,1200000.0,3.0,2.0,1.0,3620.0,,
2 Bedroom Apartment,695000.0,2.0,1.0,,,,
6 Bedroom House,950000.0,6.0,35.0,3.0,,,
3 Bedroom Apartment,2150000.0,3.0,3.0,1.0,,,
3 Bedroom Townhouse,1320000.0,3.0,25.0,2.0,138.0,,
2 Bedroom Apartment,1790000.0,2.0,25.0,,,,
3 Bedroom Apartment,900000.0,3.0,1.0,1.0,,,
3 Bedroom House,1200000.0,3.0,1.0,3.0,431.0,,
2 Bedroom Townhouse,985000.0,2.0,15.0,1.0,1153.0,,
1 Bedroom Apartment,620000.0,1.0,1.0,2.0,,,
2 Bedroom Apartment,1120000.0,2.0,1.0,1.0,,,
3 Bedroom House,3950000.0,3.0,2.0,1.0,,"Elaleni Coastal Forest Estate, 5 The Woods",
2.5 Bedroom Apartment,650000.0,25.0,15.0,1.0,,,
1 Bedroom House,550000.0,1.0,1.0,1.0,232.0,,
1 Bedroom Apartment,795000.0,1.0,1.0,1.0,,,
2 Bedroom Apartment,1890000.0,2.0,2.0,1.0,,,
2 Bedroom Apartment,650000.0,2.0,1.0,1.0,,,
4 Bedroom House,1980000.0,4.0,3.0,2.0,1210.0,,
4 Bedroom House,5495000.0,4.0,3.0,2.0,1181.0,,
3 Bedroom Townhouse,1325000.0,3.0,2.0,2.0,7771.0,,
3 Bedroom Townhouse,1098500.0,3.0,2.0,2.0,,,
3 Bedroom House,2495000.0,3.0,3.0,14.0,804.0,,
3 Bedroom House,2495000.0,3.0,3.0,14.0,804.0,,
4 Bedroom House,2895000.0,4.0,2.0,2.0,431.0,,
2 Bedroom Apartment,1200000.0,2.0,1.0,1.0,,,
2 Bedroom Apartment,1249000.0,2.0,2.0,,,,
5 Bedroom House,5950000.0,5.0,4.0,3.0,556.0,,
4 Bedroom Apartment,2850000.0,4.0,3.0,1.0,,"358 San Lameer, R61 Lower South Coast Road, San Lameer, San Lameer",
3 Bedroom Townhouse,4450000.0,3.0,25.0,4.0,400.0,,
3 Bedroom House,2300000.0,3.0,2.0,4.0,1073.0,17 Ginger Grove,
3 Bedroom Apartment,675000.0,3.0,2.0,,,"113 Derek Hall, 170 Jabu Ndlovu Street",
2 Bedroom Apartment,820000.0,2.0,1.0,1.0,,,
3 Bedroom House,1199000.0,3.0,1.0,6.0,292.0,34 Tallhaven Place,
3 Bedroom Townhouse,1380000.0,3.0,2.0,3.0,4529.0,,
3 Bedroom Apartment,2950000.0,3.0,2.0,2.0,,,
3 Bedroom House,2800000.0,3.0,4.0,4.0,1018.0,,
2 Bedroom Apartment,670000.0,2.0,1.0,1.0,,,
1 Bedroom Apartment,795000.0,1.0,1.0,1.0,,,
2 Bedroom Apartment,2700000.0,2.0,2.0,,,2 Heleza Boulevard,
3 Bedroom Townhouse,995000.0,3.0,2.0,1.0,184559.0,1301 Kepersol Street,
3 Bedroom Townhouse,3700000.0,3.0,3.0,2.0,177366.0,1094 Main Road,
3 Bedroom House,845000.0,3.0,1.0,,910.0,,
3 Bedroom House,950000.0,3.0,1.0,1.0,394.0,,
3 Bedroom Townhouse,1490000.0,3.0,2.0,1.0,1841.0,,
3 Bedroom Apartment,675000.0,3.0,2.0,,,"113 Derek Hall, 170 Jabu Ndlovu Street",
3 Bedroom House,1050000.0,3.0,2.0,3.0,441.0,66 Mars Crescent,
0.5 Bedroom Apartment,1150000.0,5.0,1.0,2.0,,"D17 Ocean Club, 1 Ocean Club Drive, Unit D17 Ocean Club",
3 Bedroom Apartment,1900000.0,3.0,2.0,2.0,,,
2 Bedroom Apartment,1810000.0,2.0,2.0,2.0,,,
3 Bedroom Townhouse,3895000.0,3.0,25.0,2.0,,,
3 Bedroom Townhouse,5000000.0,3.0,2.0,1.0,204.0,,
3 Bedroom House,5500000.0,3.0,4.0,1.0,966.0,,
2 Bedroom Apartment,1595000.0,2.0,1.0,3.0,,,
3 Bedroom Townhouse,700000.0,3.0,2.0,2.0,84.0,,
2 Bedroom Apartment,3495000.0,2.0,2.0,2.0,,,
2 Bedroom Townhouse,760000.0,2.0,2.0,1.0,89896.0,,
3 Bedroom Apartment,995000.0,3.0,25.0,2.0,,,
2 Bedroom Apartment,800000.0,2.0,2.0,1.0,,64 Queen Street,
5 Bedroom House,1600000.0,5.0,25.0,7.0,1167.0,,
3 Bedroom Apartment,1850000.0,3.0,3.0,2.0,,,
2 Bedroom Townhouse,750000.0,2.0,2.0,2.0,32853.0,,
2 Bedroom Townhouse,800000.0,2.0,2.0,2.0,89900.0,,
4 Bedroom Townhouse,3950000.0,4.0,3.0,1.0,8355.0,,
3 Bedroom Apartment,1325000.0,3.0,2.0,1.0,,,
2 Bedroom Apartment,850000.0,2.0,1.0,2.0,,,
1 Bedroom Apartment,550000.0,1.0,1.0,,,,
3 Bedroom Townhouse,3895000.0,3.0,25.0,2.0,,,
3 Bedroom Apartment,1300000.0,3.0,2.0,2.0,,,
3 Bedroom Townhouse,7195000.0,3.0,3.0,2.0,6675.0,,
3 Bedroom House,5450000.0,3.0,2.0,2.0,548.0,,
2 Bedroom Apartment,550000.0,2.0,2.0,1.0,,19 Erasmus Road,
3 Bedroom Townhouse,2695000.0,3.0,25.0,2.0,,"12 Ss Chestnut Grove, 1 Chestnut Grove",
3 Bedroom Townhouse,2689000.0,3.0,2.0,2.0,,"1 Ss Norfolk, 1 Midsomer Crescent",
3 Bedroom Apartment,1195000.0,3.0,25.0,6.0,,,
3 Bedroom House,1150000.0,3.0,1.0,8.0,950.0,,
4 Bedroom House,2950000.0,4.0,4.0,5.0,1194.0,,
3 Bedroom House,850000.0,3.0,1.0,2.0,459.0,,
1 Bedroom Apartment,340000.0,1.0,1.0,1.0,41.0,249 Bur... Ground Floor Pietermaritzburg 3200,
5 Bedroom House,8750000.0,5.0,45.0,2.0,1400.0,,
4 Bedroom House,12000000.0,4.0,45.0,6.0,700.0,843 Sand Dollar,
2 Bedroom House,799000.0,2.0,2.0,1.0,198.0,,
3 Bedroom Apartment,950000.0,3.0,15.0,2.0,,,
2 Bedroom Apartment,550000.0,2.0,2.0,1.0,,19 Erasmus Road,
8 Bedroom House,1990000.0,8.0,4.0,9.0,900.0,,
3 Bedroom House,1480000.0,3.0,2.0,1.0,375.0,,
2 Bedroom Apartment,1195000.0,2.0,1.0,2.0,,"95 Bliss Ballito, . North Point Avenue",
3 Bedroom Townhouse,990000.0,3.0,2.0,4.0,,,
2 Bedroom Apartment,220000.0,2.0,1.0,,24.0,,
4 Bedroom House,3495000.0,4.0,3.0,4.0,444.0,,
2 Bedroom House,1410000.0,2.0,2.0,1.0,145.0,,
1 Bedroom Apartment,1495000.0,1.0,2.0,,,,
3 Bedroom Apartment,3650000.0,3.0,3.0,2.0,,258 Florida Road,
2 Bedroom Apartment,3300000.0,2.0,2.0,2.0,,258 Florida Road,
2 Bedroom Apartment,2850000.0,2.0,2.0,2.0,,258 Florida Road,
4 Bedroom House,1450000.0,4.0,2.0,3.0,,,
1 Bedroom Apartment,950000.0,1.0,1.0,1.0,,"719 Ballito Groves, 1 Lee Barnes Boulevard",
2 Bedroom Apartment,1795000.0,2.0,2.0,1.0,,35 381 Musgrave Road,
3 Bedroom Townhouse,5695000.0,3.0,3.0,2.0,6687.0,,
2 Bedroom Apartment,1850000.0,2.0,2.0,1.0,,3 Rob Roy Crescent,
3 Bedroom Apartment,6500000.0,3.0,25.0,2.0,,"A-E Tahari Coastal Estate, 1 Shakas Rock Road, Unit A-E Tahari Coastal Estate",
4 Bedroom House,5500000.0,4.0,4.0,3.0,1500.0,41 Shad Shoal Street,
3 Bedroom Townhouse,1520000.0,3.0,3.0,2.0,,,
4 Bedroom Apartment,6798514.0,4.0,4.0,4.0,,"2 Bvlgari Residence, Erf 648 Zimbali Lakes Drive, Unit 2 Bvlgari Residence",
6 Bedroom House,3780000.0,6.0,5.0,4.0,1075.0,1058 Fishermans Drive,
7 Bedroom House,3050000.0,7.0,5.0,5.0,1014.0,,
6 Bedroom House,1799000.0,6.0,2.0,1.0,1892.0,2 Palm Road,
3 Bedroom House,1200000.0,3.0,2.0,5.0,954.0,5 Redwood Street,
2 Bedroom Apartment,2500000.0,2.0,2.0,2.0,,"107 181 Degrees, 181 Lambert Road",
4 Bedroom House,1950000.0,4.0,4.0,2.0,929.0,2 Dolphin Crescent,
2 Bedroom Apartment,3300000.0,2.0,2.0,2.0,,258 Florida Road,
2 Bedroom Apartment,1550000.0,2.0,1.0,1.0,,,
3 Bedroom House,665000.0,3.0,2.0,2.0,,,
3 Bedroom House,1020000.0,3.0,1.0,1.0,,,
4 Bedroom House,2200000.0,4.0,2.0,1.0,1800.0,,
4 Bedroom House,3450000.0,4.0,4.0,4.0,3603.0,,
4 Bedroom House,995000.0,4.0,1.0,3.0,936.0,,
1 Bedroom House,595000.0,1.0,1.0,,,,
3 Bedroom House,1900000.0,3.0,2.0,3.0,980.0,,
3 Bedroom House,5900000.0,3.0,2.0,4.0,1159.0,,
3 Bedroom Apartment,865000.0,3.0,15.0,,,186 Margaret Mncadi Avenue,
2 Bedroom Apartment,890000.0,2.0,1.0,1.0,,,
2 Bedroom Apartment,1365000.0,2.0,2.0,1.0,,,
2 Bedroom Apartment,1150000.0,2.0,1.0,1.0,,,
2 Bedroom House,435000.0,2.0,1.0,,,,
3 Bedroom Townhouse,2690000.0,3.0,2.0,2.0,,,
3 Bedroom Townhouse,3190000.0,3.0,3.0,4.0,,,
2 Bedroom Apartment,1160000.0,2.0,2.0,2.0,,,
2 Bedroom House,380000.0,2.0,,,705.0,,
3 Bedroom Townhouse,3000000.0,3.0,35.0,5.0,,,
2 Bedroom Townhouse,749000.0,2.0,2.0,2.0,152.0,,
2 Bedroom Apartment,890000.0,2.0,1.0,1.0,,,
1 Bedroom House,1895000.0,1.0,1.0,1.0,,,
5 Bedroom House,3800000.0,5.0,35.0,2.0,4047.0,,
2 Bedroom Apartment,1095000.0,2.0,2.0,2.0,,"14 Sheffield Hills, 5 Sheffield Beach Road",
2 Bedroom House,1730000.0,2.0,2.0,2.0,4040.0,,
5 Bedroom House,3800000.0,5.0,35.0,2.0,4047.0,,
2 Bedroom Apartment,1250000.0,2.0,2.0,2.0,,,
4 Bedroom House,,4.0,2.0,4.0,904.0,,
18 Bedroom House,5800000.0,18.0,16.0,12.0,8094.0,,
2 Bedroom Apartment,2300000.0,2.0,2.0,2.0,,,
9 Bedroom House,1749000.0,9.0,5.0,4.0,557.0,,
2 Bedroom House,650000.0,2.0,15.0,4.0,200.0,,
3 Bedroom Townhouse,1049000.0,3.0,2.0,2.0,89515.0,,
3 Bedroom Apartment,840000.0,3.0,1.0,2.0,,,
3 Bedroom House,1020000.0,3.0,1.0,3.0,186.0,,
3 Bedroom House,999999.0,3.0,1.0,4.0,478.0,,
1 Bedroom Apartment,1045000.0,1.0,1.0,1.0,,,
3 Bedroom Townhouse,4450000.0,3.0,2.0,3.0,199.0,,
3 Bedroom House,3195000.0,3.0,4.0,11.0,712.0,614 Peter Mokaba Ridge Road,
3 Bedroom Apartment,4200000.0,3.0,2.0,3.0,,,
1 Bedroom Townhouse,1795000.0,1.0,1.0,1.0,88.0,,
4 Bedroom House,4200000.0,4.0,35.0,6.0,1267.0,,
5 Bedroom House,3500000.0,5.0,5.0,2.0,787.0,122 Southward Ho Place,
2 Bedroom Apartment,495000.0,2.0,1.0,,,,
2 Bedroom Apartment,3708352.0,2.0,2.0,1.0,,"26 Ridgeside Residence, 9 Vuna Close",
2 Bedroom Apartment,769000.0,2.0,1.0,1.0,,,
3 Bedroom Townhouse,1595000.0,3.0,2.0,4.0,,,
5 Bedroom House,2450000.0,5.0,3.0,2.0,,,
5 Bedroom House,4750000.0,5.0,45.0,6.0,1252.0,10 Wetherly Crescent,
3 Bedroom House,2150000.0,3.0,25.0,3.0,,"12 Ss Bronze Park, 54 Anthony Road",
2 Bedroom Apartment,2295000.0,2.0,2.0,1.0,,,
2 Bedroom Apartment,2395000.0,2.0,2.0,2.0,,,
3 Bedroom Apartment,720000.0,3.0,2.0,1.0,,60 Marine Drive,
3 Bedroom Townhouse,6950000.0,3.0,35.0,7.0,8005.0,270 Currie Road,
3 Bedroom House,1600000.0,3.0,2.0,2.0,142.0,,
1.5 Bedroom Townhouse,750000.0,15.0,1.0,1.0,,,
5 Bedroom House,7499000.0,5.0,3.0,14.0,,,
2 Bedroom Apartment,1495000.0,2.0,2.0,1.0,,,
3 Bedroom House,800000.0,3.0,2.0,,1050.0,26 2nd Street,
4 Bedroom Apartment,2450000.0,4.0,3.0,3.0,,515 Bidstone Drive,
2 Bedroom Apartment,675000.0,2.0,1.0,,,,
2 Bedroom Townhouse,590000.0,2.0,1.0,1.0,4062.0,,
3 Bedroom House,2150000.0,3.0,25.0,3.0,,"12 Ss Bronze Park, 54 Anthony Road",
2 Bedroom Townhouse,1380000.0,2.0,1.0,1.0,,,
4 Bedroom House,6395000.0,4.0,35.0,2.0,1306.0,16 Brooklyn Estate,
3 Bedroom Townhouse,2295000.0,3.0,2.0,3.0,,231 Rinaldo Road,
5 Bedroom House,2550000.0,5.0,3.0,8.0,1350.0,,
3 Bedroom Apartment,1875000.0,3.0,2.0,4.0,,,
4 Bedroom House,13900000.0,4.0,5.0,7.0,802.0,,
3 Bedroom Townhouse,2450000.0,3.0,2.0,2.0,5313.0,,
3 Bedroom Apartment,3290000.0,3.0,2.0,1.0,,44 Pembrooke Road Mangrove Park,
4 Bedroom House,9995000.0,4.0,35.0,14.0,2211.0,20a Lynton Road,
3 Bedroom Townhouse,1680000.0,3.0,2.0,4.0,,"13 Ss Assagay Downs, 22 Assagay Road",
4 Bedroom Townhouse,1100000.0,4.0,3.0,2.0,7347.0,4 Harcourt Road (lyndhurst),
3 Bedroom Townhouse,5650000.0,3.0,4.0,3.0,,"8 Ss Chantry Point, 37 Ilala Drive",
4 Bedroom House,6995000.0,4.0,4.0,9.0,1117.0,"33 Cotswold Downs Golf Estate, 78 Inanda Road",
3 Bedroom House,1450000.0,3.0,25.0,,1119.0,,
2 Bedroom Apartment,1200000.0,2.0,1.0,1.0,,237 O R Tambo Parade,
3 Bedroom House,4500000.0,3.0,25.0,4.0,624.0,1 Lalela,
2 Bedroom Apartment,870000.0,2.0,1.0,1.0,,,
3 Bedroom Townhouse,2350000.0,3.0,3.0,2.0,,1 Tekwane Place,
2 Bedroom Townhouse,1800000.0,2.0,15.0,1.0,4682.0,"Unit 3 Kingfisher Lane, 14 Palmiet Dr",
3 Bedroom Townhouse,2295000.0,3.0,2.0,3.0,,231 Rinaldo Road,
3 Bedroom Townhouse,2000000.0,3.0,35.0,2.0,,"4 Cherry Mews, 3 Cherry Lane",
4 Bedroom House,9995000.0,4.0,3.0,14.0,2211.0,"1 C’est Le Vie, 20a Lynton Road",
2 Bedroom Townhouse,1295000.0,2.0,2.0,1.0,,,
4 Bedroom House,2950000.0,4.0,3.0,2.0,2045.0,,
2 Bedroom Apartment,795000.0,2.0,1.0,2.0,,,
4 Bedroom House,3190000.0,4.0,3.0,4.0,1364.0,,
3 Bedroom Townhouse,1850000.0,3.0,2.0,2.0,653.0,3 Arran Road,
3 Bedroom Apartment,1980000.0,3.0,3.0,1.0,,,
3 Bedroom House,1550000.0,3.0,15.0,4.0,1161.0,6 Hopewell Road,
2.5 Bedroom Apartment,750000.0,25.0,15.0,1.0,,,
4 Bedroom House,2495000.0,4.0,4.0,2.0,2202.0,,
2 Bedroom Apartment,790000.0,2.0,1.0,1.0,,,
4 Bedroom House,7800000.0,4.0,3.0,3.0,1615.0,,
2 Bedroom Townhouse,1500000.0,2.0,2.0,2.0,,"6 Ss Bromley Mews, 3 Angus Drive",
1 Bedroom Apartment,475000.0,1.0,1.0,,,"6 Ss Oxford House, 77 Gillespie Street",
3 Bedroom House,1360000.0,3.0,2.0,2.0,378.0,,
2 Bedroom Townhouse,860000.0,2.0,1.0,1.0,,,
4 Bedroom House,2495000.0,4.0,4.0,2.0,2202.0,,
6 Bedroom House,2495000.0,6.0,3.0,5.0,1033.0,42 Herbert Andrews Road,
3 Bedroom House,1585000.0,3.0,25.0,2.0,2240.0,,
3 Bedroom Townhouse,1535000.0,3.0,2.0,5.0,,,
7 Bedroom House,19000000.0,7.0,7.0,8.0,1920.0,,
1 Bedroom Apartment,650000.0,1.0,15.0,1.0,,,
3 Bedroom House,750000.0,3.0,1.0,3.0,,,
2 Bedroom Apartment,1180000.0,2.0,1.0,,,,
2 Bedroom Apartment,580000.0,2.0,1.0,1.0,,125 Brindle Place,
3 Bedroom Townhouse,1495000.0,3.0,2.0,1.0,,,
3 Bedroom House,450000.0,3.0,1.0,1.0,711.0,,
2 Bedroom Apartment,1850000.0,2.0,1.0,2.0,,"14 Ss Zimbali Boulevard Suites, 1 Albizia Drive",
4 Bedroom House,1400000.0,4.0,25.0,6.0,1720.0,836 Lord Kitchener Avenue,
4 Bedroom Townhouse,995000.0,4.0,3.0,2.0,,,
6 Bedroom House,1800000.0,6.0,4.0,,1545.0,594 Charles Stuart Avenue,
3 Bedroom House,1290000.0,3.0,2.0,6.0,1398.0,,
3 Bedroom House,1150000.0,3.0,1.0,4.0,951.0,,
2 Bedroom Apartment,970000.0,2.0,1.0,1.0,,,
3 Bedroom House,1400000.0,3.0,2.0,3.0,483.0,66 Glenwood Drive,
1 Bedroom Apartment,810000.0,1.0,1.0,2.0,,Unit 41 11 South Beach Avenue,
3 Bedroom House,699000.0,3.0,2.0,2.0,405.0,,
5 Bedroom House,1200000.0,5.0,35.0,3.0,1778.0,,
2 Bedroom Apartment,1049000.0,2.0,1.0,1.0,,,
4 Bedroom Townhouse,3000000.0,4.0,3.0,4.0,5639.0,,
4 Bedroom House,3750000.0,4.0,3.0,,,,
2 Bedroom Apartment,1235000.0,2.0,1.0,1.0,,"66 Sheffield Gardens, Melinda Lane, Sheffield Beach, Ballito, 4420",
2 Bedroom Apartment,970000.0,2.0,1.0,1.0,,,
3 Bedroom House,3500000.0,3.0,2.0,4.0,7300.0,,
3 Bedroom Apartment,1430000.0,3.0,2.0,2.0,,,
3 Bedroom Apartment,1540000.0,3.0,2.0,2.0,,,
3 Bedroom Apartment,9995000.0,3.0,3.0,4.0,,,
4 Bedroom House,9000000.0,4.0,3.0,4.0,1831.0,,
4 Bedroom House,980000.0,4.0,2.0,2.0,226.0,,
3 Bedroom Apartment,895000.0,3.0,2.0,2.0,,,
2 Bedroom Apartment,2100000.0,2.0,2.0,1.0,,,
3 Bedroom Apartment,3150000.0,3.0,2.0,1.0,,,
2 Bedroom Apartment,1895000.0,2.0,25.0,,,,
3 Bedroom Townhouse,1890000.0,3.0,2.0,4.0,7771.0,,
5 Bedroom House,3200000.0,5.0,4.0,4.0,2263.0,,
1 Bedroom Apartment,1600000.0,1.0,1.0,1.0,,,
3 Bedroom House,6500000.0,3.0,35.0,3.0,3410.0,,
2 Bedroom Apartment,2395000.0,2.0,2.0,1.0,,,
3 Bedroom Townhouse,,3.0,2.0,2.0,3391.0,,
2 Bedroom Townhouse,595000.0,2.0,1.0,2.0,49954.0,,
3 Bedroom Apartment,895000.0,3.0,2.0,2.0,,,
2 Bedroom Apartment,875000.0,2.0,2.0,1.0,,,
2 Bedroom Townhouse,435000.0,2.0,1.0,1.0,,,
3 Bedroom House,830000.0,3.0,1.0,4.0,180.0,,
2 Bedroom Apartment,750000.0,2.0,2.0,2.0,,,
2 Bedroom Apartment,2095000.0,2.0,2.0,2.0,,,
2 Bedroom House,1995000.0,2.0,1.0,2.0,5655.0,,
2 Bedroom House,1330000.0,2.0,2.0,2.0,1025.0,7 Vink Street,
4 Bedroom House,3850000.0,4.0,25.0,4.0,1415.0,,
3 Bedroom Apartment,3999000.0,3.0,2.0,2.0,,"46 Ss Sabuti, 4 Sicklebush Lane, Unit D46 Sabuti",
2 Bedroom Apartment,920000.0,2.0,1.0,1.0,,,
4 Bedroom House,2650000.0,4.0,3.0,6.0,2995.0,6 Eden Valley Road,
4 Bedroom House,870000.0,4.0,2.0,3.0,,,
2 Bedroom Apartment,3950000.0,2.0,2.0,1.0,,"206 Ernie Els Suites, 500 Zimbali Lakes Resort",
3 Bedroom House,4995000.0,3.0,35.0,4.0,,10 Emoyeni Terrace,
3 Bedroom House,4995000.0,3.0,35.0,4.0,,10 Emoyeni Terrace,
3 Bedroom House,800000.0,3.0,1.0,8.0,1011.0,,
5 Bedroom House,2100000.0,5.0,4.0,4.0,1309.0,,
5 Bedroom House,2995000.0,5.0,4.0,2.0,2408.0,,
7 Bedroom House,3200000.0,7.0,7.0,6.0,1646.0,,
2 Bedroom Apartment,1295000.0,2.0,2.0,3.0,,,
6 Bedroom House,4733000.0,6.0,5.0,3.0,1642.0,,
2 Bedroom Apartment,3500000.0,2.0,2.0,2.0,,"206 The Address, 7 Albizia Drive",
1 Bedroom Apartment,1695000.0,1.0,1.0,1.0,,"322 Ss Zimbali Hotel AND Resort, 5 Corkwood Drive, Unit 322 Zimbali Suites",
3 Bedroom Apartment,995000.0,3.0,1.0,2.0,,"5 Ss Fortuna, 17 Voysey Road",
3 Bedroom House,1040000.0,3.0,2.0,,1992.0,,
2 Bedroom Apartment,1450000.0,2.0,1.0,2.0,,556 Windermere Road,
2 Bedroom Townhouse,1390000.0,2.0,2.0,2.0,,,
2 Bedroom Apartment,3200000.0,2.0,2.0,2.0,,,
3 Bedroom Townhouse,950000.0,3.0,2.0,3.0,4305.0,,
3 Bedroom Townhouse,2150000.0,3.0,25.0,4.0,797.0,,
1 Bedroom Apartment,2250000.0,1.0,1.0,1.0,,,
4 Bedroom Townhouse,7450000.0,4.0,35.0,4.0,3289.0,,
2 Bedroom Apartment,650000.0,2.0,1.0,1.0,,,
4 Bedroom Apartment,3200000.0,4.0,3.0,5.0,,,
1 Bedroom Apartment,1100000.0,1.0,1.0,1.0,,,
2 Bedroom Apartment,1445000.0,2.0,1.0,1.0,,,
2 Bedroom Apartment,8300000.0,2.0,2.0,2.0,,,
2 Bedroom Apartment,680000.0,2.0,1.0,1.0,,176 Blamey Road,
4 Bedroom House,3000000.0,4.0,3.0,4.0,1015.0,,
2 Bedroom Apartment,1450000.0,2.0,1.0,2.0,,556 Windermere Road,
3 Bedroom Townhouse,4195000.0,3.0,2.0,4.0,,,
2 Bedroom Apartment,1495000.0,2.0,1.0,1.0,,,
2 Bedroom Apartment,695000.0,2.0,2.0,1.0,,,
2 Bedroom Apartment,1095000.0,2.0,2.0,2.0,,,
1 Bedroom Apartment,1249000.0,1.0,1.0,2.0,,,
2 Bedroom Apartment,548000.0,2.0,1.0,,,,
4 Bedroom House,1595000.0,4.0,2.0,2.0,1349.0,,
2 Bedroom Apartment,980000.0,2.0,1.0,1.0,,,
1 Bedroom Apartment,585000.0,1.0,1.0,2.0,,,
4 Bedroom House,1450000.0,4.0,2.0,8.0,932.0,,
2 Bedroom Apartment,595000.0,2.0,1.0,1.0,,,
3 Bedroom Townhouse,3350000.0,3.0,3.0,2.0,36737.0,,
2 Bedroom Apartment,969000.0,2.0,1.0,1.0,,"Forest Waters Lifestyle Village, (units 313-371), 70 Connor Road",
2.5 Bedroom Apartment,790000.0,25.0,2.0,1.0,,,
2 Bedroom Apartment,1485000.0,2.0,2.0,3.0,,,
4 Bedroom House,2495000.0,4.0,3.0,2.0,814.0,,
7 Bedroom House,4300000.0,7.0,5.0,5.0,2781.0,,
3 Bedroom Townhouse,8500000.0,3.0,3.0,2.0,6198.0,,
2 Bedroom Apartment,678000.0,2.0,2.0,1.0,,,
5 Bedroom House,3000000.0,5.0,3.0,24.0,929.0,,
4 Bedroom House,2550000.0,4.0,3.0,7.0,1911.0,,
3 Bedroom House,2150000.0,3.0,2.0,4.0,613.0,,
3 Bedroom Townhouse,870000.0,3.0,2.0,7.0,,,
2 Bedroom Apartment,2300000.0,2.0,2.0,2.0,,,
4 Bedroom House,1595000.0,4.0,2.0,2.0,1349.0,,
3 Bedroom House,1580000.0,3.0,2.0,2.0,985.0,,
1 Bedroom Apartment,2240000.0,1.0,1.0,1.0,,,
3 Bedroom House,1290000.0,3.0,1.0,1.0,993.0,,
3 Bedroom House,850000.0,3.0,2.0,8.0,896.0,,
3 Bedroom House,1695000.0,3.0,2.0,5.0,592.0,,
3 Bedroom House,1500000.0,3.0,2.0,2.0,1200.0,,
8 Bedroom House,1700000.0,8.0,6.0,6.0,1940.0,,
7 Bedroom House,3500000.0,7.0,5.0,3.0,870.0,,
5 Bedroom House,3450000.0,5.0,4.0,3.0,29.0,,
4 Bedroom House,1980000.0,4.0,3.0,2.0,,,
3 Bedroom House,1630000.0,3.0,2.0,,1185.0,,
2 Bedroom Apartment,620000.0,2.0,1.0,2.0,,,
3 Bedroom House,2200000.0,3.0,2.0,11.0,2116.0,,
7 Bedroom House,2150000.0,7.0,5.0,8.0,930.0,,
2 Bedroom Apartment,590000.0,2.0,1.0,1.0,,,
7 Bedroom House,1595000.0,7.0,5.0,4.0,930.0,,
3 Bedroom Townhouse,2525000.0,3.0,35.0,,,,
2.5 Bedroom House,1250000.0,25.0,2.0,2.0,815.0,,
3 Bedroom House,1500000.0,3.0,2.0,2.0,1200.0,,
6 Bedroom House,2950000.0,6.0,4.0,6.0,3000.0,,
2 Bedroom House,3588000.0,2.0,2.0,1.0,,,
2 Bedroom House,1800000.0,2.0,2.0,1.0,626.0,,
3 Bedroom House,1380000.0,3.0,2.0,,1016.0,,
4 Bedroom House,3350000.0,4.0,25.0,2.0,1501.0,9a Sylvania Avenue,
2 Bedroom Townhouse,2250000.0,2.0,2.0,3.0,120.0,"1 Kingsley, 1 Sugar Boulevard",
1 Bedroom Apartment,880000.0,1.0,1.0,1.0,,"C624 Manhattan Mews, 69 Meridian Drive",
3 Bedroom House,1389950.0,3.0,2.0,1.0,209.0,,
4 Bedroom Apartment,8995000.0,4.0,4.0,2.0,,,
2 Bedroom Apartment,850000.0,2.0,15.0,2.0,,,
4 Bedroom Apartment,2950000.0,4.0,4.0,2.0,,,
2 Bedroom House,795000.0,2.0,15.0,5.0,761.0,,
9 Bedroom House,4500000.0,9.0,6.0,6.0,8496.0,,
2 Bedroom Apartment,895000.0,2.0,2.0,1.0,,,
4 Bedroom House,950000.0,4.0,2.0,1.0,1278.0,,
7 Bedroom House,6350000.0,7.0,6.0,5.0,1214.0,,
2 Bedroom Townhouse,590000.0,2.0,1.0,1.0,365800.0,,
2 Bedroom Apartment,590000.0,2.0,1.0,1.0,,Seabass Road,
4 Bedroom Apartment,,4.0,4.0,8.0,,,
4 Bedroom House,3850000.0,4.0,3.0,4.0,1325.0,,
4 Bedroom Apartment,8995000.0,4.0,4.0,2.0,,,
5 Bedroom House,2200000.0,5.0,2.0,1.0,2001.0,,
2 Bedroom Townhouse,1150000.0,2.0,2.0,3.0,108034.0,,
1 Bedroom Apartment,6437340.0,1.0,1.0,1.0,,,
3 Bedroom Apartment,1950000.0,3.0,2.0,1.0,,,
3 Bedroom Apartment,2029000.0,3.0,2.0,,,1 Moffat Drive,
3 Bedroom House,3175000.0,3.0,3.0,6.0,1005.0,,
2 Bedroom Apartment,650000.0,2.0,1.0,1.0,,,
3 Bedroom House,3190000.0,3.0,2.0,4.0,1025.0,,
4 Bedroom House,1400000.0,4.0,2.0,3.0,1042.0,,
2 Bedroom Apartment,780000.0,2.0,1.0,1.0,,31 Prince Street,
2 Bedroom Apartment,3350000.0,2.0,2.0,2.0,,,
3 Bedroom House,895000.0,3.0,2.0,2.0,,,
3 Bedroom Apartment,3650000.0,3.0,25.0,2.0,,"401 Kenwyn-On-Sea, 102d Compensation Beach Road, Ballito",
3 Bedroom Apartment,4950000.0,3.0,2.0,2.0,,,
2 Bedroom Apartment,3590000.0,2.0,25.0,2.0,,,
2 Bedroom Townhouse,1050000.0,2.0,15.0,3.0,,,
2 Bedroom Apartment,1680000.0,2.0,2.0,1.0,,,
5 Bedroom House,1590000.0,5.0,3.0,1.0,1605.0,,
2 Bedroom Apartment,1680000.0,2.0,2.0,1.0,,,
3 Bedroom House,600000.0,3.0,2.0,2.0,499.0,,
7 Bedroom House,2665000.0,7.0,4.0,3.0,1007.0,36 Marine Drive,
3 Bedroom House,7719800.0,3.0,3.0,2.0,,,
1 Bedroom Apartment,4500000.0,1.0,1.0,1.0,,6 Lagoon,
2 Bedroom Apartment,4700000.0,2.0,2.0,2.0,,1 Ncondo Place,
3 Bedroom House,2780000.0,3.0,2.0,2.0,300.0,,
1 Bedroom Apartment,700000.0,1.0,1.0,1.0,,,
2 Bedroom Apartment,3195000.0,2.0,2.0,1.0,,,
3 Bedroom Townhouse,860000.0,3.0,3.0,2.0,,Golf View Rd Umzumbe,
2 Bedroom Apartment,720000.0,2.0,1.0,1.0,,,
1 Bedroom Apartment,630000.0,1.0,2.0,1.0,,,
4 Bedroom Apartment,3100000.0,4.0,3.0,2.0,,,
4 Bedroom House,16000000.0,4.0,5.0,3.0,37249.0,,
2 Bedroom Apartment,840000.0,2.0,2.0,1.0,,,
2 Bedroom Apartment,720000.0,2.0,1.0,1.0,,,
3 Bedroom House,650000.0,3.0,1.0,4.0,277.0,,
3 Bedroom Apartment,3900000.0,3.0,2.0,3.0,,,
4 Bedroom House,3270000.0,4.0,4.0,3.0,1531.0,,
2 Bedroom Apartment,650000.0,2.0,1.0,1.0,,,
3 Bedroom Apartment,900000.0,3.0,2.0,1.0,,,
2 Bedroom Apartment,850000.0,2.0,2.0,1.0,2010.0,,
2 Bedroom Apartment,600000.0,2.0,1.0,2.0,,,
1 Bedroom Apartment,395000.0,1.0,1.0,,,,
3 Bedroom Apartment,1395000.0,3.0,2.0,1.0,,,
2 Bedroom Apartment,1520000.0,2.0,1.0,1.0,,,
3 Bedroom House,1190000.0,3.0,2.0,1.0,,,
3 Bedroom Apartment,2695000.0,3.0,2.0,3.0,,,
1 Bedroom Apartment,850000.0,1.0,1.0,1.0,,,
3 Bedroom House,5700000.0,3.0,2.0,2.0,1120.0,,
5 Bedroom House,1500000.0,5.0,2.0,2.0,,,
5 Bedroom House,2690000.0,5.0,3.0,4.0,1125.0,,
2 Bedroom House,849000.0,2.0,15.0,2.0,370.0,,
3 Bedroom Apartment,1495000.0,3.0,3.0,2.0,,,
2 Bedroom Apartment,1995000.0,2.0,1.0,1.0,,,
4 Bedroom House,3150000.0,4.0,2.0,2.0,1620.0,Mtunzini,
1 Bedroom Apartment,1205000.0,1.0,1.0,2.0,,,
0.5 Bedroom Apartment,550000.0,5.0,1.0,1.0,,,
2.5 Bedroom Apartment,1175000.0,25.0,15.0,1.0,,,
2 Bedroom Apartment,2599000.0,2.0,2.0,,78.0,,
2 Bedroom Apartment,1190000.0,2.0,1.0,1.0,,,
2 Bedroom Apartment,550000.0,2.0,1.0,1.0,660.0,,
2 Bedroom Apartment,599000.0,2.0,1.0,1.0,,,
1 Bedroom Apartment,1205000.0,1.0,1.0,2.0,,,
4 Bedroom House,900000.0,4.0,3.0,4.0,1058.0,,
3 Bedroom House,1265000.0,3.0,3.0,2.0,216.0,,
2 Bedroom Apartment,740000.0,2.0,2.0,1.0,,,
3 Bedroom Apartment,1750000.0,3.0,3.0,1.0,,,
2 Bedroom Apartment,965000.0,2.0,2.0,1.0,,,
2 Bedroom Apartment,1250000.0,2.0,2.0,2.0,,,
1 Bedroom Apartment,870000.0,1.0,1.0,1.0,,,
3 Bedroom Apartment,8495000.0,3.0,35.0,3.0,,"1 Ezulweni, 15 Tamboti Drive",
5 Bedroom House,1500000.0,5.0,3.0,1.0,2317.0,,
3 Bedroom House,4500000.0,3.0,35.0,4.0,1614.0,,
3 Bedroom Apartment,5399000.0,3.0,3.0,2.0,,,
3 Bedroom Townhouse,2495000.0,3.0,2.0,1.0,,"32 Ss Mount Edgecombe Manors, 9 Hillhead Road",
2 Bedroom Apartment,795000.0,2.0,1.0,1.0,,,
2 Bedroom Apartment,559000.0,2.0,1.0,1.0,,40 Montclair Rd,
3 Bedroom Apartment,1250000.0,3.0,2.0,2.0,,,
2 Bedroom Apartment,450000.0,2.0,1.0,2.0,,36 Burnstone Pl,
3 Bedroom Apartment,3432000.0,3.0,2.0,3.0,,"4 Summer Sands, 62 Sheffield Drive",
6 Bedroom House,2950000.0,6.0,4.0,10.0,2174.0,37 Devon Terrace,
4 Bedroom House,660000.0,4.0,1.0,16.0,2023.0,"63 Rusel Street , Central",
1 Bedroom Apartment,799000.0,1.0,1.0,1.0,,,
3 Bedroom Townhouse,595000.0,3.0,1.0,2.0,,,
2 Bedroom Apartment,995000.0,2.0,1.0,1.0,,"5 Sheraton Wood, 51 Mc Carthy Drive",
3 Bedroom Apartment,3600000.0,3.0,3.0,3.0,,,
4 Bedroom House,2700000.0,4.0,3.0,5.0,2023.0,,
4 Bedroom House,660000.0,4.0,1.0,16.0,2023.0,"63 Rusel Street , Central",
4 Bedroom House,1390000.0,4.0,3.0,1.0,1328.0,,
3 Bedroom Townhouse,1720000.0,3.0,2.0,2.0,248.0,"5 Ss Villa De Vantre, 20 Faux Street",
3 Bedroom Apartment,1580000.0,3.0,2.0,,,,
2 Bedroom Apartment,1020000.0,2.0,2.0,2.0,,,
2 Bedroom Apartment,1020000.0,2.0,2.0,2.0,,,
3 Bedroom Apartment,1450000.0,3.0,2.0,2.0,,,
2 Bedroom Apartment,1150000.0,2.0,1.0,1.0,,,
5 Bedroom House,1300000.0,5.0,1.0,5.0,319.0,,
1 Bedroom Townhouse,400000.0,1.0,2.0,4.0,,,
2 Bedroom House,1995000.0,2.0,1.0,1.0,5862.0,11 Hillfold Road,
3 Bedroom House,699999.0,3.0,1.0,2.0,,,
2 Bedroom Townhouse,1195000.0,2.0,2.0,2.0,24423.0,20 Via Cassiandra,
3 Bedroom House,750000.0,3.0,1.0,3.0,358.0,,
2.5 Bedroom Apartment,880000.0,25.0,2.0,2.0,,"13 Ss Glenbarry, 61 Haden Road",
3 Bedroom Townhouse,3500000.0,3.0,2.0,4.0,111726.0,,
2 Bedroom Apartment,600000.0,2.0,1.0,2.0,,,
3 Bedroom Townhouse,800000.0,3.0,2.0,3.0,,,
10 Bedroom House,6500000.0,10.0,10.0,10.0,1817.0,,
3 Bedroom House,1595000.0,3.0,3.0,2.0,1343.0,,
3 Bedroom House,1220000.0,3.0,15.0,2.0,687.0,,
2 Bedroom Apartment,1300000.0,2.0,15.0,,,91 Somtseu Road,
5 Bedroom House,6850000.0,5.0,5.0,4.0,1797.0,3b Lake Placid,
2 Bedroom Apartment,1801000.0,2.0,2.0,1.0,,"7 Ss Le Boulevard, 47 Aurora Drive",
3 Bedroom Apartment,2950000.0,3.0,2.0,2.0,,3 Sicklebush Lane,
2 Bedroom Apartment,3250000.0,2.0,2.0,1.0,,17 Colwyn Drive,
3 Bedroom Apartment,5250000.0,3.0,2.0,2.0,,Oyster Cove 41 North Beach Road,
3 Bedroom House,740000.0,3.0,1.0,2.0,480.0,1990 Nkabini Road,
3 Bedroom House,5150000.0,3.0,2.0,4.0,,,
3 Bedroom House,5500000.0,3.0,2.0,4.0,,,
4 Bedroom House,999999.0,4.0,2.0,2.0,218.0,,
5 Bedroom House,2550000.0,5.0,3.0,1.0,1397.0,,
2 Bedroom Apartment,1250000.0,2.0,1.0,1.0,,,
4 Bedroom House,1695000.0,4.0,2.0,10.0,1136.0,,
2 Bedroom Apartment,2750000.0,2.0,2.0,1.0,,,
3 Bedroom House,740000.0,3.0,1.0,2.0,480.0,1990 Nkabini Road,
4 Bedroom House,3500000.0,4.0,2.0,4.0,1209.0,,
3 Bedroom Townhouse,1250000.0,3.0,2.0,2.0,450.0,,
3 Bedroom Apartment,7895000.0,3.0,2.0,2.0,,,
4 Bedroom House,1450000.0,4.0,2.0,3.0,1040.0,,
11 Bedroom House,8650000.0,11.0,10.0,9.0,1863.0,,
3 Bedroom House,1500000.0,3.0,2.0,2.0,1897.0,40 Camelsfoot,
3 Bedroom House,950000.0,3.0,2.0,,655.0,,
3 Bedroom House,4200000.0,3.0,2.0,2.0,437.0,124 Plains Loop,
4 Bedroom House,2650000.0,4.0,2.0,7.0,,,
3 Bedroom Apartment,4295000.0,3.0,25.0,2.0,,,
2 Bedroom Apartment,1295000.0,2.0,2.0,1.0,,101 Victoria Embankment Avenue,
7 Bedroom House,24495000.0,7.0,6.0,3.0,2132.0,23 Sheffield Lane,
2 Bedroom House,550000.0,2.0,1.0,,250.0,,
2 Bedroom Apartment,1925000.0,2.0,2.0,2.0,,263 Inanda Rd,
3 Bedroom House,1100000.0,3.0,1.0,1.0,,,
3 Bedroom Townhouse,2350000.0,3.0,2.0,4.0,1500.0,,
5 Bedroom House,1150000.0,5.0,3.0,3.0,1091.0,,
2 Bedroom Apartment,850000.0,2.0,1.0,2.0,,95 Madeline Road,
6 Bedroom House,1670000.0,6.0,4.0,3.0,1372.0,1561 Julia Street,
2 Bedroom Apartment,1295000.0,2.0,2.0,1.0,,101 Victoria Embankment Avenue,
4 Bedroom Townhouse,1950000.0,4.0,3.0,2.0,,75 David Livingstone Road,
4 Bedroom House,5490000.0,4.0,55.0,5.0,1277.0,5 Ipahla Lane,
3 Bedroom House,1370000.0,3.0,2.0,4.0,1275.0,106 Rinaldo Road,
1.5 Bedroom Apartment,1065000.0,15.0,1.0,1.0,,,
3 Bedroom House,2350000.0,3.0,2.0,4.0,1500.0,,
2 Bedroom Townhouse,1250000.0,2.0,2.0,3.0,20001.0,58 Kingsmead Drive,
5 Bedroom House,2100000.0,5.0,35.0,8.0,915.0,,
4 Bedroom House,800000.0,4.0,3.0,2.0,,,
16 Bedroom House,10900000.0,16.0,16.0,19.0,2229.0,,
3 Bedroom House,2200000.0,3.0,2.0,3.0,1648.0,,
4 Bedroom House,2450000.0,4.0,5.0,8.0,976.0,,
14 Bedroom House,6500000.0,14.0,14.0,16.0,3220.0,,
2 Bedroom Apartment,2300000.0,2.0,2.0,2.0,,,
2 Bedroom Apartment,1210000.0,2.0,1.0,2.0,,,
3 Bedroom Apartment,5400000.0,3.0,3.0,2.0,,,
4 Bedroom Townhouse,5995000.0,4.0,4.0,2.0,9049.0,,
7 Bedroom House,4195000.0,7.0,7.0,10.0,902.0,"Ss 4 Grattan Place, 4 Grattan Place",
3 Bedroom House,1249000.0,3.0,1.0,5.0,355.0,51 Umarkot Crescent,
2 Bedroom Apartment,2100000.0,2.0,2.0,3.0,,,
2 Bedroom Apartment,930000.0,2.0,1.0,1.0,,,
3 Bedroom Apartment,2250000.0,3.0,3.0,2.0,,,
3 Bedroom Townhouse,799000.0,3.0,2.0,2.0,109558.0,,
4 Bedroom House,1595000.0,4.0,2.0,5.0,1249.0,,
2 Bedroom Apartment,2300000.0,2.0,2.0,2.0,,,
5 Bedroom House,1750000.0,5.0,2.0,1.0,1130.0,,
4 Bedroom Townhouse,4700000.0,4.0,5.0,7.0,,"2a Rosemarie Estate, 2a Rosemarie Avenue",
5 Bedroom House,3500000.0,5.0,5.0,4.0,2522.0,,
6 Bedroom House,8350000.0,6.0,45.0,4.0,3978.0,,
4 Bedroom House,9950000.0,4.0,3.0,4.0,751.0,426 Tappie Toerie Place,
1 Bedroom Apartment,475000.0,1.0,1.0,1.0,,"Flat 15, 45 Barfield Road",
4 Bedroom Apartment,3000000.0,4.0,35.0,,,,
1 Bedroom Apartment,340000.0,1.0,1.0,,,,
4 Bedroom House,1075000.0,4.0,2.0,1.0,427.0,,
2 Bedroom Apartment,680000.0,2.0,1.0,,,,
0.5 Bedroom Apartment,450000.0,5.0,1.0,,,26 Beach Road,
4 Bedroom House,7500000.0,4.0,4.0,2.0,1007.0,,
2 Bedroom House,300000.0,2.0,1.0,1.0,220.0,,
4 Bedroom House,7500000.0,4.0,4.0,2.0,1007.0,,
3 Bedroom House,685000.0,3.0,1.0,2.0,,,
2 Bedroom House,495000.0,2.0,1.0,,,,
5 Bedroom House,1650000.0,5.0,2.0,2.0,2391.0,,
Apartment,5500000.0,,,,,53 Delta Road,
2 Bedroom Apartment,700000.0,2.0,2.0,1.0,,,
2 Bedroom House,430000.0,2.0,1.0,1.0,,,
3 Bedroom House,5800000.0,3.0,1.0,2.0,3.0,,
2 Bedroom Apartment,1650000.0,2.0,2.0,,74.0,,
3 Bedroom House,1300000.0,3.0,1.0,8.0,531.0,,
2 Bedroom House,399000.0,2.0,1.0,,,,
7 Bedroom House,2350000.0,7.0,4.0,6.0,1270.0,,
3 Bedroom Townhouse,699000.0,3.0,1.0,,,,
4 Bedroom House,6500000.0,4.0,45.0,2.0,555.0,"Elaleni, 69 Plantations Road",
16 Bedroom House,2500000.0,16.0,10.0,8.0,662.0,,
8 Bedroom House,19500000.0,8.0,9.0,4.0,2821.0,54 Kudu Road,
2 Bedroom Apartment,580000.0,2.0,1.0,,,,
3 Bedroom House,1450000.0,3.0,2.0,1.0,892.0,,
3 Bedroom House,5490000.0,3.0,2.0,6.0,2109.0,"47 Stoneford Country Estate, 51 Alverstone Road",
3 Bedroom Townhouse,2230000.0,3.0,2.0,2.0,150.0,"3.2 Cotswold Fenns Estate, 117 Inanda Road",
2 Bedroom Apartment,520000.0,2.0,1.0,1.0,,,
5 Bedroom House,13950000.0,5.0,5.0,2.0,1380.0,Sheffield Beach Road,
4 Bedroom House,1800000.0,4.0,3.0,4.0,1950.0,,
2 Bedroom Apartment,3700000.0,2.0,2.0,1.0,,"Ocean Club, Dolphin Coast",
4 Bedroom House,1800000.0,4.0,2.0,2.0,1144.0,,
2 Bedroom Apartment,799000.0,2.0,1.0,1.0,,,
2 Bedroom Apartment,1150000.0,2.0,1.0,1.0,,,
2 Bedroom Apartment,799000.0,2.0,1.0,2.0,,,
4 Bedroom Apartment,2995000.0,4.0,3.0,3.0,,"11 Ss 300 Vause Road, 300 Vause Road",
3 Bedroom House,2395000.0,3.0,2.0,7.0,929.0,,
3 Bedroom Apartment,798000.0,3.0,2.0,1.0,,,
6 Bedroom House,1750000.0,6.0,4.0,4.0,1060.0,,
4 Bedroom House,6500000.0,4.0,45.0,2.0,555.0,"Elaleni, 69 Plantations Road",
2.5 Bedroom Apartment,650000.0,25.0,15.0,1.0,,,
4 Bedroom House,11750000.0,4.0,4.0,,1500.0,5 Carleton Gardens,
3 Bedroom Apartment,1200000.0,3.0,1.0,2.0,,319 Clark Road,
3 Bedroom Apartment,1500000.0,3.0,2.0,2.0,,,
3 Bedroom Townhouse,2495000.0,3.0,2.0,2.0,,,
1 Bedroom Apartment,475000.0,1.0,1.0,1.0,,,
9 Bedroom House,16900000.0,9.0,9.0,4.0,21170.0,14c Hawkstone Road,
2 Bedroom Apartment,3950000.0,2.0,2.0,1.0,,304 Zimbali Suites,
1 Bedroom Apartment,1150000.0,1.0,1.0,1.0,,,
4 Bedroom Apartment,24000000.0,4.0,5.0,3.0,,,
2 Bedroom Apartment,1949000.0,2.0,2.0,2.0,,,
4 Bedroom House,1095000.0,4.0,2.0,2.0,2172.0,9 Chesnut Ave,
4 Bedroom House,1595000.0,4.0,2.0,5.0,659.0,,
3 Bedroom House,1295000.0,3.0,1.0,7.0,1387.0,,
4 Bedroom House,1095000.0,4.0,2.0,2.0,2172.0,9 Chesnut Ave,
3 Bedroom Apartment,720000.0,3.0,1.0,1.0,,,
4 Bedroom House,1799000.0,4.0,1.0,8.0,929.0,,
3 Bedroom Townhouse,2499999.0,3.0,2.0,2.0,,"17 Ss Dock Point, 31 Timeball Boulevard",
3 Bedroom Townhouse,1250000.0,3.0,1.0,8.0,394.0,,
2 Bedroom Townhouse,5900000.0,2.0,2.0,1.0,,,
3 Bedroom House,1490000.0,3.0,25.0,2.0,953.0,,
7 Bedroom Townhouse,3440000.0,7.0,4.0,2.0,,,
3 Bedroom Townhouse,1295000.0,3.0,25.0,4.0,,,
4 Bedroom House,2000000.0,4.0,3.0,2.0,1012.0,,
2 Bedroom Townhouse,560000.0,2.0,1.0,2.0,,,
2 Bedroom Apartment,2500000.0,2.0,1.0,2.0,,"117 Boulevard Suites, 9 Albizia Drive",
3 Bedroom House,1350000.0,3.0,2.0,1.0,,,
2 Bedroom Apartment,1350000.0,2.0,2.0,2.0,,,
3 Bedroom House,2295000.0,3.0,2.0,3.0,742.0,,
3 Bedroom House,1570000.0,3.0,3.0,4.0,,,
3 Bedroom House,1975000.0,3.0,2.0,7.0,1348.0,,
3 Bedroom Apartment,3695000.0,3.0,25.0,4.0,,"4 Ss Hillside Terrace, 4 Otter Lane",
2 Bedroom Apartment,1270000.0,2.0,1.0,2.0,,"32 Manor Mews, 44 Old Main Road",
7 Bedroom House,9500000.0,7.0,75.0,10.0,1365.0,4 Royal Palm,
5 Bedroom House,5500000.0,5.0,4.0,4.0,1348.0,,
4 Bedroom Apartment,1190000.0,4.0,3.0,2.0,,,
2 Bedroom Apartment,6200000.0,2.0,2.0,1.0,,7 Lagoon Drive Umhlanga,
3 Bedroom House,899000.0,3.0,15.0,,200.0,,
3 Bedroom Apartment,1050000.0,3.0,1.0,2.0,,,
2 Bedroom House,429000.0,2.0,1.0,,293.0,,
1 Bedroom Apartment,900000.0,1.0,1.0,1.0,,,
3 Bedroom House,1975000.0,3.0,2.0,7.0,1348.0,,
3 Bedroom Apartment,2650000.0,3.0,2.0,2.0,,,
3 Bedroom House,1295000.0,3.0,2.0,2.0,1101.0,,
2 Bedroom Apartment,2195000.0,2.0,2.0,2.0,,,
4 Bedroom House,1795000.0,4.0,2.0,8.0,700.0,,
2 Bedroom Apartment,1805000.0,2.0,2.0,1.0,,,
2 Bedroom Apartment,2595000.0,2.0,2.0,2.0,,,
7 Bedroom House,3500000.0,7.0,7.0,8.0,2623.0,,
4 Bedroom House,950000.0,4.0,2.0,,458.0,,
4 Bedroom House,1795000.0,4.0,2.0,8.0,700.0,,
3 Bedroom Townhouse,6405658.0,3.0,,4.0,,,
3 Bedroom House,780000.0,3.0,2.0,2.0,,,
2 Bedroom Apartment,3100000.0,2.0,2.0,1.0,,,
2 Bedroom Apartment,550000.0,2.0,1.0,1.0,,,
1 Bedroom Apartment,450000.0,1.0,1.0,1.0,,"Briggidoon, 26 Beach Road",
4 Bedroom House,850000.0,4.0,2.0,2.0,514.0,,
7 Bedroom House,2500000.0,7.0,5.0,3.0,1735.0,,
3 Bedroom House,450000.0,3.0,2.0,2.0,1292.0,,
4 Bedroom House,2600000.0,4.0,1.0,6.0,925.0,,
1 Bedroom Apartment,1690000.0,1.0,1.0,2.0,,,
3 Bedroom House,539000.0,3.0,1.0,,614.0,,
2 Bedroom Apartment,1174500.0,2.0,1.0,1.0,,,
2 Bedroom House,1700000.0,2.0,2.0,4.0,1074.0,,
3 Bedroom Townhouse,1295000.0,3.0,2.0,2.0,,,
16 Bedroom Apartment,9999999.0,16.0,16.0,1.0,1038.0,33 Berriedale Road,
2 Bedroom Townhouse,4495000.0,2.0,2.0,2.0,,,
1 Bedroom Apartment,749000.0,1.0,1.0,2.0,,,
3 Bedroom Townhouse,2995000.0,3.0,2.0,2.0,,275 Gladys Manzi Road,
2 Bedroom Apartment,1725000.0,2.0,2.0,1.0,,,
3 Bedroom House,3650000.0,3.0,2.0,7.0,927.0,,
3 Bedroom House,1299000.0,3.0,2.0,2.0,,,
3 Bedroom House,950000.0,3.0,1.0,7.0,457.0,,
2 Bedroom Apartment,2449000.0,2.0,2.0,2.0,,,
1 Bedroom Apartment,1070000.0,1.0,1.0,2.0,,,
2 Bedroom Apartment,910000.0,2.0,2.0,1.0,,,
4 Bedroom Townhouse,4300000.0,4.0,4.0,2.0,12140.0,,
3 Bedroom House,3650000.0,3.0,2.0,7.0,927.0,,
3 Bedroom Townhouse,3900000.0,3.0,3.0,2.0,12140.0,,
2 Bedroom Apartment,695000.0,2.0,1.0,1.0,,,
3 Bedroom Apartment,3100000.0,3.0,2.0,2.0,,,
3 Bedroom House,3702171.0,3.0,2.0,2.0,,8 The Woods 2,
3 Bedroom Apartment,6190000.0,3.0,3.0,2.0,136625.0,1 Sibaya Drive,
5 Bedroom House,1900000.0,5.0,2.0,1.0,3004.0,Brigadier Road,
3 Bedroom Apartment,1250000.0,3.0,2.0,2.0,,,
3 Bedroom House,1520000.0,3.0,2.0,2.0,1746.0,12 Annerley Road,
6 Bedroom House,2690000.0,6.0,4.0,15.0,5484.0,,
3 Bedroom Townhouse,1449000.0,3.0,2.0,2.0,4728.0,,
1.5 Bedroom Apartment,1150000.0,15.0,1.0,1.0,,,
3 Bedroom Apartment,1395000.0,3.0,2.0,1.0,,12 Kallies Lane,
3 Bedroom House,2250000.0,3.0,3.0,7.0,864.0,,
3 Bedroom Apartment,895000.0,3.0,2.0,1.0,,,
4 Bedroom Apartment,6900000.0,4.0,4.0,3.0,,"3 The Duex, 21 Hillside Lane",
3 Bedroom Apartment,4200000.0,3.0,2.0,1.0,,,
4 Bedroom House,8250000.0,4.0,45.0,3.0,1455.0,95 Kingfisher Blvd,
3 Bedroom Apartment,1395000.0,3.0,2.0,1.0,,12 Kallies Lane,
3 Bedroom Apartment,2100000.0,3.0,2.0,3.0,,,
4 Bedroom House,749000.0,4.0,2.0,4.0,450.0,,
1 Bedroom Apartment,2450000.0,1.0,1.0,1.0,,500 Zimbali Lakes,
2 Bedroom Apartment,3495000.0,2.0,2.0,1.0,,"1 Ridgeside Dr, Umhlanga Ridge, Durban, 4319",
5 Bedroom House,1930000.0,5.0,25.0,2.0,2064.0,,
2 Bedroom Apartment,2495000.0,2.0,2.0,2.0,,,
2 Bedroom Apartment,1199000.0,2.0,1.0,1.0,,39 Ke Masinga Road,
3 Bedroom Townhouse,1650000.0,3.0,2.0,2.0,3734.0,,
2 Bedroom Apartment,800000.0,2.0,1.0,,,,
3 Bedroom Townhouse,4999999.0,3.0,35.0,2.0,17.0,2 The Dunes,
4 Bedroom House,2095000.0,4.0,2.0,9.0,1197.0,,
4 Bedroom House,2600000.0,4.0,3.0,6.0,976.0,,
6 Bedroom House,1830000.0,6.0,2.0,2.0,1276.0,,
5 Bedroom House,1250000.0,5.0,3.0,4.0,1402.0,181 Wimpey Crescent,
3 Bedroom Apartment,3200000.0,3.0,2.0,2.0,,,
2 Bedroom Apartment,2250000.0,2.0,2.0,2.0,,,
3 Bedroom Townhouse,2200000.0,3.0,2.0,4.0,1180.0,,
3 Bedroom Townhouse,2650000.0,3.0,2.0,4.0,149.0,,
5 Bedroom House,5500000.0,5.0,4.0,1.0,1554.0,R61 Port Edward,
4 Bedroom House,12500000.0,4.0,4.0,2.0,1136.0,5 Teak Close,
2.5 Bedroom Apartment,1330000.0,25.0,1.0,2.0,,,
5 Bedroom House,1200000.0,5.0,3.0,,284.0,,
3 Bedroom Apartment,750000.0,3.0,1.0,2.0,,,
2 Bedroom Apartment,1450000.0,2.0,1.0,1.0,,,
3 Bedroom Apartment,3200000.0,3.0,2.0,2.0,,,
5 Bedroom House,3450000.0,5.0,4.0,2.0,1024.0,,
3 Bedroom House,1450000.0,3.0,25.0,5.0,1349.0,,
3 Bedroom House,1300000.0,3.0,2.0,2.0,1023.0,13 Redman Road,
3 Bedroom House,2395000.0,3.0,2.0,1.0,,,
2 Bedroom Townhouse,890000.0,2.0,1.0,3.0,,25 Poplar Road,
3 Bedroom House,3995000.0,3.0,35.0,2.0,750.0,,
2 Bedroom Apartment,1190000.0,2.0,1.0,2.0,,,
4 Bedroom House,2699000.0,4.0,3.0,3.0,1883.0,"44, 44 Mullet Leap Street",
2 Bedroom House,450000.0,2.0,1.0,2.0,348.0,,
2 Bedroom Apartment,1350000.0,2.0,1.0,2.0,,,
2 Bedroom Apartment,1320000.0,2.0,1.0,2.0,,,
3 Bedroom House,1065000.0,3.0,2.0,3.0,343.0,,
2 Bedroom Apartment,1295000.0,2.0,1.0,2.0,,"154 Bliss, 1 North Point Avenue",
2 Bedroom House,640000.0,2.0,1.0,,,,
4 Bedroom House,1585000.0,4.0,2.0,2.0,,,
3 Bedroom House,2150000.0,3.0,3.0,6.0,1849.0,,
3 Bedroom House,3895000.0,3.0,2.0,2.0,450.0,32 Mvula Lane,
2 Bedroom Townhouse,2950000.0,2.0,25.0,3.0,,,
3 Bedroom Apartment,1550000.0,3.0,25.0,3.0,,121 Wattle Grove,
5 Bedroom House,1435000.0,5.0,2.0,10.0,2100.0,,
3 Bedroom House,995000.0,3.0,1.0,4.0,,,
5 Bedroom House,1850000.0,5.0,4.0,8.0,647.0,,
2 Bedroom Townhouse,850000.0,2.0,2.0,2.0,4144.0,"2 Riviera Mews, 6 Riviera Crescent",
2 Bedroom Apartment,1350000.0,2.0,1.0,2.0,,,
3 Bedroom Apartment,1950000.0,3.0,2.0,1.0,,,
3 Bedroom House,880000.0,3.0,15.0,4.0,1539.0,,
2 Bedroom Apartment,1150000.0,2.0,1.0,1.0,,,
2 Bedroom Apartment,5850000.0,2.0,2.0,2.0,5726.0,,
1 Bedroom Apartment,399000.0,1.0,1.0,,,"401 Edenroc, 119 Snell Parade",
2 Bedroom Apartment,550000.0,2.0,1.0,1.0,,,
1 Bedroom Apartment,335000.0,1.0,1.0,1.0,,33 St Patrick's,
3 Bedroom House,749000.0,3.0,2.0,,,,
2 Bedroom Apartment,620000.0,2.0,2.0,,,,
2 Bedroom Apartment,650000.0,2.0,1.0,2.0,,,
2 Bedroom Apartment,865000.0,2.0,2.0,1.0,,,
4 Bedroom House,4495000.0,4.0,4.0,2.0,400.0,"Unit 8 Dunrobin Gardens, Ferncliffe",
1 Bedroom Townhouse,2545000.0,1.0,1.0,1.0,,"Unit 55, Leadwood Lane",
11 Bedroom House,5500000.0,11.0,4.0,5.0,400.0,,
2 Bedroom House,1079900.0,2.0,2.0,1.0,209.0,,
4 Bedroom House,5500000.0,4.0,35.0,8.0,900.0,,
3 Bedroom Apartment,660000.0,3.0,1.0,2.0,,,
2 Bedroom Apartment,769000.0,2.0,1.0,1.0,,2 Rainelor 71 Cromwell Road - Bulwer- Glenwood,
3 Bedroom House,749000.0,3.0,2.0,,,,
2 Bedroom Apartment,545000.0,2.0,1.0,2.0,,,
1 Bedroom Apartment,4200000.0,1.0,1.0,1.0,,,
3 Bedroom House,750000.0,3.0,1.0,1.0,545.0,,
3 Bedroom Apartment,3650000.0,3.0,2.0,2.0,,,
3 Bedroom Townhouse,1485000.0,3.0,25.0,2.0,15408.0,,
3 Bedroom House,960000.0,3.0,1.0,5.0,763.0,,
3 Bedroom Townhouse,3759000.0,3.0,2.0,2.0,,,
2 Bedroom Apartment,1750000.0,2.0,2.0,1.0,,76 Summer Way,
3 Bedroom House,2499500.0,3.0,2.0,7.0,770.0,61 Coronet Place,
5 Bedroom House,1650000.0,5.0,3.0,1.0,676.0,,
Apartment,1350000.0,,1.0,1.0,,1 Heleza Boulevard,
2 Bedroom Apartment,1995000.0,2.0,2.0,1.0,,,
4 Bedroom Apartment,1415000.0,4.0,2.0,4.0,,"55 Ss Charlwood, 1 Fairway Road",
2 Bedroom House,985000.0,2.0,1.0,2.0,92.0,,
4 Bedroom Townhouse,3395000.0,4.0,25.0,6.0,,"4 Harmony Mews, 28 Silver Oak Avenue",
3 Bedroom Townhouse,2999000.0,3.0,3.0,2.0,4783.0,,
6 Bedroom House,3000000.0,6.0,2.0,10.0,805.0,83 Hunt Road,
3 Bedroom Apartment,4500000.0,3.0,2.0,2.0,,25 Park Drive,
7 Bedroom House,1950000.0,7.0,2.0,2.0,1341.0,,
3 Bedroom Townhouse,4000000.0,3.0,25.0,2.0,12500.0,"14 Sovereign Sands, 20 Salmon Avenue",
3 Bedroom House,3300000.0,3.0,25.0,4.0,83552.0,,
3 Bedroom Townhouse,890000.0,3.0,2.0,2.0,,2 Ramiah Drive,
2 Bedroom Townhouse,1150000.0,2.0,1.0,1.0,,"9 Driefontein, 7 Jasmin Road",
Apartment,1350000.0,,1.0,1.0,,1 Heleza Boulevard,
5 Bedroom House,1850000.0,5.0,3.0,5.0,559.0,39 Frere Crescent,
2 Bedroom Apartment,900000.0,2.0,2.0,2.0,,"9 Palm Park, 113 Marine Drive",
3 Bedroom Apartment,1025000.0,3.0,2.0,1.0,,,
9 Bedroom House,12000000.0,9.0,95.0,9.0,1464.0,22 Marion Road,
2 Bedroom Apartment,1999000.0,2.0,2.0,2.0,,,
2 Bedroom Townhouse,995000.0,2.0,2.0,1.0,108034.0,,
2 Bedroom Apartment,1695000.0,2.0,2.0,2.0,,,
8 Bedroom House,3900000.0,8.0,6.0,2.0,2066.0,12 Davenport Road,
5 Bedroom House,18000000.0,5.0,6.0,8.0,2267.0,,
3 Bedroom House,2650000.0,3.0,2.0,4.0,1200.0,,
2 Bedroom Apartment,1875000.0,2.0,1.0,1.0,,8 Jack Powell Road,
2 Bedroom Apartment,1195000.0,2.0,1.0,1.0,,,
4 Bedroom House,5199000.0,4.0,35.0,5.0,504.0,27 The Stables,
2 Bedroom Apartment,1150000.0,2.0,1.0,,,,
2 Bedroom Apartment,1692000.0,2.0,2.0,2.0,,,
2 Bedroom Apartment,1050000.0,2.0,2.0,2.0,,,
3 Bedroom Townhouse,1699000.0,3.0,25.0,3.0,,,
3 Bedroom Apartment,3495000.0,3.0,2.0,3.0,,"51 Summer Sands, 51 Sheffield Drive",
1.5 Bedroom Apartment,595000.0,15.0,1.0,,,"204 Ss Bencorrum, 183 Prince Street",
5 Bedroom House,1390000.0,5.0,3.0,1.0,1350.0,563 Boulevard Street,
2 Bedroom Apartment,1999000.0,2.0,2.0,2.0,,,
4 Bedroom Townhouse,7500000.0,4.0,4.0,4.0,,"1b 249 On Montpelier, 255 Montpelier Road",
2 Bedroom Apartment,1099000.0,2.0,1.0,1.0,,,
5 Bedroom Apartment,,5.0,4.0,3.0,,,
5 Bedroom House,1299000.0,5.0,3.0,2.0,279.0,,
2 Bedroom Apartment,700000.0,2.0,1.0,1.0,,,
3 Bedroom House,1600000.0,3.0,2.0,,835.0,,
2 Bedroom Apartment,1900000.0,2.0,2.0,2.0,,,
2 Bedroom Apartment,1900000.0,2.0,2.0,2.0,,,
3 Bedroom House,900000.0,3.0,1.0,,375.0,,
2 Bedroom Apartment,700000.0,2.0,1.0,1.0,,,
2 Bedroom Townhouse,1750000.0,2.0,2.0,2.0,,C0067 Shongweni Road,
6 Bedroom House,3195000.0,6.0,45.0,4.0,930.0,"1 Ss Anwines, 2 Collis Road",
3 Bedroom House,5175000.0,3.0,25.0,3.0,346.0,"15 The Reserve, 3 Sheffield Beach Road",
3 Bedroom Apartment,2250000.0,3.0,2.0,2.0,,,
5 Bedroom Apartment,1550000.0,5.0,2.0,1.0,,30 Bonamour Avenue,
4 Bedroom Townhouse,3950000.0,4.0,35.0,6.0,1506.0,90 St Helier Road,
6 Bedroom House,3495000.0,6.0,6.0,8.0,1214.0,,
3 Bedroom House,5350000.0,3.0,35.0,4.0,859.0,"47 The Oval, 47 The Oval",
4 Bedroom House,495000.0,4.0,2.0,2.0,,,
3 Bedroom House,1675000.0,3.0,2.0,6.0,1806.0,,
4 Bedroom House,5199000.0,4.0,3.0,2.0,504.0,,
2 Bedroom Apartment,1550000.0,2.0,2.0,2.0,,,
2 Bedroom Apartment,899000.0,2.0,15.0,,,,
3 Bedroom House,945000.0,3.0,2.0,2.0,338.0,,
2 Bedroom Apartment,2200000.0,2.0,2.0,1.0,,,
3 Bedroom House,1950000.0,3.0,3.0,,3407.0,,
4 Bedroom Apartment,1520000.0,4.0,2.0,3.0,,,
3 Bedroom House,475000.0,3.0,15.0,,350.0,,
2 Bedroom Apartment,838500.0,2.0,1.0,2.0,,,
2 Bedroom Apartment,620000.0,2.0,1.0,2.0,,,
2 Bedroom Apartment,540000.0,2.0,1.0,2.0,,,
4 Bedroom Apartment,4450000.0,4.0,3.0,4.0,,,
13 Bedroom Apartment,6490000.0,13.0,6.0,2.0,,,
3 Bedroom Apartment,1300000.0,3.0,2.0,,,,
1 Bedroom Apartment,349000.0,1.0,1.0,,,,
2 Bedroom Apartment,880000.0,2.0,2.0,1.0,,,
3 Bedroom House,1924000.0,3.0,25.0,,1350.0,,
3 Bedroom House,475000.0,3.0,15.0,,350.0,,
3 Bedroom House,1050000.0,3.0,2.0,3.0,252.0,,
3 Bedroom House,1250000.0,3.0,2.0,,602.0,,
2 Bedroom Apartment,525000.0,2.0,1.0,1.0,,,
2 Bedroom House,3766000.0,2.0,2.0,1.0,121.0,,
1 Bedroom Apartment,750000.0,1.0,1.0,1.0,,,
2 Bedroom Apartment,1750000.0,2.0,2.0,1.0,,,
4 Bedroom House,2395000.0,4.0,3.0,6.0,1798.0,,
3 Bedroom Townhouse,1875000.0,3.0,2.0,2.0,2723.0,,
2 Bedroom Apartment,770000.0,2.0,1.0,2.0,,"45 Ss St Michaels, 44 Bohmer Road",
2 Bedroom Apartment,1700000.0,2.0,2.0,2.0,,,
3 Bedroom House,1000000.0,3.0,2.0,1.0,2023.0,8 Impala Road,
3 Bedroom Townhouse,3500000.0,3.0,2.0,2.0,,"8 Ss Muric, 514 Stephen Dlamini Road",
3 Bedroom House,1370000.0,3.0,2.0,8.0,1414.0,,
2 Bedroom House,690000.0,2.0,1.0,1.0,,,
3 Bedroom Apartment,4100000.0,3.0,2.0,2.0,,,
2 Bedroom Apartment,1295000.0,2.0,2.0,2.0,,,
2 Bedroom Apartment,1395000.0,2.0,1.0,1.0,,,
3 Bedroom House,1695000.0,3.0,2.0,2.0,700.0,,
3 Bedroom House,2207060.0,3.0,2.0,,,,
3 Bedroom House,2207060.0,3.0,2.0,,,,
3 Bedroom House,1200000.0,3.0,25.0,2.0,1064.0,18 12h Street Port Edward,
3 Bedroom House,2200000.0,3.0,2.0,1.0,1800.0,,
2 Bedroom Apartment,1600000.0,2.0,1.0,2.0,,,
2.5 Bedroom Apartment,995000.0,25.0,1.0,1.0,,,
2 Bedroom Apartment,990000.0,2.0,2.0,2.0,,46 Queen Street,
4 Bedroom House,1200000.0,4.0,2.0,1.0,448.0,,
4 Bedroom House,6250000.0,4.0,4.0,3.0,1287.0,"13 High Gate Drive, Redlands Estate",
3 Bedroom House,1800000.0,3.0,3.0,2.0,1036.0,,
2 Bedroom Apartment,750000.0,2.0,15.0,2.0,,,
3 Bedroom House,2350000.0,3.0,3.0,4.0,968.0,,
2 Bedroom Apartment,3950000.0,2.0,2.0,2.0,,,
2 Bedroom Apartment,750000.0,2.0,1.0,2.0,,,
4 Bedroom House,980000.0,4.0,2.0,2.0,394.0,,
1 Bedroom Apartment,540000.0,1.0,1.0,1.0,,,
4 Bedroom House,6950000.0,4.0,3.0,6.0,1325.0,,
3 Bedroom House,3799000.0,3.0,2.0,1.0,1296.0,,
3 Bedroom Apartment,825000.0,3.0,1.0,1.0,,,
3 Bedroom Apartment,1699000.0,3.0,2.0,1.0,,,
1 Bedroom Apartment,540000.0,1.0,1.0,1.0,,,
1.5 Bedroom Apartment,577800.0,15.0,1.0,1.0,,,
2 Bedroom Apartment,700000.0,2.0,2.0,1.0,,100 Hoog Street,
3 Bedroom Townhouse,2250000.0,3.0,2.0,4.0,,,
2 Bedroom Apartment,3300000.0,2.0,1.0,1.0,1000.0,1 2 Ptn Lane,
1 Bedroom Apartment,2200000.0,1.0,1.0,1.0,,,
1 Bedroom Apartment,2100000.0,1.0,1.0,1.0,,,
16 Bedroom Apartment,2200000.0,16.0,8.0,10.0,,,
3 Bedroom Apartment,810000.0,3.0,1.0,1.0,,,
5 Bedroom House,3800000.0,5.0,35.0,4.0,2876.0,,
1 Bedroom Apartment,400000.0,1.0,1.0,1.0,,,
4 Bedroom House,2250000.0,4.0,3.0,4.0,1100.0,,
4 Bedroom House,979999.0,4.0,2.0,2.0,,,
3 Bedroom Townhouse,1095000.0,3.0,2.0,2.0,,"46 Morcom Road , Prestbury",
4 Bedroom House,4250000.0,4.0,35.0,3.0,,,
3 Bedroom Townhouse,2599000.0,3.0,3.0,3.0,2635.0,,
2 Bedroom Apartment,995000.0,2.0,1.0,1.0,,"Ss Penzance, 31 Prince Street",
Apartment,3200000.0,,1.0,1.0,,,
3 Bedroom Apartment,858000.0,3.0,2.0,1.0,,,
1 Bedroom Townhouse,485000.0,1.0,1.0,2.0,26592.0,"29 Mtwalumi Holiday Resort, 92 Dek Road",
3 Bedroom House,1075000.0,3.0,1.0,3.0,327.0,,
12 Bedroom House,550000.0,12.0,4.0,12.0,924.0,215 Clermont Rd,
3 Bedroom Apartment,858000.0,3.0,2.0,1.0,,,
3 Bedroom Apartment,15000000.0,3.0,4.0,6.0,,6 Lagoon Drive,
5 Bedroom House,13000000.0,5.0,4.0,6.0,1314.0,40 Camwood Drive,
3 Bedroom Apartment,980000.0,3.0,2.0,1.0,,,
1.5 Bedroom Apartment,460000.0,15.0,1.0,,,,
4 Bedroom House,830000.0,4.0,25.0,8.0,848.0,,
5 Bedroom House,6500000.0,5.0,55.0,3.0,7753.0,,
2 Bedroom Townhouse,1290000.0,2.0,15.0,2.0,52505.0,"71 Ss Strawberry Fields, 144 Wattle Grove",
3 Bedroom Apartment,2415000.0,3.0,2.0,2.0,,,
2 Bedroom Apartment,1640000.0,2.0,1.0,1.0,,,
5 Bedroom House,8500000.0,5.0,4.0,5.0,4930.0,10a Kings Ave,
1.5 Bedroom Apartment,350000.0,15.0,1.0,,,550 Mahatma Ghandi Road,
4 Bedroom House,4250000.0,4.0,35.0,2.0,1232.0,21 Glen Drive,
2 Bedroom Apartment,1900000.0,2.0,2.0,2.0,,,
4 Bedroom House,1090000.0,4.0,2.0,3.0,910.0,,
4 Bedroom House,2450000.0,4.0,25.0,5.0,1654.0,,
1 Bedroom Apartment,550000.0,1.0,1.0,1.0,,,
5 Bedroom House,3489000.0,5.0,3.0,6.0,930.0,,
3 Bedroom House,3200000.0,3.0,2.0,6.0,1273.0,,
2 Bedroom Apartment,1090000.0,2.0,1.0,1.0,,"Ss Weydene, 438 Lilian Ngoyi Road",
3 Bedroom Apartment,3950000.0,3.0,2.0,5.0,,,
1.5 Bedroom Apartment,350000.0,15.0,1.0,,,550 Mahatma Ghandi Road,
2 Bedroom Apartment,2500000.0,2.0,2.0,2.0,,,
5 Bedroom House,5200000.0,5.0,3.0,5.0,4478.0,7 Robin Road,
3 Bedroom House,850000.0,3.0,1.0,4.0,688.0,287 Fenniscowles Road,
3 Bedroom Townhouse,899000.0,3.0,2.0,1.0,3905.0,,
2 Bedroom Townhouse,1100000.0,2.0,1.0,3.0,,,
4 Bedroom Apartment,5800000.0,4.0,25.0,5.0,,"22 Ascot Estate, 1 Simbithi Drive",
2 Bedroom Apartment,1850000.0,2.0,1.0,2.0,,"59 Green Meadow Country Estate-Hillcrest, 20 Greenmeadow Lane",
2 Bedroom Apartment,798000.0,2.0,1.0,1.0,,,
2 Bedroom Apartment,1300000.0,2.0,2.0,1.0,,,
2 Bedroom Apartment,580000.0,2.0,1.0,1.0,,,
3 Bedroom House,2650000.0,3.0,25.0,2.0,1285.0,11 Tulip Place,
46 Bedroom House,6500000.0,46.0,20.0,46.0,30000.0,,
3 Bedroom Townhouse,1690000.0,3.0,2.0,3.0,32128.0,"16 Ss Delamere, 22 Ntintini Road",
2 Bedroom Apartment,975000.0,2.0,2.0,1.0,,"13 Avonlea Grove, 223 Lilian Ngoyi Road",
3 Bedroom Apartment,1300000.0,3.0,15.0,1.0,,Peter Mokaba Road,
2 Bedroom Apartment,1420000.0,2.0,1.0,1.0,,,
3 Bedroom Apartment,1300000.0,3.0,15.0,1.0,,Peter Mokaba Road,
1 Bedroom Apartment,799000.0,1.0,1.0,1.0,,39 Ke Masinga Road,
3 Bedroom Apartment,1299000.0,3.0,2.0,3.0,,,
7 Bedroom House,1598000.0,7.0,5.0,8.0,2251.0,,
3 Bedroom Townhouse,1299000.0,3.0,15.0,3.0,107.0,,
3 Bedroom Apartment,,3.0,3.0,1.0,,56 Umvoti Drive,
4 Bedroom House,1650000.0,4.0,2.0,6.0,896.0,,
2 Bedroom Apartment,1750000.0,2.0,2.0,1.0,,,
1 Bedroom Apartment,460000.0,1.0,1.0,,,,
3 Bedroom House,3550000.0,3.0,2.0,8.0,1480.0,15 Oosterland Road,
2 Bedroom Apartment,750000.0,2.0,1.0,1.0,,,
Apartment,400000.0,,1.0,,,"10 Kismet Arcade, 75 Dr Goonam Street",
4 Bedroom House,24500000.0,4.0,3.0,3.0,2132.0,,
2 Bedroom Apartment,750000.0,2.0,1.0,1.0,,86 Durnford Road Richem Empangeni,
3 Bedroom Apartment,1275000.0,3.0,2.0,2.0,,,
1.5 Bedroom Apartment,580000.0,15.0,15.0,1.0,,,
2 Bedroom Apartment,750000.0,2.0,15.0,,,,
0.5 Bedroom Apartment,400000.0,5.0,1.0,,,26 Beach Road,
3 Bedroom Townhouse,1450000.0,3.0,25.0,1.0,,,
3 Bedroom House,1265000.0,3.0,1.0,,,,
1 Bedroom Apartment,430000.0,1.0,1.0,1.0,,,
1 Bedroom Townhouse,650000.0,1.0,1.0,,,,
3 Bedroom House,950000.0,3.0,2.0,3.0,394.0,,
2 Bedroom Apartment,1695000.0,2.0,1.0,3.0,,,
2 Bedroom Apartment,750000.0,2.0,15.0,,,,
3 Bedroom Townhouse,650000.0,3.0,2.0,1.0,,,
2 Bedroom Apartment,650000.0,2.0,1.0,1.0,,,
3 Bedroom Apartment,690000.0,3.0,2.0,1.0,4400.0,,
3 Bedroom House,899000.0,3.0,1.0,4.0,197.0,,
3 Bedroom House,1395000.0,3.0,2.0,6.0,681.0,,
3 Bedroom Apartment,1950000.0,3.0,2.0,2.0,,,
3 Bedroom House,950000.0,3.0,2.0,2.0,,,
3 Bedroom House,740000.0,3.0,15.0,3.0,450.0,,
3 Bedroom House,890000.0,3.0,1.0,,629.0,,
2 Bedroom Apartment,595000.0,2.0,1.0,1.0,,,
3 Bedroom Apartment,795000.0,3.0,1.0,1.0,,,
3 Bedroom Apartment,2890000.0,3.0,2.0,1.0,,,
3 Bedroom Apartment,2350000.0,3.0,2.0,2.0,,,
2 Bedroom Apartment,1150000.0,2.0,2.0,1.0,,41 Sol Harris Crescent,
3 Bedroom Apartment,2890000.0,3.0,2.0,1.0,,,
5 Bedroom House,1995000.0,5.0,2.0,9.0,,,
3 Bedroom House,1950000.0,3.0,25.0,5.0,997.0,,
3 Bedroom House,1450000.0,3.0,3.0,,900.0,,
3 Bedroom Apartment,1199000.0,3.0,2.0,2.0,,,
3 Bedroom House,3550000.0,3.0,35.0,3.0,420.0,,
2 Bedroom Apartment,1450000.0,2.0,1.0,1.0,,,
4 Bedroom Townhouse,1425000.0,4.0,25.0,1.0,,,
4 Bedroom House,780000.0,4.0,25.0,1.0,1116.0,,
5 Bedroom Townhouse,8500000.0,5.0,5.0,3.0,,,
3 Bedroom Apartment,2999000.0,3.0,2.0,1.0,,"401 Terra Mare, 69 Lagoon Drive",
1 Bedroom Apartment,1950000.0,1.0,1.0,2.0,,,
1 Bedroom Apartment,350000.0,1.0,1.0,1.0,,"405 Thanet House, 164 Langalibalele Street",
6 Bedroom House,1600000.0,6.0,4.0,,1216.0,,
2 Bedroom Apartment,930000.0,2.0,1.0,2.0,90.0,"7 Ss Monthaven, 605 Currie Road",
2 Bedroom House,750000.0,2.0,1.0,1.0,,,
3 Bedroom House,2350000.0,3.0,2.0,4.0,862.0,23 Morris Place,
4 Bedroom House,4990000.0,4.0,45.0,8.0,1278.0,,
2 Bedroom Apartment,520000.0,2.0,1.0,,72.0,,
4 Bedroom House,1690000.0,4.0,4.0,1.0,1183.0,,
5 Bedroom House,3625000.0,5.0,4.0,2.0,996.0,,
7 Bedroom House,4500000.0,7.0,4.0,1.0,712.0,,
2 Bedroom Apartment,4725000.0,2.0,2.0,3.0,,,
4 Bedroom House,4500000.0,4.0,25.0,2.0,3790.0,,
4 Bedroom House,2795000.0,4.0,2.0,6.0,,60 Maryvale Road,
1 Bedroom Apartment,899000.0,1.0,1.0,1.0,43.0,,
6 Bedroom House,2800000.0,6.0,2.0,5.0,925.0,,
3 Bedroom Apartment,890000.0,3.0,2.0,2.0,,,
2 Bedroom Apartment,795000.0,2.0,1.0,2.0,,,
3 Bedroom House,5300000.0,3.0,3.0,2.0,2611.0,,
2 Bedroom Apartment,795000.0,2.0,1.0,2.0,,,
4 Bedroom House,3900000.0,4.0,2.0,9.0,747.0,,
4 Bedroom House,8750000.0,4.0,4.0,2.0,200.0,"383 San Lameer Lower South Coast Kwa-Zulu Natal N2s R61, San Lameer",
4 Bedroom Apartment,4400000.0,4.0,4.0,1.0,,"403 San Lameer Estate, Lower South Coast Kwa-Zulu Natal N2s R61, San Lameer",
2 Bedroom Apartment,1195000.0,2.0,1.0,2.0,,,
3 Bedroom House,4750000.0,3.0,25.0,2.0,346.0,,
2 Bedroom Apartment,599000.0,2.0,2.0,2.0,,,
2 Bedroom Apartment,770000.0,2.0,1.0,1.0,,,
6 Bedroom House,4500000.0,6.0,6.0,17.0,2055.0,,
2 Bedroom House,250000.0,2.0,1.0,1.0,325.0,,
4 Bedroom House,1750000.0,4.0,2.0,3.0,1005.0,,
2 Bedroom House,1050000.0,2.0,1.0,4.0,,,
4 Bedroom House,950000.0,4.0,2.0,1.0,600.0,,
2.5 Bedroom Apartment,950000.0,25.0,1.0,1.0,,,
3 Bedroom House,550000.0,3.0,2.0,1.0,10944303.0,,
2 Bedroom Apartment,1795000.0,2.0,2.0,2.0,,,
4 Bedroom House,4950000.0,4.0,3.0,8.0,2039.0,,
4 Bedroom House,2700000.0,4.0,3.0,7.0,,,
3 Bedroom Townhouse,1620000.0,3.0,2.0,3.0,89515.0,,
3 Bedroom Apartment,3450000.0,3.0,2.0,,,,
3 Bedroom Apartment,2795000.0,3.0,2.0,2.0,,,
4 Bedroom House,6300000.0,4.0,3.0,4.0,554.0,,
2 Bedroom Apartment,1950000.0,2.0,15.0,2.0,,,
5 Bedroom House,1100000.0,5.0,3.0,2.0,1580.0,,
3 Bedroom Apartment,1750000.0,3.0,2.0,1.0,,,
4 Bedroom House,1750000.0,4.0,2.0,3.0,1005.0,,
2 Bedroom House,1500000.0,2.0,1.0,1.0,1084.0,7 15th Avenue,
2 Bedroom Apartment,4650000.0,2.0,2.0,1.0,,,
2 Bedroom Townhouse,600000.0,2.0,2.0,2.0,,,
2 Bedroom Apartment,3899000.0,2.0,3.0,1.0,,,
3 Bedroom House,850000.0,3.0,2.0,1.0,588.0,,
4 Bedroom House,2670000.0,4.0,3.0,2.0,1058.0,,
3 Bedroom House,695000.0,3.0,1.0,2.0,209.0,,
3 Bedroom House,999000.0,3.0,2.0,1.0,1018.0,,
5 Bedroom House,10500000.0,5.0,5.0,2.0,2434.0,,
2 Bedroom House,550000.0,2.0,1.0,2.0,,,
House,,,,,1166.0,,
2 Bedroom House,550000.0,2.0,1.0,2.0,,,
6 Bedroom House,1600000.0,6.0,5.0,7.0,,,
1 Bedroom Apartment,1195000.0,1.0,1.0,1.0,,,
3 Bedroom House,3900000.0,3.0,5.0,1.0,1647.0,,
3 Bedroom House,1395000.0,3.0,2.0,6.0,465.0,,
5 Bedroom House,1600000.0,5.0,2.0,6.0,1368.0,,
3 Bedroom House,2800000.0,3.0,2.0,2.0,,,
1 Bedroom Apartment,600000.0,1.0,1.0,1.0,,,
2 Bedroom Townhouse,795000.0,2.0,15.0,2.0,13425.0,,
3 Bedroom House,859000.0,3.0,15.0,6.0,295.0,,
4 Bedroom House,4945000.0,4.0,2.0,2.0,5532.0,,
2 Bedroom Apartment,1929000.0,2.0,2.0,2.0,,,
2 Bedroom Apartment,640000.0,2.0,1.0,1.0,,,
1 Bedroom Apartment,795000.0,1.0,1.0,1.0,,,
3 Bedroom Apartment,5957000.0,3.0,2.0,2.0,3929.0,,
2 Bedroom Apartment,4207000.0,2.0,2.0,2.0,3929.0,,
0.5 Bedroom Apartment,350000.0,5.0,1.0,,,,
2 Bedroom House,875000.0,2.0,1.0,3.0,,,
3 Bedroom House,850000.0,3.0,15.0,4.0,437.0,,
2 Bedroom House,480000.0,2.0,1.0,1.0,1828.0,,
Apartment,2900000.0,,,1.0,,,
3 Bedroom House,590000.0,3.0,2.0,,598.0,,
0.5 Bedroom Apartment,350000.0,5.0,1.0,,,,
2 Bedroom Apartment,650000.0,2.0,15.0,1.0,,,
1.5 Bedroom Apartment,547000.0,15.0,1.0,,,"504 Bay Towers, 3 Field Street",
2 Bedroom Apartment,1399000.0,2.0,2.0,2.0,,,
2 Bedroom Apartment,815000.0,2.0,1.0,1.0,,,
4 Bedroom House,380000.0,4.0,1.0,,,,
2 Bedroom Apartment,530000.0,2.0,15.0,1.0,,,
3 Bedroom Townhouse,890000.0,3.0,2.0,2.0,,,
2 Bedroom Apartment,750000.0,2.0,2.0,,102.0,,
3 Bedroom Apartment,5957000.0,3.0,2.0,2.0,3929.0,,
2 Bedroom Apartment,490000.0,2.0,1.0,2.0,440.0,,
2 Bedroom Townhouse,760000.0,2.0,2.0,2.0,108034.0,,
2 Bedroom Apartment,1595000.0,2.0,2.0,1.0,,,
3 Bedroom Apartment,845000.0,3.0,2.0,2.0,,,
5 Bedroom House,2750000.0,5.0,4.0,4.0,2288.0,,
6 Bedroom House,3495000.0,6.0,6.0,3.0,824.0,,
2 Bedroom Apartment,1375000.0,2.0,1.0,1.0,,,
2 Bedroom Apartment,640000.0,2.0,1.0,2.0,,,
2 Bedroom Townhouse,1550000.0,2.0,2.0,3.0,,,
2 Bedroom Apartment,950000.0,2.0,2.0,1.0,,,
3 Bedroom House,1350000.0,3.0,2.0,2.0,1330.0,,
7 Bedroom House,1800000.0,7.0,15.0,2.0,929.0,731 Winchester Drive,
3 Bedroom House,990000.0,3.0,15.0,2.0,,,
2 Bedroom Apartment,2850000.0,2.0,2.0,1.0,,,
2 Bedroom Apartment,1890000.0,2.0,2.0,2.0,,,
1 Bedroom Apartment,990000.0,1.0,1.0,1.0,,,
2 Bedroom Townhouse,1550000.0,2.0,2.0,3.0,,,
1 Bedroom Apartment,695000.0,1.0,1.0,1.0,45.0,,
3 Bedroom Apartment,1250000.0,3.0,2.0,2.0,,,
2 Bedroom Apartment,980000.0,2.0,2.0,1.0,,,
4 Bedroom House,1195000.0,4.0,4.0,1.0,240.0,,
3 Bedroom House,1450000.0,3.0,3.0,2.0,1231.0,,
3 Bedroom House,5995000.0,3.0,3.0,3.0,11941.0,,
4 Bedroom Townhouse,7750000.0,4.0,4.0,2.0,,,
3 Bedroom House,750000.0,3.0,2.0,2.0,,Slangspruit,
4 Bedroom House,2015000.0,4.0,3.0,2.0,1035.0,,
1 Bedroom Apartment,850000.0,1.0,1.0,1.0,,,
3 Bedroom House,750000.0,3.0,2.0,4.0,344.0,,
2 Bedroom Apartment,1230000.0,2.0,1.0,1.0,,,
3 Bedroom House,1950000.0,3.0,1.0,10.0,50392.0,,
3 Bedroom Townhouse,920000.0,3.0,15.0,,15966.0,,
3 Bedroom Townhouse,915000.0,3.0,2.0,2.0,10767.0,,
3 Bedroom Apartment,2950000.0,3.0,2.0,2.0,,,
3 Bedroom Townhouse,1995000.0,3.0,3.0,3.0,4076.0,,
3 Bedroom Townhouse,795000.0,3.0,2.0,1.0,10.0,,
3 Bedroom Townhouse,2395000.0,3.0,2.0,2.0,471.0,275 Gladys Manzi Road,
2 Bedroom Apartment,765000.0,2.0,2.0,1.0,,,
1 Bedroom Apartment,690000.0,1.0,1.0,2.0,,,
2 Bedroom Apartment,995000.0,2.0,2.0,1.0,,"Ocean Gardens, Bidstone Road",
4 Bedroom Apartment,2500000.0,4.0,45.0,2.0,,,
2 Bedroom Townhouse,750000.0,2.0,15.0,1.0,184559.0,1301 Leisure Bay,
1 Bedroom Apartment,1100000.0,1.0,1.0,1.0,,,
2 Bedroom Apartment,995000.0,2.0,2.0,1.0,,"Ocean Gardens, Bidstone Road",
3 Bedroom House,895000.0,3.0,2.0,2.0,,,
2 Bedroom Apartment,2095000.0,2.0,2.0,1.0,,,
2 Bedroom Apartment,4447000.0,2.0,2.0,2.0,,,
2 Bedroom Apartment,3497000.0,2.0,2.0,2.0,,,
2 Bedroom Apartment,650000.0,2.0,1.0,1.0,,,
2 Bedroom Townhouse,1200000.0,2.0,1.0,2.0,23963.0,,
1.5 Bedroom Apartment,1370000.0,15.0,15.0,,,,
3 Bedroom House,7000000.0,3.0,35.0,3.0,2000.0,,
3 Bedroom Townhouse,900000.0,3.0,2.0,2.0,8728.0,"4 Ss Emoyeni, 1 Edgeware Road",
3 Bedroom Apartment,4795000.0,3.0,2.0,2.0,,,
2 Bedroom Apartment,1295000.0,2.0,2.0,2.0,,,
2 Bedroom Townhouse,1299000.0,2.0,2.0,,1101.0,,
1 Bedroom Townhouse,550000.0,1.0,1.0,,,,
3 Bedroom House,1700000.0,3.0,2.0,1.0,880.0,,
2 Bedroom Apartment,780000.0,2.0,1.0,2.0,,53 Marine Drive,
3 Bedroom House,800000.0,3.0,2.0,1.0,374.0,,
3 Bedroom House,1700000.0,3.0,2.0,1.0,880.0,,
1 Bedroom Apartment,1150000.0,1.0,1.0,1.0,,,
3 Bedroom House,1800000.0,3.0,3.0,2.0,,,
2 Bedroom House,1400000.0,2.0,2.0,2.0,788.0,,
5 Bedroom House,995000.0,5.0,4.0,8.0,468.0,,
5 Bedroom House,11500000.0,5.0,4.0,6.0,2762.0,,
4 Bedroom House,1480000.0,4.0,3.0,6.0,885.0,,
3 Bedroom House,830000.0,3.0,1.0,,,,
7 Bedroom House,2200000.0,7.0,3.0,6.0,804.0,,
3 Bedroom House,1295000.0,3.0,2.0,3.0,186.0,,
3 Bedroom House,2400000.0,3.0,25.0,4.0,600.0,,
4 Bedroom House,3190000.0,4.0,3.0,4.0,1364.0,,
2 Bedroom Apartment,755000.0,2.0,1.0,1.0,,,
2 Bedroom Apartment,1550000.0,2.0,2.0,2.0,,,
4 Bedroom House,1100000.0,4.0,25.0,6.0,1008.0,,
4 Bedroom Townhouse,5800000.0,4.0,3.0,5.0,25026.0,"22 Ascot, 12 Simbithi Drive",
3 Bedroom Apartment,6250000.0,3.0,2.0,4.0,,,
4 Bedroom House,5495000.0,4.0,45.0,1.0,1087.0,,
4 Bedroom House,2995000.0,4.0,25.0,2.0,1590.0,,
2 Bedroom Townhouse,2250000.0,2.0,2.0,1.0,,,
3 Bedroom Townhouse,4800000.0,3.0,25.0,4.0,,"3 Ferox, 1 Elaleni Drive",
2 Bedroom Apartment,835000.0,2.0,1.0,1.0,,,
3 Bedroom Apartment,2125000.0,3.0,2.0,1.0,,,
1 Bedroom Apartment,585000.0,1.0,1.0,1.0,,"16 Uvongo Square, 84 Colin Street",
4 Bedroom House,1480000.0,4.0,3.0,6.0,885.0,,
3 Bedroom Apartment,8900000.0,3.0,2.0,2.0,,,
2 Bedroom House,400000.0,2.0,1.0,1.0,197.0,,
2 Bedroom Apartment,680000.0,2.0,1.0,1.0,,,
2 Bedroom Apartment,815000.0,2.0,1.0,2.0,,,
3 Bedroom House,695000.0,3.0,1.0,1.0,271.0,,
5 Bedroom House,7950000.0,5.0,35.0,6.0,6250.0,,
4 Bedroom House,1530000.0,4.0,25.0,2.0,1456.0,,
2 Bedroom Townhouse,945000.0,2.0,1.0,2.0,,,
2 Bedroom Apartment,3200000.0,2.0,2.0,3.0,,,
2 Bedroom Apartment,875000.0,2.0,1.0,1.0,,,
4 Bedroom House,1350000.0,4.0,2.0,6.0,1858.0,,
2 Bedroom Townhouse,2900000.0,2.0,2.0,2.0,,,
2 Bedroom House,599000.0,2.0,1.0,7.0,470.0,,
8 Bedroom House,8500000.0,8.0,8.0,22.0,36440.0,,
3 Bedroom House,865000.0,3.0,3.0,,240.0,,
3 Bedroom House,11500000.0,3.0,2.0,1.0,6274.0,,
1 Bedroom Apartment,645000.0,1.0,1.0,,,,
4 Bedroom House,5490000.0,4.0,3.0,9.0,,,
2 Bedroom Apartment,1595000.0,2.0,1.0,1.0,,,
2 Bedroom Apartment,1550000.0,2.0,1.0,2.0,,,
2 Bedroom Apartment,815000.0,2.0,1.0,2.0,,,
0.5 Bedroom Townhouse,350000.0,5.0,1.0,1.0,,,
2 Bedroom Apartment,730000.0,2.0,1.0,1.0,,,
1 Bedroom Apartment,590000.0,1.0,1.0,1.0,,,
3 Bedroom House,890000.0,3.0,1.0,1.0,350.0,,
2 Bedroom Apartment,1795000.0,2.0,2.0,1.0,,,
4 Bedroom Townhouse,12995000.0,4.0,3.0,7.0,1284.0,,
10 Bedroom House,4900000.0,10.0,5.0,19.0,1149.0,,
3 Bedroom House,1490000.0,3.0,2.0,3.0,240.0,,
3 Bedroom Apartment,1650000.0,3.0,25.0,,,,
2 Bedroom Apartment,2600000.0,2.0,2.0,,,,
2 Bedroom Apartment,3415000.0,2.0,2.0,1.0,,,
2 Bedroom Apartment,3965000.0,2.0,2.0,1.0,,,
2 Bedroom Apartment,650000.0,2.0,15.0,1.0,,,
3 Bedroom House,850000.0,3.0,1.0,6.0,1200.0,,
2 Bedroom Apartment,1750000.0,2.0,2.0,1.0,,,
9 Bedroom House,5950000.0,9.0,7.0,2.0,2000.0,,
4 Bedroom Townhouse,12995000.0,4.0,3.0,7.0,1284.0,,
2 Bedroom Apartment,2200000.0,2.0,2.0,2.0,,,
2 Bedroom Apartment,750000.0,2.0,1.0,1.0,,23 Brand Road,
2 Bedroom Apartment,1995000.0,2.0,2.0,2.0,,,
3 Bedroom House,650000.0,3.0,2.0,4.0,425.0,,
2 Bedroom Apartment,400000.0,2.0,2.0,2.0,,,
2 Bedroom Townhouse,902000.0,2.0,2.0,2.0,89896.0,,
3 Bedroom Apartment,1900000.0,3.0,2.0,1.0,,,
2.5 Bedroom Apartment,790000.0,25.0,1.0,1.0,,,
3 Bedroom House,1750000.0,3.0,2.0,7.0,1035.0,,
4 Bedroom House,2465000.0,4.0,4.0,4.0,595.0,,
5 Bedroom House,1490000.0,5.0,45.0,8.0,1012.0,432 Park Station Road,
3 Bedroom House,1500000.0,3.0,1.0,,2000.0,,
3 Bedroom House,925000.0,3.0,25.0,4.0,1240.0,,
3 Bedroom House,1490000.0,3.0,2.0,1.0,771.0,,
3 Bedroom House,1300000.0,3.0,25.0,2.0,785.0,,
3 Bedroom Apartment,2650000.0,3.0,2.0,61.0,,,
2 Bedroom Apartment,615000.0,2.0,1.0,1.0,,,
2 Bedroom Apartment,800000.0,2.0,2.0,1.0,,,
3 Bedroom House,1500000.0,3.0,1.0,,2000.0,,
2 Bedroom Apartment,900000.0,2.0,2.0,2.0,,39 Victor Road,
1.5 Bedroom Apartment,850000.0,15.0,1.0,1.0,,,
1.5 Bedroom Apartment,660000.0,15.0,1.0,1.0,59.0,,
1 Bedroom Apartment,350000.0,1.0,1.0,,,,
3 Bedroom House,410000.0,3.0,2.0,1.0,,,
2 Bedroom Apartment,999999.0,2.0,2.0,,24553.0,,
0.5 Bedroom Apartment,290000.0,5.0,1.0,,,,
1 Bedroom Apartment,575000.0,1.0,1.0,,,,
4 Bedroom House,5500000.0,4.0,2.0,2.0,2299.0,,
2 Bedroom Apartment,875000.0,2.0,15.0,1.0,,,
3 Bedroom Apartment,2600000.0,3.0,3.0,2.0,,,
3 Bedroom Townhouse,620000.0,3.0,2.0,,20636.0,,
3 Bedroom Apartment,2200000.0,3.0,25.0,2.0,,,
5 Bedroom House,4500000.0,5.0,5.0,2.0,1331.0,,
3 Bedroom Apartment,1090000.0,3.0,15.0,1.0,,,
3 Bedroom Townhouse,3200000.0,3.0,3.0,3.0,,,
3 Bedroom Apartment,1599000.0,3.0,2.0,2.0,,,
House,950000.0,,,,,,
3 Bedroom Townhouse,1599000.0,3.0,2.0,1.0,,,
3 Bedroom Apartment,850000.0,3.0,25.0,2.0,,,
4 Bedroom House,1295000.0,4.0,2.0,11.0,650.0,,
3 Bedroom Townhouse,2500000.0,3.0,25.0,4.0,180.0,,
3 Bedroom Apartment,850000.0,3.0,25.0,2.0,,,
5 Bedroom House,1900000.0,5.0,4.0,3.0,,,
3 Bedroom House,3000000.0,3.0,2.0,2.0,1561.0,,
2 Bedroom Apartment,985000.0,2.0,2.0,2.0,,,
3 Bedroom Townhouse,2995000.0,3.0,2.0,,7530.0,,
3 Bedroom House,680000.0,3.0,1.0,,608.0,,
3 Bedroom Apartment,949000.0,3.0,2.0,2.0,,,
5 Bedroom House,1150000.0,5.0,2.0,1.0,418.0,,
2 Bedroom House,1795000.0,2.0,25.0,1.0,,,
2 Bedroom Apartment,1595000.0,2.0,2.0,1.0,,,
3 Bedroom House,1150000.0,3.0,1.0,4.0,1233.0,,
17 Bedroom House,2995000.0,17.0,11.0,1.0,1004.0,,
6 Bedroom House,4750000.0,6.0,3.0,3.0,1587.0,,
3 Bedroom Apartment,949000.0,3.0,2.0,2.0,,,
3 Bedroom House,1495000.0,3.0,3.0,6.0,371.0,,
1 Bedroom Apartment,1250000.0,1.0,1.0,1.0,,,
2 Bedroom Apartment,715000.0,2.0,1.0,2.0,,,
2 Bedroom House,820000.0,2.0,1.0,2.0,345.0,,
3 Bedroom Townhouse,1450000.0,3.0,1.0,2.0,23451.0,,
3 Bedroom House,950000.0,3.0,2.0,3.0,1449.0,,
Apartment,395000.0,,1.0,,,,
2 Bedroom Apartment,1515000.0,2.0,2.0,2.0,,,
4 Bedroom House,2400000.0,4.0,2.0,,,,
3 Bedroom House,2950000.0,3.0,2.0,5.0,1194.0,,
2 Bedroom House,550000.0,2.0,1.0,,,,
3 Bedroom House,1290000.0,3.0,3.0,6.0,657.0,,
3 Bedroom House,2250000.0,3.0,2.0,,750.0,,
3 Bedroom House,380000.0,3.0,2.0,6.0,1400.0,,
2 Bedroom House,945000.0,2.0,2.0,4.0,344.0,,
2 Bedroom House,550000.0,2.0,1.0,,338.0,,
2 Bedroom House,2000000.0,2.0,25.0,3.0,1122.0,,
3 Bedroom Townhouse,1150000.0,3.0,2.0,2.0,,,
4 Bedroom House,665000.0,4.0,1.0,2.0,300.0,,
3 Bedroom House,1995000.0,3.0,1.0,2.0,580.0,2 Camborne Road,
4 Bedroom House,1200000.0,4.0,1.0,2.0,449.0,,
1 Bedroom Apartment,1590000.0,1.0,1.0,1.0,,,
2 Bedroom Apartment,3300000.0,2.0,2.0,1.0,,"35 Malindi, 24 Marine Drive",
2 Bedroom House,2000000.0,2.0,25.0,3.0,1122.0,,
2 Bedroom House,1489000.0,2.0,1.0,3.0,27936.0,,
1.5 Bedroom Apartment,,15.0,1.0,1.0,,Mt Royale 15 Dunkirk Place,
2 Bedroom House,680000.0,2.0,1.0,1.0,132.0,101 Stemlen Place,
2 Bedroom Apartment,899000.0,2.0,2.0,,,,
4 Bedroom Apartment,4600000.0,4.0,3.0,4.0,,,
2 Bedroom Apartment,1350000.0,2.0,1.0,1.0,,,
0.5 Bedroom Apartment,780000.0,5.0,15.0,1.0,,,
2 Bedroom Apartment,2300000.0,2.0,2.0,2.0,,,
1.5 Bedroom Apartment,690000.0,15.0,1.0,2.0,,,
3 Bedroom Apartment,1050000.0,3.0,25.0,2.0,,,
5 Bedroom House,3200000.0,5.0,4.0,3.0,1694.0,,
2 Bedroom Apartment,700000.0,2.0,2.0,,,,
2 Bedroom Apartment,750000.0,2.0,1.0,,,,
1 Bedroom Apartment,725000.0,1.0,1.0,1.0,,,
4 Bedroom House,6500000.0,4.0,45.0,2.0,15000.0,,
4 Bedroom House,1295000.0,4.0,2.0,12.0,1000.0,,
3 Bedroom House,1599000.0,3.0,3.0,6.0,1060.0,,
3 Bedroom Townhouse,1235000.0,3.0,2.0,2.0,,,
6 Bedroom House,925000.0,6.0,1.0,1.0,932.0,,
2 Bedroom House,398000.0,2.0,1.0,,350.0,,
2 Bedroom Apartment,860000.0,2.0,1.0,1.0,,,
3 Bedroom Townhouse,570000.0,3.0,1.0,1.0,193568.0,,
1 Bedroom Apartment,450000.0,1.0,1.0,,,,
3 Bedroom House,2150000.0,3.0,3.0,6.0,1080.0,,
4 Bedroom House,1295000.0,4.0,2.0,12.0,1000.0,,
3 Bedroom House,1650000.0,3.0,3.0,1.0,750.0,,
3 Bedroom House,1260000.0,3.0,25.0,6.0,677.0,,
2 Bedroom Apartment,1420650.0,2.0,2.0,1.0,74.0,,
3 Bedroom Apartment,1250000.0,3.0,2.0,1.0,,,
5 Bedroom House,1495000.0,5.0,2.0,3.0,1531.0,,
3 Bedroom House,1575000.0,3.0,2.0,3.0,158.0,,
2 Bedroom Apartment,870000.0,2.0,2.0,2.0,,,
5 Bedroom House,1350000.0,5.0,2.0,,1716.0,,
5 Bedroom House,3650000.0,5.0,3.0,4.0,2957.0,,
4 Bedroom House,1050000.0,4.0,21.0,2.0,216.0,,
1 Bedroom Apartment,900000.0,1.0,1.0,1.0,,,
2 Bedroom Apartment,950000.0,2.0,1.0,1.0,,,
1 Bedroom Apartment,1400000.0,1.0,1.0,1.0,,,
2 Bedroom Townhouse,1395000.0,2.0,1.0,2.0,,,
3 Bedroom Townhouse,1750000.0,3.0,1.0,2.0,17187.0,,
2 Bedroom Apartment,520000.0,2.0,1.0,2.0,,,
5 Bedroom House,3650000.0,5.0,3.0,4.0,2957.0,,
1 Bedroom Apartment,670000.0,1.0,1.0,1.0,,,
4 Bedroom House,2400000.0,4.0,,,1269.0,,
1 Bedroom Apartment,550000.0,1.0,1.0,1.0,,,
4 Bedroom House,2990000.0,4.0,2.0,3.0,2316.0,,
3 Bedroom Townhouse,895000.0,3.0,1.0,,6257.0,,
3 Bedroom Apartment,4950000.0,3.0,3.0,2.0,,,
4 Bedroom House,1600000.0,4.0,25.0,6.0,541.0,,
4 Bedroom Townhouse,7800000.0,4.0,4.0,2.0,,,
3 Bedroom House,1500000.0,3.0,2.0,2.0,1052.0,,
2 Bedroom Apartment,695000.0,2.0,2.0,1.0,,,
2 Bedroom Apartment,869000.0,2.0,2.0,2.0,,,
2 Bedroom Apartment,2200000.0,2.0,1.0,2.0,,,
3 Bedroom Townhouse,1350000.0,3.0,1.0,3.0,,"29 Ss Brighton Sands, 10 Gousblom Road",
2 Bedroom House,3890000.0,2.0,2.0,2.0,442.0,,
3 Bedroom Townhouse,1395000.0,3.0,2.0,2.0,9382.0,12 Sylvan Avenue,
3 Bedroom Townhouse,1095000.0,3.0,2.0,2.0,6891.0,,
4 Bedroom House,3900000.0,4.0,45.0,3.0,2322.0,,
3 Bedroom Apartment,1300000.0,3.0,1.0,2.0,,,
3 Bedroom Apartment,4400000.0,3.0,2.0,2.0,,,
4 Bedroom House,2495000.0,4.0,4.0,4.0,2782.0,,
4 Bedroom Apartment,2550000.0,4.0,35.0,2.0,,,
2 Bedroom Apartment,2485000.0,2.0,3.0,2.0,,,
3 Bedroom House,1280000.0,3.0,2.0,2.0,1925.0,,
2 Bedroom Apartment,549000.0,2.0,1.0,1.0,,,
3 Bedroom Townhouse,1350000.0,3.0,1.0,3.0,,"29 Ss Brighton Sands, 10 Gousblom Road",
1 Bedroom Apartment,350000.0,1.0,1.0,1.0,,110 Gillespie St,
3 Bedroom Apartment,873600.0,3.0,2.0,,,,
3 Bedroom Townhouse,1195000.0,3.0,1.0,2.0,28619.0,,
4 Bedroom House,1299000.0,4.0,3.0,10.0,514.0,,
3 Bedroom House,1950000.0,3.0,2.0,2.0,2485.0,,
3 Bedroom Apartment,1995000.0,3.0,2.0,2.0,,,
4 Bedroom House,3450000.0,4.0,4.0,6.0,1841.0,,
2 Bedroom Townhouse,475000.0,2.0,1.0,1.0,1014.0,,
5 Bedroom House,3500000.0,5.0,3.0,5.0,2023.0,,
12 Bedroom House,3200000.0,12.0,85.0,8.0,3474.0,,
1 Bedroom Apartment,4709000.0,1.0,1.0,1.0,,,
2 Bedroom Apartment,870000.0,2.0,1.0,1.0,,,
3 Bedroom Townhouse,1699000.0,3.0,3.0,2.0,,,
2 Bedroom Apartment,1870000.0,2.0,2.0,2.0,,,
7 Bedroom House,1200000.0,7.0,3.0,6.0,646.0,,
3 Bedroom House,1350000.0,3.0,2.0,8.0,891.0,,
1 Bedroom Apartment,1180000.0,1.0,1.0,1.0,62.0,,
3 Bedroom Apartment,1250000.0,3.0,2.0,2.0,,,
2 Bedroom Apartment,615000.0,2.0,1.0,1.0,,,
3 Bedroom House,1995000.0,3.0,2.0,5.0,665.0,,
2 Bedroom Apartment,3100000.0,2.0,2.0,2.0,,,
2 Bedroom Apartment,679000.0,2.0,1.0,2.0,,,
3 Bedroom Apartment,899000.0,3.0,2.0,2.0,,,
3 Bedroom Townhouse,1800000.0,3.0,2.0,,8336.0,,
4 Bedroom Townhouse,3195000.0,4.0,3.0,3.0,231352.0,,
4 Bedroom Townhouse,3195000.0,4.0,3.0,3.0,231352.0,,
5 Bedroom House,3450000.0,5.0,45.0,3.0,,6 Hana Hana Drive,
2 Bedroom Apartment,1199000.0,2.0,2.0,2.0,,,
1.5 Bedroom Apartment,765000.0,15.0,1.0,1.0,,,
2 Bedroom Apartment,2499000.0,2.0,1.0,1.0,,31 Ocean Drive,
3 Bedroom House,5300000.0,3.0,3.0,2.0,15959.0,15 Phezulu Villas,
4 Bedroom House,1100000.0,4.0,2.0,2.0,1106.0,,
4 Bedroom House,5500000.0,4.0,3.0,10.0,1288.0,12 San Diego,
1 Bedroom Apartment,895000.0,1.0,1.0,2.0,,,
2 Bedroom Townhouse,1099000.0,2.0,15.0,3.0,,,
2 Bedroom Townhouse,1650000.0,2.0,1.0,2.0,,,
3 Bedroom Townhouse,900000.0,3.0,15.0,1.0,4046.0,,
3 Bedroom House,2695000.0,3.0,2.0,2.0,,21 Malcolm Welfare Circle,
2 Bedroom Apartment,1650000.0,2.0,1.0,1.0,,,
4 Bedroom House,1195000.0,4.0,2.0,5.0,547.0,,
3 Bedroom House,1090000.0,3.0,1.0,10.0,1277.0,,
3 Bedroom House,1300000.0,3.0,1.0,3.0,377.0,15 Laurel Road,
1 Bedroom Apartment,875000.0,1.0,1.0,2.0,,,
3 Bedroom House,3295000.0,3.0,2.0,,300.0,,
3 Bedroom House,1090000.0,3.0,1.0,10.0,1277.0,,
3 Bedroom Apartment,3900000.0,3.0,2.0,1.0,,,
3 Bedroom Apartment,3920000.0,3.0,2.0,2.0,,12 322 On Boulevard,
2 Bedroom House,830000.0,2.0,1.0,3.0,345.0,,
4 Bedroom House,1650000.0,4.0,4.0,1.0,1215.0,,
3 Bedroom House,880000.0,3.0,3.0,3.0,1100.0,,
House,850000.0,,,,,,
3 Bedroom Apartment,1550000.0,3.0,3.0,,,,
1 Bedroom Apartment,2750000.0,1.0,1.0,1.0,,,
4 Bedroom House,875000.0,4.0,2.0,2.0,383.0,,
3 Bedroom House,1544000.0,3.0,1.0,3.0,,,
2 Bedroom Apartment,620000.0,2.0,1.0,1.0,,,
Apartment,695000.0,,1.0,,,,
3 Bedroom House,650000.0,3.0,1.0,4.0,106.0,,
3 Bedroom Apartment,3200000.0,3.0,25.0,,2043.0,,
1 Bedroom Apartment,330000.0,1.0,1.0,,,,
3 Bedroom Apartment,650000.0,3.0,3.0,1.0,,,
House,380000.0,,,,,,
6 Bedroom House,2685000.0,6.0,6.0,1.0,1012.0,,
3 Bedroom Apartment,1950000.0,3.0,2.0,1.0,,,
House,850000.0,,,,,,
1 Bedroom Apartment,295000.0,1.0,1.0,,,,
5 Bedroom House,1100000.0,5.0,3.0,7.0,1301.0,,
3 Bedroom House,4750000.0,3.0,2.0,4.0,500.0,,
3 Bedroom House,4750000.0,3.0,2.0,4.0,500.0,,
6 Bedroom House,3200000.0,6.0,3.0,1.0,2028.0,86 Lorne Street,
3 Bedroom Townhouse,1075000.0,3.0,25.0,2.0,1195.0,"15 Kingsville, 7 Kings Road",
3 Bedroom Apartment,880000.0,3.0,1.0,2.0,,129 Marine Drive,
2 Bedroom Apartment,940000.0,2.0,2.0,1.0,,,
3 Bedroom House,1850000.0,3.0,25.0,8.0,2023.0,,
2 Bedroom Apartment,1900000.0,2.0,2.0,2.0,,,
2 Bedroom Townhouse,735000.0,2.0,1.0,1.0,,1119 Main Road,
4 Bedroom House,7900000.0,4.0,35.0,3.0,2000.0,42 Falls View Way,
3 Bedroom House,1030000.0,3.0,1.0,2.0,595.0,13 Montgomery Road,
3 Bedroom Apartment,2750000.0,3.0,2.0,3.0,,,
3 Bedroom Townhouse,1300000.0,3.0,3.0,1.0,6436.0,,
3 Bedroom House,3375000.0,3.0,2.0,4.0,25.0,,
4 Bedroom House,650000.0,4.0,2.0,2.0,,,
4 Bedroom House,1575000.0,4.0,3.0,2.0,1100.0,,
4 Bedroom House,5695000.0,4.0,3.0,4.0,569.0,,
2 Bedroom Apartment,950000.0,2.0,2.0,2.0,1957.0,,
3 Bedroom House,3375000.0,3.0,2.0,4.0,25.0,,
3 Bedroom Townhouse,4550000.0,3.0,25.0,2.0,,,
1 Bedroom Apartment,695000.0,1.0,1.0,1.0,,,
2 Bedroom Apartment,750000.0,2.0,1.0,2.0,,,
3 Bedroom Apartment,2550000.0,3.0,3.0,1.0,,,
3 Bedroom House,5350000.0,3.0,35.0,4.0,8000.0,,
2 Bedroom Apartment,1100000.0,2.0,1.0,1.0,,,
2 Bedroom Townhouse,750000.0,2.0,1.0,1.0,,,
4 Bedroom House,2100000.0,4.0,4.0,5.0,458.0,,
4 Bedroom House,4500000.0,4.0,3.0,6.0,1606.0,,
6 Bedroom House,4995000.0,6.0,55.0,2.0,6154.0,,
3 Bedroom House,700000.0,3.0,2.0,3.0,85.0,,
16 Bedroom House,1600000.0,16.0,8.0,4.0,949.0,,
4 Bedroom Apartment,6600000.0,4.0,3.0,3.0,,,
2 Bedroom House,500000.0,2.0,,,,,
3 Bedroom House,1200000.0,3.0,1.0,2.0,465.0,,
9 Bedroom House,12000000.0,9.0,8.0,5.0,14.0,816 Munster Road,
3 Bedroom Townhouse,7950000.0,3.0,35.0,3.0,6675.0,,
4 Bedroom House,2700000.0,4.0,25.0,6.0,743.0,,
4 Bedroom Apartment,6600000.0,4.0,3.0,3.0,,,
3 Bedroom Apartment,2600000.0,3.0,2.0,1.0,,,
3 Bedroom Apartment,2300000.0,3.0,2.0,4.0,,,
3 Bedroom Apartment,3950000.0,3.0,2.0,2.0,,,
1 Bedroom Apartment,1695000.0,1.0,1.0,1.0,,,
2 Bedroom Apartment,1100000.0,2.0,2.0,1.0,,46 Queen Street,
2 Bedroom Apartment,890000.0,2.0,1.0,1.0,,62 Queen Street,
2 Bedroom Apartment,830000.0,2.0,1.0,2.0,,"7 Surf Edge, 177 Marine Drive",
3 Bedroom House,850000.0,3.0,3.0,1.0,1596.0,,
4 Bedroom House,1195000.0,4.0,2.0,2.0,375.0,,
2 Bedroom Apartment,1350000.0,2.0,2.0,1.0,80.0,,
3 Bedroom House,850000.0,3.0,15.0,5.0,1046.0,,
3 Bedroom House,2250000.0,3.0,2.0,4.0,900.0,,
2 Bedroom Apartment,1750000.0,2.0,1.0,1.0,,,
4 Bedroom House,10700000.0,4.0,4.0,3.0,1214.0,,
3 Bedroom Townhouse,1195000.0,3.0,2.0,2.0,,,
1 Bedroom Apartment,795000.0,1.0,1.0,2.0,,,
2 Bedroom Apartment,3300000.0,2.0,25.0,2.0,,"24 Gold Coast, 100 Boulevard",
4 Bedroom Apartment,2695000.0,4.0,35.0,3.0,,29 Marine Drive,
5 Bedroom House,850000.0,5.0,1.0,5.0,,81 Coedmore Road,
3 Bedroom Apartment,1350000.0,3.0,2.0,2.0,,,
3 Bedroom House,3570000.0,3.0,2.0,2.0,519.0,,
1.5 Bedroom Apartment,750000.0,15.0,1.0,1.0,,"2 Wilanard, 35 Brand Road",
3 Bedroom House,850000.0,3.0,1.0,2.0,663.0,,
5 Bedroom House,850000.0,5.0,1.0,5.0,,81 Coedmore Road,
3 Bedroom House,995000.0,3.0,2.0,3.0,1083.0,,
4 Bedroom House,3850000.0,4.0,4.0,4.0,1647.0,,
2 Bedroom House,550000.0,2.0,1.0,,2800.0,190155 Road L633 Umbumbulu,
3 Bedroom House,1350000.0,3.0,2.0,2.0,,,
4 Bedroom House,1350000.0,4.0,2.0,4.0,711.0,,
3 Bedroom Apartment,1520000.0,3.0,2.0,1.0,,74 Colin Street,
4 Bedroom House,1549999.0,4.0,2.0,3.0,1254.0,,
2 Bedroom Apartment,2090000.0,2.0,2.0,1.0,,4 Solstice Road,
4 Bedroom House,3750000.0,4.0,4.0,2.0,4447.0,,
5 Bedroom Apartment,6900000.0,5.0,35.0,4.0,,"134 Shortens Country Estate, 1 Lee Barnes Boulevard",
4 Bedroom House,1495000.0,4.0,2.0,4.0,684.0,,
3 Bedroom Townhouse,1400000.0,3.0,2.0,2.0,,,
2 Bedroom Townhouse,1350000.0,2.0,2.0,2.0,2011.0,,
4 Bedroom House,1200000.0,4.0,2.0,8.0,512.0,,
2 Bedroom Apartment,5100000.0,2.0,2.0,2.0,,,
2 Bedroom Apartment,1600000.0,2.0,2.0,3.0,,,
6 Bedroom House,9950000.0,6.0,55.0,5.0,1600.0,258 John King Lane,
3 Bedroom House,1780000.0,3.0,2.0,4.0,1012.0,,
3 Bedroom Townhouse,7950000.0,3.0,35.0,1.0,6198.0,". Zimbali Estate, 30 Oceans Edge",
3 Bedroom House,1799900.0,3.0,2.0,3.0,,,
2 Bedroom Apartment,650000.0,2.0,15.0,1.0,,,
4 Bedroom House,1495000.0,4.0,2.0,4.0,684.0,,
2 Bedroom Apartment,2695000.0,2.0,2.0,2.0,,,
4 Bedroom House,6400000.0,4.0,3.0,6.0,701.0,,
2 Bedroom House,995000.0,2.0,1.0,7.0,338.0,,
3 Bedroom Apartment,2500000.0,3.0,2.0,2.0,,,
3 Bedroom Townhouse,6495000.0,3.0,25.0,2.0,,,
Apartment,540000.0,,1.0,2.0,,,
3 Bedroom House,1300000.0,3.0,1.0,2.0,1037.0,,
2 Bedroom Apartment,999000.0,2.0,2.0,1.0,,,
2 Bedroom Apartment,799000.0,2.0,1.0,1.0,,,
2 Bedroom Apartment,2100000.0,2.0,1.0,1.0,,,
3 Bedroom Apartment,2595000.0,3.0,2.0,2.0,,,
2 Bedroom Apartment,1175000.0,2.0,25.0,,,,
1 Bedroom House,950000.0,1.0,1.0,10.0,1668.0,,
4 Bedroom House,1599000.0,4.0,2.0,4.0,1024.0,,
Apartment,540000.0,,1.0,2.0,,,
2 Bedroom Apartment,799000.0,2.0,15.0,1.0,,,
3 Bedroom Apartment,1250000.0,3.0,2.0,,,,
2 Bedroom Apartment,900000.0,2.0,1.0,1.0,,,
3 Bedroom Apartment,1695000.0,3.0,25.0,2.0,,,
3 Bedroom Apartment,3000000.0,3.0,2.0,2.0,,,
6 Bedroom House,3500000.0,6.0,4.0,7.0,1024.0,,
99 Bedroom Apartment,30000000.0,99.0,41.0,,428.0,,
14 Bedroom House,9495000.0,14.0,14.0,4.0,185.0,,
5 Bedroom House,2590000.0,5.0,4.0,1.0,1301.0,,
3 Bedroom House,2397000.0,3.0,25.0,3.0,1200.0,,
4 Bedroom Townhouse,3495000.0,4.0,2.0,2.0,,,
1 Bedroom Apartment,450000.0,1.0,1.0,,,,
2 Bedroom House,3688000.0,2.0,1.0,1.0,,,
5 Bedroom House,2590000.0,5.0,4.0,1.0,1301.0,,
3 Bedroom Apartment,920000.0,3.0,2.0,1.0,,,
2 Bedroom Apartment,1200000.0,2.0,1.0,1.0,,,
3 Bedroom House,1060000.0,3.0,1.0,,4000.0,,
3 Bedroom House,1100000.0,3.0,1.0,3.0,916.0,,
2 Bedroom Apartment,890000.0,2.0,2.0,1.0,,,
1 Bedroom Apartment,650000.0,1.0,1.0,1.0,,,
3 Bedroom House,795000.0,3.0,1.0,2.0,300.0,85 Archstone Avenue,
2 Bedroom Apartment,1300000.0,2.0,1.0,2.0,,,
5 Bedroom House,29000000.0,5.0,6.0,8.0,1713.0,,
3 Bedroom House,550000.0,3.0,1.0,2.0,193.0,,
8 Bedroom House,5995000.0,8.0,3.0,8.0,390000.0,,
3 Bedroom House,1900000.0,3.0,3.0,4.0,1245.0,,
3 Bedroom Apartment,900000.0,3.0,2.0,2.0,,,
1 Bedroom Apartment,950000.0,1.0,1.0,1.0,,,
4 Bedroom House,985000.0,4.0,2.0,2.0,5710.0,,
4 Bedroom Apartment,1950000.0,4.0,2.0,1.0,,1 Konrad Drive,
2 Bedroom Apartment,2151443.0,2.0,1.0,2.0,,"12 Acacia Place, 37 Aloe Crescent",
3 Bedroom Apartment,3250000.0,3.0,2.0,2.0,,,
2 Bedroom Apartment,860000.0,2.0,1.0,1.0,,,
2 Bedroom Apartment,900000.0,2.0,1.0,1.0,,"J 39 Ss Mason Arbour Town, 46 Arbour Road",
3 Bedroom House,,3.0,35.0,3.0,1081.0,,
2 Bedroom Apartment,695000.0,2.0,1.0,1.0,,"122 Waverley, 54 Margaret Mncadi Road",
1.5 Bedroom Apartment,850000.0,15.0,1.0,1.0,,,
3 Bedroom Apartment,1580000.0,3.0,2.0,3.0,,30 Collison Street,
2 Bedroom Apartment,,2.0,1.0,2.0,,107 Pietermaritz Street,
6 Bedroom House,1499000.0,6.0,4.0,4.0,711.0,,
3 Bedroom Townhouse,1395000.0,3.0,2.0,2.0,,,
2 Bedroom Apartment,860000.0,2.0,1.0,1.0,,,
2 Bedroom Apartment,990000.0,2.0,2.0,1.0,,,
4 Bedroom Apartment,1845000.0,4.0,2.0,,,,
4 Bedroom House,1200000.0,4.0,25.0,5.0,2113.0,,
3 Bedroom House,1450000.0,3.0,2.0,5.0,296.0,46 Eastbury Drive,
2 Bedroom Apartment,1300000.0,2.0,2.0,1.0,,"16 Ss Manor Gardens, 44 Old Main Road, Unit 16 Manor Gardens",
2 Bedroom Apartment,1295000.0,2.0,1.0,1.0,,101 Umhlanga Ridge Boulevard,
4 Bedroom House,2495000.0,4.0,4.0,3.0,2020.0,,
3 Bedroom Apartment,1480000.0,3.0,2.0,2.0,,222 South Beach Road,
3 Bedroom Townhouse,970000.0,3.0,2.0,2.0,766.0,,
5 Bedroom House,13250000.0,5.0,55.0,8.0,1268.0,,
3 Bedroom Townhouse,2695000.0,3.0,2.0,4.0,,,
1 Bedroom Apartment,375000.0,1.0,1.0,1.0,,,
3 Bedroom House,1950000.0,3.0,2.0,1.0,979.0,,
2 Bedroom Apartment,1670000.0,2.0,2.0,2.0,,,
3 Bedroom House,750000.0,3.0,1.0,2.0,200.0,,
3 Bedroom House,1449000.0,3.0,2.0,1.0,240.0,,
3 Bedroom House,2599000.0,3.0,25.0,3.0,3607.0,,
3 Bedroom Townhouse,850000.0,3.0,25.0,,102.0,100 Entabeni Road,
4 Bedroom House,7485000.0,4.0,5.0,8.0,680.0,,
2 Bedroom Townhouse,595000.0,2.0,1.0,2.0,26720.0,,
3 Bedroom House,650000.0,3.0,1.0,4.0,450.0,,
5 Bedroom House,1150000.0,5.0,2.0,5.0,1390.0,,
5 Bedroom House,1220000.0,5.0,4.0,8.0,1000.0,,
3 Bedroom Apartment,3000000.0,3.0,2.0,2.0,,180 Mahatma Gandhi Road,
2 Bedroom House,999999.0,2.0,15.0,2.0,225.0,,
6 Bedroom House,2250000.0,6.0,3.0,4.0,1162.0,6 Reid Road,
1 Bedroom Townhouse,340000.0,1.0,1.0,1.0,259567.0,,
4 Bedroom Townhouse,3995000.0,4.0,3.0,1.0,,,
2 Bedroom House,999999.0,2.0,15.0,2.0,225.0,,
3 Bedroom Apartment,910000.0,3.0,2.0,4.0,,,
2 Bedroom Townhouse,649000.0,2.0,2.0,2.0,2.0,,
4 Bedroom Townhouse,3950000.0,4.0,3.0,3.0,2288.0,,
3 Bedroom House,1650000.0,3.0,1.0,4.0,529.0,11 Dolphin Avenue,
4 Bedroom Apartment,2850000.0,4.0,3.0,1.0,,"40 San Lameer Lower South Coast Kwa-Zulu Natal N2s R61, San Lameer.",
3 Bedroom Townhouse,1680000.0,3.0,2.0,2.0,,87 Cranbrook Road,
4 Bedroom House,1395000.0,4.0,2.0,5.0,2640.0,8 Redin Lane,
1 Bedroom Apartment,530000.0,1.0,1.0,1.0,,,
2 Bedroom Apartment,2150000.0,2.0,2.0,3.0,,"24 Augusta Ridge, 1 Worlds View Road",
2 Bedroom Apartment,550000.0,2.0,1.0,1.0,,,
2 Bedroom Apartment,2385000.0,2.0,2.0,2.0,,,
3 Bedroom Townhouse,680000.0,3.0,1.0,1.0,14334.0,,
3 Bedroom Apartment,4095000.0,3.0,2.0,3.0,,,
2 Bedroom House,595000.0,2.0,1.0,1.0,,,
2 Bedroom Apartment,2550000.0,2.0,2.0,2.0,,9 Aurora Dr,
2 Bedroom Apartment,2300000.0,2.0,2.0,2.0,,,
4 Bedroom House,3850000.0,4.0,4.0,4.0,1982.0,,
2 Bedroom Townhouse,649000.0,2.0,2.0,2.0,2.0,,
4 Bedroom House,4150000.0,4.0,3.0,6.0,2794.0,,
2 Bedroom Apartment,995000.0,2.0,1.0,1.0,,"5 Ss Chelmore, 527 Che Guevara Road",
4 Bedroom House,13000000.0,4.0,55.0,6.0,773.0,P228 Sheffield Beach Road,
5 Bedroom House,1580000.0,5.0,4.0,3.0,824.0,,
4 Bedroom House,2800000.0,4.0,3.0,6.0,1250.0,,
2 Bedroom Apartment,750000.0,2.0,1.0,5.0,,,
3 Bedroom Townhouse,1245000.0,3.0,2.0,2.0,,,
2 Bedroom Apartment,8500000.0,2.0,1.0,,,"Agantha Mal, 28 Railway Street",
2 Bedroom Apartment,8500000.0,2.0,1.0,,,"Agantha Mal, 28 Railway Street",
2 Bedroom Apartment,1695000.0,2.0,2.0,1.0,,47 Henderson Road,
3 Bedroom House,800000.0,3.0,1.0,1.0,700.0,,
2 Bedroom Apartment,700000.0,2.0,1.0,1.0,,,
0.5 Bedroom Apartment,395000.0,5.0,1.0,,,810 Umbilo Road,
3 Bedroom House,2350000.0,3.0,2.0,4.0,37525.0,,
3 Bedroom Townhouse,2250000.0,3.0,2.0,3.0,,,
6 Bedroom House,2850000.0,6.0,3.0,2.0,650.0,,
2 Bedroom House,1500000.0,2.0,2.0,3.0,732.0,,
1.5 Bedroom Apartment,1400000.0,15.0,15.0,,,,
4 Bedroom House,2150000.0,4.0,2.0,4.0,1302.0,,
9 Bedroom House,2500000.0,9.0,4.0,6.0,1562.0,35 Ridge Road,
3 Bedroom Townhouse,5950000.0,3.0,35.0,2.0,3829.0,,
2 Bedroom Townhouse,850000.0,2.0,1.0,3.0,2205.0,,
5 Bedroom House,3260000.0,5.0,3.0,5.0,1858.0,,
3 Bedroom House,800000.0,3.0,2.0,4.0,335.0,41 Ginger Road,
2 Bedroom Apartment,2295000.0,2.0,2.0,1.0,,"79 The Shades, 23 Weaver Crescent",
3 Bedroom Townhouse,1350000.0,3.0,2.0,2.0,4726.0,,
2 Bedroom Apartment,3200000.0,2.0,2.0,2.0,,,
3 Bedroom Apartment,2690000.0,3.0,25.0,2.0,,"2 Sugar Reef, 4 Malcolm Welfare Circle, Unit 2 Sugar Reef",
5 Bedroom House,3700000.0,5.0,5.0,3.0,2023.0,6a Margate Drive,
4 Bedroom Townhouse,7000000.0,4.0,4.0,6.0,258.0,,
1 Bedroom Apartment,1050000.0,1.0,1.0,,,,
3 Bedroom Apartment,2690000.0,3.0,25.0,2.0,,"2 Sugar Reef, 4 Malcolm Welfare Circle, Unit 2 Sugar Reef",
2 Bedroom Townhouse,840000.0,2.0,1.0,2.0,,,
4 Bedroom House,2200000.0,4.0,4.0,8.0,903.0,,
3 Bedroom House,1250000.0,3.0,25.0,8.0,498.0,,
3 Bedroom House,5500000.0,3.0,3.0,6.0,1000.0,,
1.5 Bedroom Apartment,750000.0,15.0,1.0,1.0,,,
3 Bedroom House,1250000.0,3.0,2.0,2.0,,,
2 Bedroom Apartment,765000.0,2.0,2.0,1.0,,,
2 Bedroom Townhouse,755000.0,2.0,1.0,2.0,70.0,,
3 Bedroom Apartment,2200000.0,3.0,2.0,2.0,,,
3 Bedroom House,2795000.0,3.0,2.0,1.0,1636.0,,
2 Bedroom Apartment,1205000.0,2.0,15.0,1.0,,,
4 Bedroom Townhouse,950000.0,4.0,2.0,3.0,,,
2 Bedroom Apartment,1650000.0,2.0,1.0,1.0,,"31 Boulevard Suites, 13 Albizia Drive",
0.5 Bedroom Apartment,450000.0,5.0,1.0,,,,
2 Bedroom Apartment,249000.0,2.0,1.0,,,,
3 Bedroom House,4995000.0,3.0,35.0,6.0,,,
2 Bedroom Apartment,795000.0,2.0,1.0,1.0,,,
2 Bedroom House,610000.0,2.0,1.0,4.0,307.0,,
3 Bedroom Townhouse,1150000.0,3.0,1.0,4.0,,,
2 Bedroom House,430000.0,2.0,1.0,1.0,,,
2 Bedroom House,500000.0,2.0,1.0,1.0,,,
6 Bedroom House,3800000.0,6.0,4.0,5.0,1012.0,,
Apartment,435000.0,,1.0,1.0,,,
3 Bedroom House,2100000.0,3.0,2.0,10.0,,,
5 Bedroom House,1185000.0,5.0,2.0,3.0,,,
2 Bedroom House,760000.0,2.0,1.0,1.0,,,
1 Bedroom Apartment,300000.0,1.0,1.0,,,"Unit 209, Farnham, 151 Church Street",
6 Bedroom House,3495000.0,6.0,55.0,10.0,2076.0,,
3 Bedroom Apartment,1990000.0,3.0,2.0,1.0,,,
1 Bedroom Apartment,300000.0,1.0,1.0,,,"Unit 209, Farnham, 151 Church Street",
0.5 Bedroom Apartment,900000.0,5.0,1.0,1.0,,,
3 Bedroom House,735000.0,3.0,1.0,3.0,505.0,,
1 Bedroom Apartment,3490000.0,1.0,1.0,2.0,,,
2 Bedroom House,2200000.0,2.0,2.0,2.0,,,
2 Bedroom Apartment,900000.0,2.0,1.0,1.0,,,
2 Bedroom House,590000.0,2.0,1.0,,,,
1 Bedroom Apartment,795000.0,1.0,1.0,1.0,,,
3 Bedroom Apartment,2700000.0,3.0,25.0,2.0,3870.0,,
13 Bedroom House,13300000.0,13.0,13.0,1.0,,,
11 Bedroom House,5800000.0,11.0,11.0,11.0,1394.0,,
4 Bedroom House,1450000.0,4.0,1.0,,2309.0,,
2 Bedroom Apartment,2175000.0,2.0,2.0,1.0,,,
11 Bedroom House,5800000.0,11.0,11.0,11.0,1394.0,,
1 Bedroom Apartment,880000.0,1.0,1.0,1.0,,,
Apartment,500000.0,,1.0,,,,
3 Bedroom Apartment,2290000.0,3.0,15.0,1.0,,,
2.5 Bedroom Apartment,870000.0,25.0,15.0,1.0,,,
6 Bedroom House,2450000.0,6.0,35.0,6.0,930.0,,
3 Bedroom House,2960000.0,3.0,4.0,2.0,2023.0,,
5 Bedroom House,1395000.0,5.0,3.0,3.0,397.0,,
4 Bedroom House,5400000.0,4.0,5.0,2.0,1430.0,,
2 Bedroom Apartment,4500000.0,2.0,2.0,2.0,,,
2.5 Bedroom Apartment,600000.0,25.0,1.0,1.0,,,
Apartment,400000.0,,1.0,,,,
3 Bedroom House,2995000.0,3.0,2.0,1.0,1326.0,,
3 Bedroom Apartment,1525000.0,3.0,2.0,2.0,,"3 Sunash Sea, 4 Commercial Road",
2 Bedroom Apartment,1150000.0,2.0,1.0,1.0,,"2 Sunash Sea, 4 Commercial Road",
3 Bedroom Apartment,4500000.0,3.0,2.0,2.0,,2 Forestwood Drive,
3 Bedroom Townhouse,2150000.0,3.0,2.0,4.0,,,
3 Bedroom Apartment,1500000.0,3.0,3.0,1.0,,"1 Ss Sylvan Grove 15, 15 Sylvan Grove",
3 Bedroom Apartment,1250000.0,3.0,1.0,1.0,,,
3 Bedroom Townhouse,3895000.0,3.0,25.0,2.0,450.0,2 Zululami Villas Boulevard,
6 Bedroom House,1200000.0,6.0,3.0,2.0,3200.0,,
4 Bedroom House,2400000.0,4.0,2.0,8.0,962.0,,
2 Bedroom Apartment,1100000.0,2.0,1.0,1.0,,"12 Florida Court, 300 Florida Road",
4 Bedroom House,2150000.0,4.0,2.0,,274.0,,
7 Bedroom House,16000000.0,7.0,7.0,8.0,2687.0,,
3 Bedroom Townhouse,1645000.0,3.0,3.0,3.0,1145.0,"1 Ss Lowstone, 4 Mega Crescent",
4 Bedroom Apartment,7200000.0,4.0,4.0,4.0,,"H22 La Palma Terraces, 8 Glendining Court",
3 Bedroom House,845000.0,3.0,2.0,1.0,1240.0,,
4 Bedroom House,7500000.0,4.0,4.0,8.0,,,
3 Bedroom Apartment,2179500.0,3.0,2.0,2.0,,,
7 Bedroom House,15300000.0,7.0,7.0,8.0,1043.0,,
4 Bedroom Apartment,7200000.0,4.0,4.0,4.0,,"H22 La Palma Terraces, 8 Glendining Court",
8 Bedroom House,845000.0,8.0,3.0,,243.0,,
4 Bedroom House,1595000.0,4.0,3.0,4.0,1270.0,76 Fairview Road,
4 Bedroom House,2600000.0,4.0,4.0,8.0,1200.0,2a Qs Centurion Drive,
2 Bedroom Townhouse,1395000.0,2.0,1.0,2.0,50528.0,,
4 Bedroom House,10000000.0,4.0,4.0,6.0,1292.0,,
3 Bedroom House,800000.0,3.0,2.0,,,,
2 Bedroom Apartment,650000.0,2.0,1.0,1.0,,,
4 Bedroom Townhouse,,4.0,3.0,3.0,2500.0,,
4 Bedroom House,3900000.0,4.0,3.0,2.0,1446.0,,
3 Bedroom House,11950000.0,3.0,35.0,4.0,1157.0,6 Blackwood Close,
4 Bedroom Townhouse,920000.0,4.0,2.0,2.0,7157.0,14 Edward Street,
2 Bedroom Apartment,820000.0,2.0,1.0,1.0,79.0,,
2 Bedroom Apartment,5300000.0,2.0,25.0,2.0,,,
3 Bedroom Townhouse,1275000.0,3.0,15.0,2.0,135.0,,
4 Bedroom Townhouse,,4.0,3.0,3.0,2500.0,,
3 Bedroom House,2250000.0,3.0,2.0,3.0,1349.0,2 Marian Crescent,
2 Bedroom House,665000.0,2.0,1.0,2.0,450.0,,
0.5 Bedroom Apartment,399000.0,5.0,1.0,,,60 Victoria Embankment,
2 Bedroom Apartment,1245000.0,2.0,1.0,1.0,,"1 Mountbatten, 314 Musgrave Road",
3 Bedroom House,1495000.0,3.0,2.0,6.0,1456.0,511 Strelitzia Road,
4 Bedroom House,1699000.0,4.0,25.0,3.0,2023.0,,
2 Bedroom Apartment,2070000.0,2.0,2.0,2.0,,,
2 Bedroom Apartment,1070000.0,2.0,1.0,1.0,,,
2 Bedroom Apartment,700000.0,2.0,2.0,1.0,,,
House,,,,,2024.0,4 Brad Street,
4 Bedroom House,1395000.0,4.0,2.0,3.0,790.0,,
3 Bedroom House,1250000.0,3.0,1.0,2.0,201.0,,
3 Bedroom House,4150000.0,3.0,3.0,4.0,812.0,227 Venice Road,
3 Bedroom Apartment,2700000.0,3.0,25.0,2.0,,1 Heleza Blvd,
1 Bedroom Apartment,1150000.0,1.0,1.0,1.0,,,
3 Bedroom Apartment,1050000.0,3.0,1.0,2.0,,,
2 Bedroom Townhouse,850000.0,2.0,2.0,1.0,46242.0,,
4 Bedroom Apartment,2700000.0,4.0,4.0,5.0,,"3 Ss Trevini House, 24 South Dune Road, Unit 3 Trevini House",
3 Bedroom House,920000.0,3.0,1.0,3.0,284.0,,
4 Bedroom House,3400000.0,4.0,3.0,3.0,7186.0,19 Nkwazi Drive,
1 Bedroom Townhouse,1380000.0,1.0,1.0,1.0,,,
3 Bedroom House,1480000.0,3.0,2.0,,375.0,,
2 Bedroom Apartment,960000.0,2.0,2.0,1.0,,295 West Road,
2 Bedroom Apartment,1289000.0,2.0,2.0,2.0,,"20 Genesis On 20 Griffen, 20 Pinedale Road",
5 Bedroom House,5000000.0,5.0,6.0,4.0,549.0,,
2 Bedroom Apartment,1195000.0,2.0,2.0,1.0,,"7 Ss Sherwood Forest, 590 Peter Mokaba Ridge Road",
3 Bedroom Apartment,1650000.0,3.0,2.0,2.0,,,
2 Bedroom Apartment,960000.0,2.0,2.0,1.0,,295 West Road,
3 Bedroom Townhouse,1200000.0,3.0,1.0,3.0,167.0,"1 Ss Villa Bianca, 308 Roland Chapman Drive",
2 Bedroom Apartment,1170000.0,2.0,2.0,2.0,100000.0,,
4 Bedroom House,1190000.0,4.0,25.0,3.0,,,
4 Bedroom Townhouse,8500000.0,4.0,35.0,1.0,2776.0,"5 Ss Aurum, Ptn 650 Zimbali Lakes Drive, 5 Aurum",
3 Bedroom Townhouse,890000.0,3.0,1.0,4.0,,,
3 Bedroom Apartment,2950000.0,3.0,2.0,2.0,,1 Aurora Drive,
3 Bedroom Apartment,,3.0,15.0,1.0,,"6 Ss Shannon Court, 188 Che Guevara Road",
3 Bedroom Apartment,995000.0,3.0,2.0,1.0,,,
5 Bedroom House,1880000.0,5.0,3.0,2.0,1455.0,9 Coral Road,
5 Bedroom House,2950000.0,5.0,3.0,2.0,742.0,,
2 Bedroom Apartment,1795000.0,2.0,2.0,1.0,,47 Henderson Road,
2 Bedroom Townhouse,400000.0,2.0,1.0,,82200.0,,
4 Bedroom House,1400000.0,4.0,2.0,4.0,404.0,,
2 Bedroom Apartment,1250000.0,2.0,2.0,1.0,,"9 Daventry Gardens, 302 Cato Road",
1 Bedroom Apartment,600000.0,1.0,1.0,1.0,,,
2 Bedroom Apartment,765000.0,2.0,2.0,1.0,,,
3 Bedroom Apartment,1550000.0,3.0,2.0,2.0,,,
5 Bedroom House,2698000.0,5.0,4.0,3.0,,,
3 Bedroom Apartment,595000.0,3.0,1.0,1.0,,"2 Aintree, 99 Morcom Road",
4 Bedroom House,1935000.0,4.0,4.0,3.0,800.0,8 Boulder Bend,
2 Bedroom Apartment,680000.0,2.0,1.0,1.0,,,
2 Bedroom Apartment,765000.0,2.0,2.0,1.0,,,
3 Bedroom House,2990000.0,3.0,2.0,2.0,1500.0,,
4 Bedroom House,2350000.0,4.0,2.0,6.0,1021.0,13 Avokado Kroon Street,
9 Bedroom House,2800000.0,9.0,5.0,5.0,330.0,,
2 Bedroom Apartment,1300000.0,2.0,2.0,1.0,,,
4 Bedroom House,1820000.0,4.0,3.0,3.0,1339.0,,
1 Bedroom Apartment,1049500.0,1.0,1.0,1.0,,381 Musgrave Road,
4 Bedroom Townhouse,7000000.0,4.0,4.0,4.0,15959.0,"17 Phezulu Villas, 17 Horsewood Drive, Unit 17 Phezulu Villas",
3 Bedroom House,1450000.0,3.0,1.0,2.0,544.0,,
2 Bedroom Apartment,760000.0,2.0,2.0,1.0,,,
2 Bedroom Townhouse,2100000.0,2.0,1.0,2.0,,,
3 Bedroom Apartment,630000.0,3.0,2.0,3.0,,,
2 Bedroom Apartment,740000.0,2.0,2.0,1.0,,,
4 Bedroom House,6795000.0,4.0,45.0,4.0,923.0,,
3 Bedroom Apartment,3500000.0,3.0,2.0,2.0,,,
2 Bedroom Apartment,1840000.0,2.0,2.0,2.0,,,
2 Bedroom House,4725000.0,2.0,2.0,2.0,160.0,,
4 Bedroom House,5300000.0,4.0,3.0,4.0,568.0,,
4 Bedroom House,5300000.0,4.0,3.0,4.0,568.0,,
3 Bedroom Townhouse,1200000.0,3.0,25.0,2.0,,,
3 Bedroom Townhouse,1550000.0,3.0,2.0,1.0,,,
3 Bedroom Apartment,1270000.0,3.0,1.0,1.0,,,
3 Bedroom Apartment,6056000.0,3.0,3.0,2.0,,,
2 Bedroom Apartment,3100000.0,2.0,2.0,1.0,,Zimbali Lakes Resort,
1.5 Bedroom Apartment,750000.0,15.0,1.0,1.0,,,
3 Bedroom House,2330000.0,3.0,2.0,2.0,1500.0,,
3 Bedroom Townhouse,3450000.0,3.0,2.0,3.0,,,
3 Bedroom House,3195000.0,3.0,2.0,,518.0,,
3 Bedroom House,3650000.0,3.0,2.0,4.0,1573.0,,
4 Bedroom House,1895000.0,4.0,4.0,3.0,640.0,,
3 Bedroom Townhouse,1475000.0,3.0,2.0,2.0,87.0,,
3 Bedroom Townhouse,2999000.0,3.0,2.0,4.0,,,
3 Bedroom Apartment,8950000.0,3.0,35.0,3.0,,,
2 Bedroom Apartment,1750000.0,2.0,2.0,1.0,,,
4 Bedroom Townhouse,4900000.0,4.0,4.0,6.0,4041.0,,
5 Bedroom House,3280000.0,5.0,3.0,5.0,1994.0,,
1 Bedroom Apartment,1450000.0,1.0,1.0,1.0,,,
1 Bedroom Apartment,561600.0,1.0,1.0,,,,
2.5 Bedroom Apartment,950000.0,25.0,1.0,2.0,,,
2 Bedroom Apartment,710000.0,2.0,1.0,1.0,,,
3 Bedroom Apartment,12000000.0,3.0,35.0,2.0,,,
3 Bedroom Townhouse,3450000.0,3.0,2.0,3.0,,,
3 Bedroom Apartment,1195000.0,3.0,2.0,1.0,,,
2 Bedroom Apartment,655000.0,2.0,1.0,1.0,,,
3 Bedroom Townhouse,4700000.0,3.0,2.0,2.0,45994.0,,
2 Bedroom Apartment,750000.0,2.0,2.0,1.0,,,
2 Bedroom Apartment,805000.0,2.0,1.0,1.0,,,
4 Bedroom Apartment,2718000.0,4.0,2.0,1.0,,,
15 Bedroom House,8499000.0,15.0,8.0,20.0,9000.0,,
3 Bedroom House,800000.0,3.0,2.0,,,,
2 Bedroom Apartment,520000.0,2.0,1.0,,87.0,,
3 Bedroom Townhouse,1000000.0,3.0,2.0,2.0,,,
2 Bedroom House,799000.0,2.0,1.0,2.0,228.0,,
3 Bedroom House,790000.0,3.0,1.0,2.0,712.0,,
7 Bedroom House,3199000.0,7.0,4.0,,,,
8 Bedroom House,2000000.0,8.0,5.0,4.0,,,
3 Bedroom House,1700000.0,3.0,2.0,3.0,600.0,,
2 Bedroom Apartment,750000.0,2.0,1.0,1.0,,,
3 Bedroom House,900000.0,3.0,1.0,1.0,403.0,,
4 Bedroom House,3750000.0,4.0,3.0,3.0,,,
1 Bedroom Apartment,950000.0,1.0,1.0,1.0,,,
3 Bedroom Apartment,799000.0,3.0,1.0,1.0,,1 Regal Crescent,
4 Bedroom House,1699000.0,4.0,2.0,7.0,1736.0,69 Hillary Road,
4 Bedroom House,1699000.0,4.0,2.0,7.0,1736.0,69 Hillary Road,
2 Bedroom Apartment,650000.0,2.0,1.0,2.0,,,
1 Bedroom Apartment,430000.0,1.0,1.0,1.0,,"62 Floralyn, 53 Diakonia Avenue",
4 Bedroom Apartment,10000000.0,4.0,35.0,4.0,,"4 Ilanga, 4 Tamboti",
1.5 Bedroom Apartment,650000.0,15.0,15.0,1.0,,,
4 Bedroom House,3300000.0,4.0,3.0,2.0,859.0,,
1 Bedroom Apartment,680000.0,1.0,2.0,2.0,,758 President Swart Avenue,
2 Bedroom Apartment,2500000.0,2.0,2.0,2.0,,,
3 Bedroom Apartment,2200000.0,3.0,2.0,1.0,,,
3 Bedroom House,1150000.0,3.0,2.0,5.0,404.0,,
2 Bedroom Townhouse,1320000.0,2.0,2.0,2.0,,,
2 Bedroom Townhouse,1306000.0,2.0,2.0,1.0,,,
5 Bedroom House,6950000.0,5.0,4.0,8.0,3682.0,,
2 Bedroom House,3550000.0,2.0,2.0,2.0,22331.0,,
2 Bedroom Townhouse,865000.0,2.0,1.0,1.0,16295.0,,
4 Bedroom Townhouse,2850000.0,4.0,35.0,2.0,,,
1 Bedroom Apartment,1495000.0,1.0,1.0,1.0,,2 East Row,
3 Bedroom House,1499900.0,3.0,1.0,3.0,929.0,3 Friuli St,
3 Bedroom House,1150000.0,3.0,2.0,5.0,404.0,,
4 Bedroom House,8950000.0,4.0,5.0,4.0,1445.0,,
3 Bedroom Townhouse,840000.0,3.0,1.0,2.0,,,
2 Bedroom House,2900000.0,2.0,2.0,2.0,403291.0,,
2 Bedroom Apartment,710000.0,2.0,2.0,2.0,,,
2 Bedroom Apartment,1550000.0,2.0,1.0,2.0,,,
1.5 Bedroom Apartment,620000.0,15.0,1.0,1.0,,,
4 Bedroom House,3550000.0,4.0,2.0,3.0,716.0,,
3 Bedroom Apartment,3250000.0,3.0,2.0,2.0,,,
2 Bedroom Townhouse,820000.0,2.0,1.0,,2168.0,,
3 Bedroom Townhouse,1300000.0,3.0,2.0,2.0,49954.0,,
3 Bedroom Apartment,890000.0,3.0,15.0,3.0,,,
2 Bedroom Apartment,865000.0,2.0,2.0,1.0,,,
3 Bedroom Apartment,3250000.0,3.0,2.0,2.0,,,
2 Bedroom Apartment,1625000.0,2.0,2.0,2.0,,,
2 Bedroom Apartment,647500.0,2.0,1.0,1.0,,,
3 Bedroom Apartment,3150000.0,3.0,2.0,4.0,,,
5 Bedroom House,1495000.0,5.0,3.0,,1080.0,,
4 Bedroom House,16000000.0,4.0,5.0,7.0,1379.0,,
2 Bedroom Apartment,750000.0,2.0,1.0,1.0,,,
1.5 Bedroom Apartment,620000.0,15.0,1.0,1.0,,,
1 Bedroom Apartment,2225000.0,1.0,15.0,1.0,,,
3 Bedroom Apartment,1130000.0,3.0,2.0,2.0,,,
2 Bedroom Townhouse,960000.0,2.0,2.0,1.0,10336.0,,
1.5 Bedroom Apartment,640000.0,15.0,1.0,1.0,,,
4 Bedroom House,3750000.0,4.0,3.0,7.0,605.0,"The Farm, 16 Spurwing Road",
5 Bedroom House,1250000.0,5.0,3.0,3.0,,,
3 Bedroom Townhouse,3500000.0,3.0,2.0,2.0,10497.0,2 Kirby Clos,
2 Bedroom Townhouse,750000.0,2.0,2.0,2.0,107969.0,244 Ramsey Avenue,
1 Bedroom Apartment,775000.0,1.0,1.0,1.0,,"11 Rocca Marina, 9 Sandile Thusi",
2 Bedroom Townhouse,3850000.0,2.0,2.0,4.0,403291.0,,
3 Bedroom House,1400000.0,3.0,1.0,4.0,1079.0,,
1 Bedroom Apartment,599000.0,1.0,1.0,1.0,,,
3 Bedroom House,825000.0,3.0,2.0,6.0,464.0,,
2 Bedroom House,3890000.0,2.0,2.0,2.0,442.0,,
3 Bedroom House,900000.0,3.0,2.0,,312.0,,
3.5 Bedroom Apartment,1650000.0,35.0,2.0,2.0,1345.0,,
2 Bedroom House,580000.0,2.0,2.0,2.0,501.0,,
4 Bedroom House,3250000.0,4.0,3.0,6.0,1034.0,,
4 Bedroom House,8900000.0,4.0,4.0,2.0,,,
4 Bedroom House,15900000.0,4.0,45.0,3.0,850.0,,
1 Bedroom Apartment,599000.0,1.0,1.0,1.0,,,
7 Bedroom House,7000000.0,7.0,5.0,2.0,75000.0,80 Rock Rd,
3 Bedroom Townhouse,980000.0,3.0,2.0,1.0,,,
3 Bedroom House,965000.0,3.0,2.0,2.0,607.0,25a Lantana,
3 Bedroom House,895000.0,3.0,25.0,2.0,320.0,,
2 Bedroom Apartment,2495000.0,2.0,2.0,2.0,,,
2 Bedroom Apartment,820000.0,2.0,15.0,2.0,,,
4 Bedroom House,4495000.0,4.0,4.0,4.0,1471.0,,
4 Bedroom House,1350000.0,4.0,1.0,1.0,,,
9 Bedroom House,4250000.0,9.0,8.0,7.0,1560.0,,
3 Bedroom Apartment,3150000.0,3.0,3.0,3.0,,,
2 Bedroom Apartment,3195000.0,2.0,2.0,2.0,,,
2 Bedroom Apartment,850000.0,2.0,2.0,2.0,,,
3 Bedroom Townhouse,1250000.0,3.0,2.0,2.0,12588.0,,
2 Bedroom Apartment,950000.0,2.0,2.0,1.0,,,
3 Bedroom Townhouse,3950000.0,3.0,3.0,,,,
2 Bedroom House,485000.0,2.0,1.0,6.0,474.0,,
3 Bedroom Apartment,1275000.0,3.0,2.0,3.0,,,
2 Bedroom Apartment,1450000.0,2.0,2.0,2.0,,,
3 Bedroom House,5000000.0,3.0,2.0,3.0,,2 Marula Close,
3 Bedroom Apartment,5499999.0,3.0,3.0,2.0,,,
4 Bedroom Apartment,7495000.0,4.0,3.0,2.0,,,
2 Bedroom Apartment,3690000.0,2.0,2.0,2.0,,,
3 Bedroom House,1150000.0,3.0,2.0,,2023.0,,
2 Bedroom House,485000.0,2.0,1.0,6.0,474.0,,
2 Bedroom House,885000.0,2.0,2.0,1.0,1659.0,,
3 Bedroom House,995000.0,3.0,2.0,8.0,696.0,,
2 Bedroom Townhouse,869000.0,2.0,2.0,2.0,89896.0,,
4 Bedroom House,2395000.0,4.0,3.0,10.0,1170.0,,
Apartment,1623532.0,,1.0,1.0,,,
2 Bedroom Apartment,2500000.0,2.0,2.0,1.0,,,
2 Bedroom Apartment,1530000.0,2.0,1.0,1.0,,,
1 Bedroom Townhouse,500000.0,1.0,1.0,3.0,,,
3 Bedroom House,1050000.0,3.0,2.0,3.0,240.0,,
4 Bedroom House,1550000.0,4.0,2.0,4.0,900.0,,
3 Bedroom House,2165000.0,3.0,2.0,3.0,2309.0,,
1 Bedroom Townhouse,350000.0,1.0,2.0,2.0,60.0,,
5 Bedroom House,860000.0,5.0,4.0,4.0,257.0,,
12 Bedroom House,4595000.0,12.0,7.0,4.0,1898.0,,
3 Bedroom House,1200000.0,3.0,2.0,6.0,900.0,,
6 Bedroom House,15800000.0,6.0,35.0,6.0,8142.0,,
3 Bedroom House,1199999.0,3.0,2.0,2.0,1041.0,,
3 Bedroom House,4500000.0,3.0,2.0,4.0,,,
5 Bedroom House,860000.0,5.0,4.0,4.0,257.0,,
16 Bedroom House,4380000.0,16.0,9.0,6.0,2023.0,,
3 Bedroom House,1600000.0,3.0,2.0,4.0,841.0,,
House,8000000.0,,1.0,,2020.0,,
2 Bedroom Apartment,600000.0,2.0,1.0,1.0,,,
4 Bedroom House,2900000.0,4.0,2.0,2.0,450.0,,
4 Bedroom House,4795000.0,4.0,2.0,7.0,1755.0,,
1 Bedroom Apartment,395000.0,1.0,1.0,,,,
3 Bedroom Apartment,3800000.0,3.0,2.0,2.0,,,
2 Bedroom Apartment,750000.0,2.0,1.0,,,,
1 Bedroom Apartment,1150000.0,1.0,1.0,,,,
4 Bedroom House,1980000.0,4.0,3.0,4.0,1227.0,,
4 Bedroom House,3200000.0,4.0,3.0,2.0,,,
3 Bedroom Townhouse,4300000.0,3.0,2.0,1.0,188.0,,
2 Bedroom Apartment,650000.0,2.0,1.0,,,,
3 Bedroom House,1350000.0,3.0,2.0,5.0,809.0,,
3 Bedroom Townhouse,4300000.0,3.0,2.0,1.0,188.0,,
3 Bedroom Apartment,795000.0,3.0,2.0,2.0,,,
2 Bedroom Apartment,2080000.0,2.0,2.0,,,,
2 Bedroom Apartment,749000.0,2.0,1.0,1.0,,,
3 Bedroom House,1450000.0,3.0,2.0,4.0,487.0,,
4 Bedroom House,1295000.0,4.0,2.0,2.0,1490.0,,
4 Bedroom House,8000000.0,4.0,35.0,4.0,1090.0,,
3 Bedroom House,869000.0,3.0,2.0,1.0,1452.0,,
3 Bedroom Apartment,2650000.0,3.0,1.0,1.0,,"12,13 197 On Lambert, 197 Lambert Road",
1 Bedroom Apartment,580000.0,1.0,1.0,1.0,,,
3 Bedroom Townhouse,2900000.0,3.0,3.0,5.0,4783.0,,
4 Bedroom House,5950000.0,4.0,35.0,2.0,8091.0,29 Abelia Road,
3 Bedroom House,5320000.0,3.0,35.0,6.0,757.0,37 St Andrews Way,
2 Bedroom Apartment,1250000.0,2.0,2.0,2.0,,"Templeton Green, 60 Bellevue Road",
1 Bedroom Apartment,795000.0,1.0,1.0,,,,
3 Bedroom Townhouse,1100000.0,3.0,2.0,5.0,12986.0,"5 Ss Elysium Cabana Resort, 5 Cowry Drive",
3 Bedroom Apartment,1595000.0,3.0,2.0,2.0,,,
3 Bedroom House,1799000.0,3.0,2.0,3.0,,,
3 Bedroom House,8500000.0,3.0,35.0,4.0,1131.0,,
2.5 Bedroom Apartment,550000.0,25.0,1.0,1.0,,,
4 Bedroom House,2445000.0,4.0,3.0,12.0,660.0,,
3 Bedroom Apartment,1100000.0,3.0,2.0,1.0,,51 O.r. Tambo Parade,
2 Bedroom Apartment,830000.0,2.0,1.0,,,,
3 Bedroom House,1799000.0,3.0,2.0,3.0,,,
3 Bedroom Townhouse,4500000.0,3.0,2.0,6.0,67235.0,,
3 Bedroom House,920000.0,3.0,2.0,2.0,,,
2 Bedroom Apartment,925000.0,2.0,1.0,1.0,,,
3 Bedroom Apartment,870000.0,3.0,2.0,1.0,,33 Bishopsgate Road,
2 Bedroom Apartment,1195000.0,2.0,15.0,2.0,,"2 Ss Bellevue Heights, 48 Bellevue Road",
3 Bedroom Townhouse,4900000.0,3.0,3.0,4.0,440.0,35 Summit Drive,
5 Bedroom House,1875000.0,5.0,3.0,1.0,165.0,,
1 Bedroom House,1895000.0,1.0,1.0,1.0,145.0,19 Hereford Way,
4 Bedroom House,7900000.0,4.0,3.0,4.0,6198.0,"15 Ss Oceans Edge, 32 Leadwood Loop, Unit 15 Oceans Edge",
2 Bedroom Apartment,2695000.0,2.0,2.0,,,12 Palm Boulevard,
3 Bedroom Townhouse,3766000.0,3.0,2.0,2.0,,,
2 Bedroom Apartment,2950000.0,2.0,2.0,1.0,,1 Elaleni,
3 Bedroom Townhouse,1350000.0,3.0,25.0,3.0,1034.0,18 Venice Road,
4 Bedroom Apartment,2195000.0,4.0,2.0,2.0,,2 Forest Road,
1 Bedroom Apartment,949000.0,1.0,1.0,1.0,,,
3 Bedroom Apartment,2115000.0,3.0,2.0,2.0,,"10 Loerie Park, 3 Barbets Crest",
3 Bedroom House,890000.0,3.0,3.0,2.0,312.0,,
3 Bedroom Apartment,2200000.0,3.0,2.0,1.0,,91 Leonora Road,
4 Bedroom House,1740000.0,4.0,2.0,5.0,654.0,49 Geranium,
2 Bedroom Townhouse,975000.0,2.0,1.0,2.0,,,
2 Bedroom Apartment,3700000.0,2.0,2.0,2.0,,"A8 Ss Ocean Club Zimbali, 1 Ocean Club Drive",
3 Bedroom Apartment,2115000.0,3.0,2.0,2.0,,"10 Loerie Park, 3 Barbets Crest",
2 Bedroom Apartment,2100000.0,2.0,2.0,1.0,,176 Summer Way Lane,
3 Bedroom House,1349000.0,3.0,1.0,2.0,900.0,4 Hawthorn Street,
3 Bedroom House,1330000.0,3.0,2.0,4.0,650.0,,
2 Bedroom Apartment,599000.0,2.0,1.0,1.0,,Carr-Mill 5 Marine Drive,
2 Bedroom Apartment,2150000.0,2.0,1.0,1.0,,"211 Boulevard Edge, 159 Zimbali Lakes Resort",
3 Bedroom Apartment,2200000.0,3.0,2.0,4.0,,,
3 Bedroom Apartment,2000000.0,3.0,2.0,1.0,,,
1 Bedroom Apartment,585000.0,1.0,1.0,2.0,,,
1 Bedroom Apartment,550000.0,1.0,1.0,,,,
5 Bedroom House,1100000.0,5.0,2.0,6.0,464.0,,
2 Bedroom House,530000.0,2.0,1.0,,,,
2 Bedroom Apartment,640000.0,2.0,2.0,2.0,,"1802 Ss Kingsford, 87 Victoria Embankment Avenue",
2 Bedroom Townhouse,5750000.0,2.0,2.0,3.0,,,
3 Bedroom Apartment,2995000.0,3.0,2.0,1.0,,,
3 Bedroom House,1600000.0,3.0,2.0,4.0,448.0,,
3 Bedroom Townhouse,2180000.0,3.0,2.0,1.0,200.0,"195 San Lameer Lower South Coast Kwa-Zulu Natal N2s R61, San Lameer",
2 Bedroom Apartment,740000.0,2.0,1.0,2.0,,786 Main Road,
5 Bedroom House,2300000.0,5.0,3.0,2.0,612.0,,
2 Bedroom Townhouse,1595000.0,2.0,2.0,3.0,3623.0,,
3 Bedroom Apartment,950000.0,3.0,1.0,1.0,,,
1.5 Bedroom Apartment,1350000.0,15.0,15.0,,,,
4 Bedroom House,2450000.0,4.0,3.0,5.0,1590.0,,
3 Bedroom Apartment,3300000.0,3.0,2.0,2.0,,,
3 Bedroom Townhouse,524160.0,3.0,1.0,1.0,,,
2 Bedroom Townhouse,1395000.0,2.0,1.0,1.0,602.0,,
2 Bedroom Apartment,740000.0,2.0,1.0,2.0,,786 Main Road,
2 Bedroom Townhouse,1049000.0,2.0,1.0,,11962.0,,
2 Bedroom Apartment,1450000.0,2.0,2.0,1.0,,,
4 Bedroom House,3250000.0,4.0,4.0,2.0,962.0,,
3 Bedroom Apartment,1580000.0,3.0,2.0,2.0,,,
3 Bedroom House,890000.0,3.0,1.0,30.0,450.0,,
3 Bedroom Apartment,1095000.0,3.0,2.0,2.0,,,
2 Bedroom Townhouse,750000.0,2.0,1.0,1.0,68342.0,,
5 Bedroom House,2600000.0,5.0,3.0,20.0,4683.0,,
3 Bedroom Apartment,1895000.0,3.0,2.0,2.0,,,
4 Bedroom House,2500000.0,4.0,3.0,,1676.0,,
57 Bedroom Apartment,13500000.0,57.0,10.0,,,,
2 Bedroom House,320000.0,2.0,1.0,,396.0,,
9 Bedroom House,3500000.0,9.0,9.0,2.0,1512.0,,
3 Bedroom House,750000.0,3.0,15.0,1.0,141.0,,
2 Bedroom House,650000.0,2.0,2.0,4.0,199.0,,
3 Bedroom House,500000.0,3.0,1.0,2.0,335.0,,
3 Bedroom Townhouse,1450000.0,3.0,2.0,4.0,17000.0,,
1 Bedroom Apartment,900000.0,1.0,1.0,1.0,,,
4 Bedroom Apartment,13999000.0,4.0,4.0,4.0,,,
9 Bedroom House,3500000.0,9.0,9.0,2.0,1512.0,,
4 Bedroom Townhouse,1280000.0,4.0,1.0,2.0,3000.0,,
3 Bedroom Townhouse,2200000.0,3.0,4.0,3.0,,,
2 Bedroom Apartment,985000.0,2.0,15.0,2.0,,,
3 Bedroom Townhouse,1195000.0,3.0,25.0,3.0,,,
5 Bedroom House,1650000.0,5.0,15.0,5.0,923.0,17 Buckingham Avenue,
5 Bedroom House,4950000.0,5.0,55.0,3.0,609.0,,
4 Bedroom House,2095000.0,4.0,4.0,4.0,689.0,,
3 Bedroom House,990000.0,3.0,1.0,3.0,1143.0,,
1.5 Bedroom Apartment,390000.0,15.0,1.0,1.0,,,
3 Bedroom House,1720000.0,3.0,2.0,3.0,,,
3 Bedroom Apartment,3350000.0,3.0,2.0,2.0,546.0,"1101 Villa Pax, 2 Ocean Way",
3 Bedroom Apartment,18675000.0,3.0,3.0,1.0,436.0,9 Beachwood Place,
4 Bedroom House,2275000.0,4.0,2.0,12.0,1486.0,12 Dan Pienaar Drive,
4 Bedroom House,3250000.0,4.0,3.0,5.0,,15 Waverton Road,
3 Bedroom House,1500000.0,3.0,15.0,4.0,704.0,,
3 Bedroom House,800000.0,3.0,2.0,1.0,,,
2 Bedroom Townhouse,865000.0,2.0,1.0,1.0,,1301 National Road,
5 Bedroom Townhouse,4500000.0,5.0,4.0,2.0,1824.0,,
4 Bedroom Apartment,1350000.0,4.0,2.0,,450.0,,
2 Bedroom Apartment,2600000.0,2.0,2.0,1.0,,,
3 Bedroom House,2550000.0,3.0,2.0,4.0,1575.0,,
3 Bedroom House,2550000.0,3.0,2.0,4.0,1575.0,,
3 Bedroom Apartment,2880000.0,3.0,2.0,1.0,,"Ss 11 Sea De La Vie, 182 South Beach Road",
4 Bedroom House,5100000.0,4.0,45.0,5.0,602.0,"4 Lake Isabella Avenue, Royal Palm Estate",
0.5 Bedroom Apartment,385000.0,5.0,1.0,,,,
1 Bedroom Apartment,1379000.0,1.0,1.0,1.0,,56 Moffat Drive,
2 Bedroom Apartment,1195000.0,2.0,2.0,1.0,,,
3 Bedroom Apartment,1800000.0,3.0,2.0,1.0,,,
3 Bedroom House,3795000.0,3.0,3.0,4.0,,,
9 Bedroom House,2775000.0,9.0,5.0,4.0,1164.0,,
3 Bedroom House,1550000.0,3.0,1.0,2.0,696.0,,
5 Bedroom House,3200000.0,5.0,4.0,4.0,1690.0,80a Rainbow Drive,
2 Bedroom Apartment,2500000.0,2.0,2.0,2.0,,,
3 Bedroom Townhouse,1250000.0,3.0,2.0,2.0,,,
3 Bedroom Apartment,1955000.0,3.0,2.0,1.0,,,
1 Bedroom Apartment,595000.0,1.0,1.0,,,"57 Caister Lodge, 264 Musgrave Road",
3 Bedroom House,4800000.0,3.0,2.0,1.0,428.0,,
4 Bedroom House,950000.0,4.0,,1.0,,,
4 Bedroom House,,4.0,3.0,1.0,1458.0,,
4 Bedroom House,8600000.0,4.0,3.0,3.0,9940.0,,
3 Bedroom House,10995000.0,3.0,3.0,2.0,1944.0,,
3 Bedroom Apartment,1575000.0,3.0,2.0,1.0,,,
3 Bedroom Apartment,1955000.0,3.0,2.0,1.0,,,
3 Bedroom House,1150000.0,3.0,1.0,4.0,,,
4 Bedroom Townhouse,3795000.0,4.0,3.0,2.0,,,
4 Bedroom Apartment,1972500.0,4.0,2.0,2.0,,,
2 Bedroom Apartment,2250000.0,2.0,2.0,2.0,,,
4 Bedroom House,1399000.0,4.0,2.0,5.0,575.0,,
3 Bedroom Townhouse,5600000.0,3.0,3.0,7.0,1352.0,,
2 Bedroom Apartment,799000.0,2.0,2.0,2.0,,,
3 Bedroom House,1795000.0,3.0,15.0,6.0,1092.0,,
1 Bedroom Townhouse,415000.0,1.0,1.0,1.0,25848.0,,
2 Bedroom Apartment,760000.0,2.0,1.0,1.0,,,
4 Bedroom House,4950000.0,4.0,3.0,2.0,1100.0,,
5 Bedroom House,550000.0,5.0,3.0,4.0,411.0,,
2 Bedroom Apartment,799000.0,2.0,1.0,1.0,,,
3 Bedroom Apartment,1890000.0,3.0,2.0,2.0,,,
2 Bedroom Townhouse,450000.0,2.0,2.0,1.0,110735.0,,
4 Bedroom House,4495000.0,4.0,25.0,3.0,895.0,,
2 Bedroom Apartment,1350000.0,2.0,2.0,2.0,,,
4 Bedroom House,18900000.0,4.0,4.0,8.0,1293.0,,
3 Bedroom Apartment,1890000.0,3.0,2.0,2.0,,,
3 Bedroom Apartment,540000.0,3.0,2.0,,,,
2 Bedroom Apartment,690000.0,2.0,1.0,1.0,,,
4 Bedroom Apartment,1495000.0,4.0,2.0,3.0,,,
2 Bedroom Apartment,850000.0,2.0,2.0,1.0,,,
3 Bedroom Townhouse,7000000.0,3.0,4.0,4.0,11400.0,,
2 Bedroom Townhouse,595000.0,2.0,1.0,1.0,193568.0,,
2 Bedroom Apartment,699999.0,2.0,2.0,1.0,,,
3 Bedroom Apartment,1025000.0,3.0,2.0,3.0,,,
4 Bedroom House,2275000.0,4.0,2.0,11.0,1555.0,,
3 Bedroom Apartment,1700000.0,3.0,2.0,1.0,,,
2.5 Bedroom Apartment,1350000.0,25.0,2.0,1.0,,,
2 Bedroom Apartment,680000.0,2.0,2.0,1.0,,,
3 Bedroom House,1340000.0,3.0,2.0,1.0,3396.0,,
3 Bedroom Townhouse,2020000.0,3.0,2.0,5.0,38000.0,,
2 Bedroom Apartment,965000.0,2.0,1.0,1.0,,,
2 Bedroom Apartment,680000.0,2.0,2.0,1.0,,,
3 Bedroom Apartment,3600000.0,3.0,3.0,2.0,,,
4 Bedroom Townhouse,9575000.0,4.0,45.0,4.0,481.0,,
2 Bedroom Apartment,695000.0,2.0,1.0,1.0,,,
3 Bedroom House,950000.0,3.0,1.0,5.0,400.0,,
2 Bedroom Apartment,1595000.0,2.0,2.0,2.0,,,
4 Bedroom House,945000.0,4.0,1.0,3.0,885.0,,
3 Bedroom House,635000.0,3.0,1.0,3.0,350.0,,
3 Bedroom Townhouse,1800000.0,3.0,2.0,6.0,7156.0,,
3 Bedroom House,1250000.0,3.0,15.0,5.0,405.0,2 Laburnum Road,
3 Bedroom Apartment,3300000.0,3.0,3.0,3.0,,"One On G 145 Sydenham Road, 145 John Zikhali Road",
3 Bedroom House,1650000.0,3.0,2.0,5.0,1012.0,,
3 Bedroom House,3575000.0,3.0,2.0,7.0,872.0,,
2 Bedroom Apartment,1999000.0,2.0,2.0,,,16 Autumn Dr,
4 Bedroom House,3500000.0,4.0,3.0,1.0,612.0,,
4 Bedroom House,2499000.0,4.0,2.0,4.0,1022.0,,
3 Bedroom Apartment,999000.0,3.0,2.0,1.0,,,
2 Bedroom Apartment,1080000.0,2.0,2.0,1.0,,,
3 Bedroom Townhouse,4990000.0,3.0,3.0,2.0,,,
4 Bedroom House,19895000.0,4.0,5.0,4.0,1397.0,,
2 Bedroom Townhouse,2400000.0,2.0,2.0,1.0,935.0,"1 462 & 464 Currie Road, 462/464 Currie Road (down)",
3 Bedroom House,1850000.0,3.0,3.0,4.0,488.0,,
5 Bedroom House,7995000.0,5.0,6.0,2.0,2023.0,1 4th Avenue,
1 Bedroom Apartment,500000.0,1.0,1.0,,,211 St Thomas Road,
3 Bedroom Townhouse,3100000.0,3.0,2.0,4.0,,"1 Palm Oasis 1, 1 Sugar Boulevard",
3 Bedroom Apartment,6300000.0,3.0,3.0,4.0,,,
4 Bedroom House,2499000.0,4.0,2.0,4.0,1022.0,,
1 Bedroom Apartment,1550000.0,1.0,1.0,2.0,,,
3 Bedroom House,2800000.0,3.0,2.0,8.0,1716.0,,
3 Bedroom House,1000000.0,3.0,2.0,2.0,536.0,,
7 Bedroom House,7000000.0,7.0,7.0,6.0,1825.0,,
3 Bedroom House,1620000.0,3.0,2.0,2.0,,1081 Harrison Drive,
19 Bedroom House,5800000.0,19.0,12.0,8.0,2023.0,,
2 Bedroom Apartment,1800000.0,2.0,2.0,1.0,,,
2 Bedroom House,5400000.0,2.0,2.0,3.0,9788.0,,
2 Bedroom Apartment,600000.0,2.0,1.0,1.0,,,
2 Bedroom House,530000.0,2.0,1.0,4.0,280.0,,
2 Bedroom Apartment,1230000.0,2.0,25.0,1.0,,,
2 Bedroom Apartment,735000.0,2.0,1.0,2.0,,,
3 Bedroom Townhouse,3250000.0,3.0,25.0,3.0,4125.0,,
10 Bedroom House,9500000.0,10.0,8.0,10.0,1888.0,553 Stephen Dlamini,
1.5 Bedroom Apartment,690000.0,15.0,15.0,1.0,,"24 Tremley, 15 Ebor Avenue",
2 Bedroom Apartment,1285000.0,2.0,1.0,1.0,,,
3 Bedroom House,1175000.0,3.0,2.0,,1403.0,,
3 Bedroom House,950000.0,3.0,1.0,4.0,930.0,,
2 Bedroom Apartment,1165000.0,2.0,1.0,1.0,,"C532 Manhattan Mews, 69 Meridian Drive",
2 Bedroom Apartment,980000.0,2.0,2.0,,,,
3 Bedroom House,1175000.0,3.0,2.0,,1403.0,,
3 Bedroom Townhouse,2700000.0,3.0,3.0,1.0,,,
4 Bedroom Townhouse,1990000.0,4.0,2.0,1.0,,,
4 Bedroom House,1545000.0,4.0,2.0,5.0,2200.0,,
2 Bedroom Apartment,5738000.0,2.0,2.0,2.0,,"413 The Skye Ridgeside, 1 Vuna Close",
4 Bedroom House,1990000.0,4.0,3.0,10.0,1978.0,,
3 Bedroom Townhouse,900000.0,3.0,2.0,2.0,,,
2 Bedroom Apartment,985000.0,2.0,1.0,,,,
2 Bedroom Apartment,1100000.0,2.0,15.0,1.0,,,
3 Bedroom House,1499000.0,3.0,2.0,6.0,285.0,1 Moregate Gardens,
4 Bedroom House,4700000.0,4.0,3.0,4.0,1140.0,,
3 Bedroom House,1499000.0,3.0,2.0,6.0,285.0,1 Moregate Gardens,
3 Bedroom House,4500000.0,3.0,35.0,2.0,10012.0,,
3 Bedroom Apartment,2300000.0,3.0,2.0,2.0,,,
3.5 Bedroom Townhouse,1750000.0,35.0,2.0,6.0,5993.0,,
3 Bedroom House,860000.0,3.0,1.0,4.0,,,
3 Bedroom Apartment,2600000.0,3.0,2.0,2.0,,,
5 Bedroom House,4950000.0,5.0,4.0,2.0,1115.0,,
2 Bedroom Apartment,980000.0,2.0,2.0,1.0,,,
2 Bedroom Townhouse,1350000.0,2.0,2.0,1.0,6500.0,,
2 Bedroom Apartment,720000.0,2.0,1.0,,,,
4 Bedroom House,1100000.0,4.0,2.0,3.0,2022.0,,
5 Bedroom House,1250000.0,5.0,3.0,4.0,959.0,,
2 Bedroom Townhouse,1150000.0,2.0,1.0,2.0,,,
3 Bedroom Townhouse,3900000.0,3.0,2.0,5.0,,"6 Ss Key West, 5 Imbenge Close",
5 Bedroom House,6000000.0,5.0,5.0,12.0,2678.0,16 Kinloch Crescent,
5 Bedroom House,1795000.0,5.0,3.0,9.0,1942.0,70 Fulham Road,
3 Bedroom Townhouse,4200000.0,3.0,3.0,3.0,,"8 Ss Brookfield South, 10 Utica Valley Street",
3 Bedroom House,1150000.0,3.0,2.0,5.0,1214.0,,
3 Bedroom Apartment,3450000.0,3.0,2.0,2.0,,4 Long Island,
4 Bedroom Townhouse,5300000.0,4.0,3.0,2.0,,,
2 Bedroom Apartment,905000.0,2.0,2.0,1.0,,26 William Brown Road,
2 Bedroom House,984999.0,2.0,15.0,2.0,173.0,21 Tipuana Place,
3 Bedroom House,950000.0,3.0,2.0,5.0,1012.0,6 Silcock Avenue,
2 Bedroom House,580000.0,2.0,1.0,,264.0,163 Oak Avenue,
3 Bedroom Townhouse,3750000.0,3.0,25.0,4.0,,95 Inanda Road,
4 Bedroom House,950000.0,4.0,2.0,4.0,695.0,16 Howard,
3 Bedroom House,1100000.0,3.0,2.0,4.0,344.0,,
3 Bedroom Apartment,8495000.0,3.0,3.0,2.0,,"1 Ss Ezulweni, 2 Sicklebush Lane, Unit 1 Ezulweni",
4 Bedroom Townhouse,6495000.0,4.0,35.0,2.0,,,
2 Bedroom House,580000.0,2.0,1.0,,264.0,163 Oak Avenue,
2.5 Bedroom House,1450000.0,25.0,15.0,2.0,1041.0,,
3 Bedroom Apartment,2299000.0,3.0,2.0,1.0,,"A909 Cm, 101 Marine Drive",
4 Bedroom House,1800000.0,4.0,3.0,4.0,1012.0,,
1.5 Bedroom Apartment,899000.0,15.0,1.0,1.0,,"Unit 4 Westminster, 55 Currie Road",
4 Bedroom House,19500000.0,4.0,5.0,6.0,1859.0,,
0.5 Bedroom Apartment,569000.0,5.0,1.0,,,,
3 Bedroom Townhouse,1090000.0,3.0,2.0,3.0,13461.0,,
3 Bedroom House,1950000.0,3.0,2.0,4.0,574.0,,
3 Bedroom Apartment,940000.0,3.0,2.0,2.0,,,
4 Bedroom House,1550000.0,4.0,2.0,2.0,,,
2 Bedroom Apartment,950000.0,2.0,15.0,1.0,,,
2 Bedroom Apartment,735000.0,2.0,2.0,1.0,,,
4 Bedroom House,13650000.0,4.0,45.0,4.0,1005.0,,
4 Bedroom House,1980000.0,4.0,2.0,2.0,708.0,,
2 Bedroom Townhouse,970000.0,2.0,1.0,2.0,69.0,,
2 Bedroom Apartment,864000.0,2.0,1.0,1.0,,,
2 Bedroom Apartment,3800000.0,2.0,2.0,1.0,,,
4 Bedroom House,1550000.0,4.0,2.0,2.0,,,
3 Bedroom Apartment,1350000.0,3.0,2.0,1.0,,,
6 Bedroom House,8500000.0,6.0,65.0,2.0,14507.0,,
3 Bedroom Apartment,6200000.0,3.0,3.0,2.0,,"304 Oyster Quays, 2b Lighthouse Road",
5 Bedroom House,4790000.0,5.0,5.0,17.0,1182.0,,
2.5 Bedroom Apartment,1550000.0,25.0,1.0,2.0,,,
3 Bedroom Townhouse,2150000.0,3.0,2.0,4.0,,,
5 Bedroom House,1550000.0,5.0,2.0,1.0,1070.0,,
Townhouse,1250000.0,,,,,,
3 Bedroom Apartment,2300000.0,3.0,2.0,1.0,,,
2 Bedroom House,1818000.0,2.0,1.0,1.0,,"146 Hillcrest Country Retirement Estate, 2 Country Lane",
6 Bedroom House,1650000.0,6.0,2.0,2.0,1025.0,,
4 Bedroom House,300000.0,4.0,15.0,3.0,,,
3 Bedroom Apartment,1260000.0,3.0,2.0,,,,
7 Bedroom House,799000.0,7.0,3.0,,660.0,,
2 Bedroom Apartment,870000.0,2.0,1.0,2.0,,,
2 Bedroom Apartment,790000.0,2.0,1.0,2.0,,2 Mcarthur Street,
2 Bedroom Apartment,2100000.0,2.0,1.0,1.0,,"32 Horizon View, 5 Centenary Boulevard",
2 Bedroom Apartment,2100000.0,2.0,1.0,1.0,,"32 Horizon View, 5 Centenary Boulevard",
4 Bedroom House,5800000.0,4.0,5.0,2.0,852.0,19 Pinehurst Corner,
3 Bedroom Apartment,940000.0,3.0,15.0,1.0,,,
4 Bedroom House,750000.0,4.0,2.0,3.0,,,
4 Bedroom House,1495000.0,4.0,1.0,4.0,200.0,,
3 Bedroom Townhouse,1260000.0,3.0,2.0,2.0,,,
2 Bedroom Apartment,450000.0,2.0,1.0,2.0,,,
3 Bedroom Apartment,1485000.0,3.0,25.0,2.0,,,
3 Bedroom House,1100000.0,3.0,2.0,2.0,2023.0,83 Hawkins,
6 Bedroom House,7000000.0,6.0,65.0,2.0,1585.0,,
2 Bedroom Apartment,1595000.0,2.0,2.0,1.0,,,
2 Bedroom Apartment,2300000.0,2.0,1.0,1.0,,,
4 Bedroom House,1400000.0,4.0,5.0,4.0,940.0,,
3 Bedroom Apartment,1524000.0,3.0,2.0,1.0,,,
2 Bedroom Apartment,695000.0,2.0,1.0,1.0,,,
2 Bedroom Apartment,752500.0,2.0,1.0,2.0,,,
2 Bedroom Apartment,650000.0,2.0,1.0,2.0,,,
2 Bedroom Apartment,4295000.0,2.0,2.0,2.0,,,
2 Bedroom Apartment,1149000.0,2.0,1.0,1.0,,,
3 Bedroom House,1350000.0,3.0,2.0,6.0,650.0,,
3 Bedroom House,2850000.0,3.0,25.0,6.0,1586.0,,
2 Bedroom House,690000.0,2.0,1.0,4.0,252.0,,
2 Bedroom House,969000.0,2.0,2.0,1.0,1957.0,,
4 Bedroom House,2290000.0,4.0,3.0,4.0,950.0,,
4 Bedroom House,1250000.0,4.0,1.0,5.0,441.0,,
3 Bedroom Townhouse,1150000.0,3.0,15.0,3.0,134.0,,
3 Bedroom Apartment,890000.0,3.0,2.0,2.0,,,
2 Bedroom House,690000.0,2.0,1.0,4.0,252.0,,
3 Bedroom Apartment,1595000.0,3.0,2.0,2.0,,,
2 Bedroom House,1180000.0,2.0,2.0,10.0,417.0,,
2 Bedroom Apartment,730000.0,2.0,1.0,1.0,,"11 Boughton Heights, 106 Sweetwaters Road",
2 Bedroom Apartment,2795000.0,2.0,2.0,2.0,,,
3 Bedroom House,750000.0,3.0,1.0,1.0,388.0,,
4 Bedroom House,2200000.0,4.0,3.0,4.0,1012.0,,
3 Bedroom House,2495000.0,3.0,2.0,5.0,693.0,,
11 Bedroom House,3800000.0,11.0,4.0,2.0,282.0,,
0.5 Bedroom Apartment,1026000.0,5.0,1.0,,,,
1 Bedroom Apartment,3180000.0,1.0,1.0,1.0,,,
3 Bedroom Townhouse,3495000.0,3.0,3.0,5.0,,,
2 Bedroom Apartment,6384350.0,2.0,2.0,1.0,,,
3 Bedroom House,1260000.0,3.0,2.0,,2.0,,
2 Bedroom Apartment,750000.0,2.0,1.0,1.0,,,
4 Bedroom House,1650000.0,4.0,2.0,2.0,1000.0,,
4 Bedroom House,,4.0,25.0,4.0,1300.0,,
4 Bedroom House,9195000.0,4.0,3.0,75.0,539.0,,
2 Bedroom Apartment,1100000.0,2.0,2.0,2.0,,,
2 Bedroom Apartment,980000.0,2.0,1.0,1.0,,,
3 Bedroom House,1995000.0,3.0,2.0,9.0,961.0,,
0.5 Bedroom Apartment,1026000.0,5.0,1.0,,,,
3 Bedroom House,4795000.0,3.0,3.0,2.0,16461.0,,
3 Bedroom Townhouse,950000.0,3.0,2.0,2.0,6356.0,,
1 Bedroom Apartment,1295000.0,1.0,1.0,1.0,,,
5 Bedroom House,19975000.0,5.0,55.0,1.0,786.0,,
2 Bedroom House,885000.0,2.0,1.0,1.0,1221.0,,
2 Bedroom Apartment,2350000.0,2.0,2.0,1.0,,,
2 Bedroom Apartment,860000.0,2.0,15.0,1.0,,Unit 2 Chasedene Centre 18 Conor Road,
3 Bedroom House,2860000.0,3.0,2.0,2.0,635.0,,
3 Bedroom House,1350000.0,3.0,15.0,6.0,929.0,,
3 Bedroom House,6000000.0,3.0,1.0,10.0,1858.0,,
3 Bedroom House,1750000.0,3.0,2.0,2.0,1116.0,,
3 Bedroom Apartment,4500000.0,3.0,2.0,2.0,,,
3.5 Bedroom Apartment,1400000.0,35.0,15.0,1.0,,,
1 Bedroom Apartment,990000.0,1.0,1.0,1.0,,,
3 Bedroom Apartment,1080000.0,3.0,2.0,2.0,,,
2 Bedroom Apartment,800000.0,2.0,2.0,1.0,,,
4 Bedroom House,795000.0,4.0,2.0,4.0,261.0,,
3 Bedroom House,2595000.0,3.0,1.0,8.0,931.0,,
3 Bedroom Apartment,5800000.0,3.0,1.0,2.0,2055.0,,
5 Bedroom House,3730000.0,5.0,5.0,4.0,1529.0,,
2 Bedroom Apartment,2350000.0,2.0,2.0,1.0,,,
2 Bedroom Townhouse,645000.0,2.0,1.0,,4054.0,,
2 Bedroom Townhouse,1700000.0,2.0,2.0,2.0,19495.0,,
3 Bedroom House,1800000.0,3.0,2.0,4.0,917.0,,
3 Bedroom House,1300000.0,3.0,1.0,4.0,938.0,,
2 Bedroom Apartment,906000.0,2.0,1.0,1.0,,,
2 Bedroom Apartment,1395000.0,2.0,1.0,1.0,,"203 Marsden Manor, 57 Clarence Road",
3 Bedroom House,1050000.0,3.0,2.0,3.0,944.0,30 Pitts Avenue Uvongo,
2 Bedroom Apartment,2300000.0,2.0,2.0,2.0,,,
3 Bedroom Apartment,2700000.0,3.0,2.0,2.0,,,
4 Bedroom Apartment,4050000.0,4.0,4.0,7.0,,"10 Ss Ludlow Gardens, 86 Vause Road",
3 Bedroom Apartment,1695000.0,3.0,2.0,2.0,,,
15 Bedroom House,9900000.0,15.0,155.0,10.0,3700.0,34 Mill Road,
3 Bedroom House,895000.0,3.0,1.0,1.0,,,
2 Bedroom Apartment,940000.0,2.0,1.0,4.0,,"38 Ss Fernwood Estate, 1 Fernleigh Road",
5 Bedroom House,2300000.0,5.0,25.0,8.0,3355.0,,
3 Bedroom Townhouse,1575000.0,3.0,1.0,8.0,357.0,,
1 Bedroom Apartment,959000.0,1.0,1.0,1.0,,,
2 Bedroom Apartment,4446612.0,2.0,2.0,2.0,,,
2 Bedroom House,890000.0,2.0,1.0,10.0,,,
2 Bedroom Apartment,1790000.0,2.0,1.0,2.0,,,
2 Bedroom Apartment,1899000.0,2.0,2.0,2.0,,"210 Ss Imbali Ridge, 1571 San Te Fe Street",
2 Bedroom Apartment,1395000.0,2.0,1.0,1.0,,"203 Marsden Manor, 57 Clarence Road",
4 Bedroom House,1500000.0,4.0,3.0,3.0,1565.0,458 Sir Frances Drake Dr,
4 Bedroom Townhouse,2695000.0,4.0,3.0,2.0,,"2 197 On Lambert, 197 Lambert Road",
3 Bedroom House,895000.0,3.0,1.0,3.0,279.0,,
3 Bedroom Apartment,2250000.0,3.0,2.0,2.0,,,
1 Bedroom Apartment,550000.0,1.0,1.0,1.0,,,
3 Bedroom House,1700000.0,3.0,2.0,2.0,1300.0,,
4 Bedroom Townhouse,1540000.0,4.0,4.0,2.0,66679.0,,
3 Bedroom Apartment,3800000.0,3.0,2.0,2.0,,,
3 Bedroom Apartment,2250000.0,3.0,2.0,2.0,,,
3 Bedroom Apartment,750000.0,3.0,2.0,2.0,,,
2 Bedroom Apartment,3450000.0,2.0,2.0,,,,
5 Bedroom House,1950000.0,5.0,3.0,2.0,3595.0,,
3 Bedroom Apartment,850000.0,3.0,2.0,2.0,,,
3 Bedroom Apartment,1400000.0,3.0,2.0,2.0,,,
4 Bedroom House,12500000.0,4.0,4.0,3.0,1464.0,,
2 Bedroom Apartment,3945000.0,2.0,2.0,1.0,,,
2 Bedroom Apartment,3945000.0,2.0,2.0,1.0,,,
4 Bedroom House,1790000.0,4.0,3.0,4.0,280.0,,
2 Bedroom Apartment,896800.0,2.0,2.0,,,,
2 Bedroom Apartment,795000.0,2.0,2.0,1.0,,,
3 Bedroom Apartment,2495000.0,3.0,2.0,2.0,,"303 242 On Vause, 242 Vause Road",
2 Bedroom Apartment,980000.0,2.0,2.0,1.0,,,
3 Bedroom Apartment,4500000.0,3.0,3.0,3.0,,,
3 Bedroom Apartment,3350000.0,3.0,2.0,1.0,,,
1 Bedroom Apartment,550000.0,1.0,1.0,,,120 Esther Roberts Road,
5 Bedroom House,6395000.0,5.0,4.0,5.0,1306.0,"Brooklyn Estate, 16 Main Street",
3 Bedroom Townhouse,1595000.0,3.0,2.0,5.0,,,
2 Bedroom Townhouse,695000.0,2.0,1.0,2.0,121.0,,
2 Bedroom Townhouse,1495000.0,2.0,2.0,4.0,,,
3 Bedroom Townhouse,945000.0,3.0,25.0,2.0,4061.0,"5 Ss Killarney, 140 Galway Street",
2 Bedroom Apartment,550000.0,2.0,1.0,1.0,,,
2 Bedroom Apartment,1100000.0,2.0,2.0,2.0,,,
3 Bedroom House,1495000.0,3.0,2.0,4.0,956.0,,
3 Bedroom House,3700000.0,3.0,3.0,7.0,1449.0,,
4 Bedroom House,1750000.0,4.0,3.0,12.0,1012.0,,
11 Bedroom House,4000000.0,11.0,8.0,9.0,,,
4 Bedroom House,2650000.0,4.0,2.0,17.0,2127.0,,
4 Bedroom House,4599000.0,4.0,2.0,1.0,1098.0,377 Currie Road,
3 Bedroom Apartment,3500000.0,3.0,2.0,1.0,,"4 La Pirogue, 97 Compensation Beach Road",
1 Bedroom Apartment,760000.0,1.0,15.0,1.0,,7 Clyde Avenue,
4 Bedroom Apartment,5800000.0,4.0,45.0,2.0,,,
4 Bedroom House,11495000.0,4.0,45.0,2.0,840.0,1326 Zululami Estate,
2 Bedroom Apartment,645000.0,2.0,1.0,2.0,,,
4 Bedroom House,2699000.0,4.0,35.0,4.0,804.0,111 Centre Street,
5 Bedroom House,6395000.0,5.0,4.0,5.0,1306.0,"Brooklyn Estate, 16 Main Street",
3 Bedroom House,980000.0,3.0,2.0,2.0,338.0,,
5 Bedroom House,3400000.0,5.0,5.0,6.0,1070.0,110 Sir Duncan Road,
2 Bedroom Apartment,595000.0,2.0,1.0,1.0,,"10 Golden Moon, 74 Marine Drive",
3 Bedroom House,1800000.0,3.0,2.0,8.0,386.0,,
5 Bedroom House,1600000.0,5.0,4.0,6.0,348.0,,
7 Bedroom House,2400000.0,7.0,45.0,4.0,1278.0,,
2 Bedroom Apartment,750000.0,2.0,1.0,2.0,,,
2 Bedroom Apartment,3680000.0,2.0,2.0,1.0,,"1411 Ss Zimbali Hotel and Resort, 5 Corkwood Drive, Unit 311 Zimbali Suites",
2 Bedroom House,1180000.0,2.0,2.0,4.0,2600.0,,
3 Bedroom House,1550000.0,3.0,2.0,1.0,1219.0,,
0.5 Bedroom Apartment,620000.0,5.0,1.0,,,,
3 Bedroom House,3000000.0,3.0,2.0,2.0,2500.0,39 Montrose Drive,
3 Bedroom House,5350000.0,3.0,3.0,4.0,638.0,,
3 Bedroom House,6050000.0,3.0,35.0,4.0,849.0,5 Yellowwood Avenue,
4 Bedroom House,799000.0,4.0,2.0,,369.0,,
2 Bedroom Apartment,3200000.0,2.0,2.0,2.0,,"41 Forest View, 1 Elaleni Drive",
2 Bedroom Apartment,6500000.0,2.0,2.0,1.0,,,
2 Bedroom Apartment,950000.0,2.0,15.0,2.0,,,
1.5 Bedroom Apartment,690000.0,15.0,1.0,1.0,,"25 Mallinson Road,brickfield , KwaZulu Natal",
2 Bedroom Apartment,900000.0,2.0,1.0,1.0,,,
2 Bedroom Apartment,750000.0,2.0,1.0,2.0,,,
3 Bedroom Townhouse,2450000.0,3.0,2.0,2.0,,,
4 Bedroom House,15000000.0,4.0,35.0,4.0,1048.0,80 Gail Road,
2 Bedroom Townhouse,820000.0,2.0,15.0,2.0,2000.0,53 Bohmer Road,
3 Bedroom House,1850000.0,3.0,1.0,6.0,1105.0,47 Forty Fifth Avenue,
8 Bedroom House,3500000.0,8.0,7.0,14.0,3780.0,32 Igwababa Road,
2 Bedroom Townhouse,995000.0,2.0,1.0,2.0,26592.0,,
5 Bedroom House,20990000.0,5.0,55.0,6.0,2134.0,,
2 Bedroom House,650000.0,2.0,15.0,1.0,200.0,,
3 Bedroom Apartment,800000.0,3.0,2.0,1.0,,,
3 Bedroom Townhouse,1850000.0,3.0,2.0,2.0,,,
2 Bedroom House,650000.0,2.0,15.0,1.0,200.0,,
3 Bedroom House,1399000.0,3.0,2.0,2.0,3804.0,,
3 Bedroom House,4024000.0,3.0,2.0,2.0,,,
3 Bedroom House,850000.0,3.0,2.0,4.0,371.0,,
2 Bedroom Apartment,1000000.0,2.0,2.0,1.0,,,
6 Bedroom House,1050000.0,6.0,6.0,4.0,1955.0,,
20 Bedroom House,15500000.0,20.0,17.0,17.0,1512.0,,
4 Bedroom House,2195000.0,4.0,2.0,3.0,1115.0,,
3 Bedroom House,750000.0,3.0,1.0,5.0,254.0,,
2 Bedroom Apartment,1195000.0,2.0,1.0,2.0,,"23 Orchid Gardens, 8 Dawnlea",
2 Bedroom Apartment,2650000.0,2.0,2.0,2.0,,"301 One8one Degrees, 181 Lambert Road",
1 Bedroom Apartment,849000.0,1.0,1.0,2.0,,"86 Manor Estates, 4 Old Main Road",
2 Bedroom Townhouse,800000.0,2.0,1.0,1.0,,,
5 Bedroom House,22000000.0,5.0,55.0,4.0,2134.0,,
3 Bedroom House,1020000.0,3.0,2.0,2.0,1162.0,,
2 Bedroom House,460000.0,2.0,1.0,1.0,500.0,,
3 Bedroom House,1290000.0,3.0,25.0,3.0,1705.0,105 Palm Grove,
3 Bedroom Townhouse,810000.0,3.0,2.0,2.0,,,
4 Bedroom Townhouse,8500000.0,4.0,3.0,1.0,505.0,Waterwood Close,
3 Bedroom Apartment,2799000.0,3.0,3.0,,,,
2 Bedroom Apartment,1195000.0,2.0,15.0,2.0,,,
3 Bedroom House,2995000.0,3.0,35.0,2.0,,,
3 Bedroom Townhouse,1100000.0,3.0,2.0,2.0,,,
3 Bedroom Apartment,6800000.0,3.0,3.0,4.0,,,
2 Bedroom Apartment,2995000.0,2.0,2.0,1.0,,"204 Ben Siesta, 57 Lagoon Drive",
2 Bedroom Apartment,1245000.0,2.0,2.0,2.0,,"Greys Mews, 548 Marine Drive",
4 Bedroom House,8500000.0,4.0,4.0,5.0,1106.0,18 Pitchingwedge,
6 Bedroom House,3499999.0,6.0,45.0,6.0,2001.0,,
1.5 Bedroom Apartment,595000.0,15.0,1.0,1.0,,,
4 Bedroom House,19500000.0,4.0,6.0,10.0,966.0,"Ithafa Close, 24 Ithafa Close",
3 Bedroom Apartment,5250000.0,3.0,3.0,2.0,,,
3 Bedroom House,1290000.0,3.0,25.0,3.0,1705.0,105 Palm Grove,
8 Bedroom House,8500000.0,8.0,8.0,2.0,2027.0,55 Fairway Drive,
2 Bedroom Apartment,1325000.0,2.0,2.0,1.0,,541 Kassier Road,
3 Bedroom House,595000.0,3.0,1.0,5.0,404.0,,
4 Bedroom House,1095000.0,4.0,2.0,5.0,506.0,,
3 Bedroom Apartment,1585000.0,3.0,1.0,2.0,,,
3 Bedroom House,1450000.0,3.0,2.0,2.0,1173.0,,
1 Bedroom Apartment,1420000.0,1.0,1.0,1.0,,,
4 Bedroom Townhouse,1100000.0,4.0,3.0,4.0,7316.0,,
3 Bedroom Apartment,3850000.0,3.0,2.0,1.0,,"402 Kenwyn-On-Sea, 102d Compensation Beach Road",
2 Bedroom House,995000.0,2.0,2.0,1.0,108034.0,,
2 Bedroom Apartment,1399999.0,2.0,2.0,2.0,,"29 Clark Square, 260 Clark Road",
3 Bedroom House,2380000.0,3.0,2.0,8.0,3791.0,,
2 Bedroom Apartment,1325000.0,2.0,2.0,1.0,,541 Kassier Road,
2 Bedroom Apartment,980000.0,2.0,2.0,1.0,,,
2 Bedroom Apartment,1600000.0,2.0,2.0,2.0,,"303 Ss Imbali Ridge, 1571 San Tafe Street",
2 Bedroom Apartment,2300000.0,2.0,2.0,2.0,,"301 The Onyx, 38 Umhlanga Ridge Boulevard",
3 Bedroom Apartment,3195000.0,3.0,2.0,1.0,,,
2 Bedroom Apartment,850000.0,2.0,1.0,1.0,,45 Ellcock Road,
3 Bedroom Townhouse,1190000.0,3.0,15.0,1.0,200.0,,
3 Bedroom House,2350000.0,3.0,2.0,7.0,993.0,,
1.5 Bedroom Apartment,750000.0,15.0,1.0,1.0,,"4 Ss Sylvador Court, 32 Madeline Road",
2 Bedroom Apartment,2650000.0,2.0,1.0,1.0,,97 Compensation Beach Rd,
2 Bedroom House,775000.0,2.0,1.0,2.0,391.0,,
3 Bedroom Townhouse,1080000.0,3.0,2.0,2.0,,,
2 Bedroom House,1100000.0,2.0,1.0,2.0,451.0,,
4 Bedroom House,1650000.0,4.0,3.0,6.0,1283.0,,
4 Bedroom House,1300000.0,4.0,3.0,2.0,949.0,,
1 Bedroom Apartment,650000.0,1.0,1.0,1.0,,,
2 Bedroom Apartment,5500000.0,2.0,2.0,1.0,67.0,,
3 Bedroom House,1195000.0,3.0,2.0,,2200.0,,
2 Bedroom Apartment,1800000.0,2.0,2.0,1.0,,,
3 Bedroom Apartment,1450000.0,3.0,2.0,1.0,,2117 Shore Drive,
4 Bedroom House,3990000.0,4.0,3.0,3.0,1200.0,,
3 Bedroom House,749000.0,3.0,1.0,1.0,302.0,963 Off Navan Boulevarde,
6 Bedroom House,26000000.0,6.0,65.0,6.0,1376.0,8 Eastmoor Crescent,
2 Bedroom Townhouse,960000.0,2.0,2.0,3.0,4253.0,,
3 Bedroom House,5350000.0,3.0,35.0,6.0,859.0,,
3 Bedroom House,4850000.0,3.0,2.0,5.0,640.0,"6b Cotswold Downs Golf Estate, 78 Inanda Road",
Apartment,1620000.0,,,,,54 Hawthorn Street,
1.5 Bedroom Apartment,1850000.0,15.0,1.0,1.0,,,
3 Bedroom House,7000000.0,3.0,3.0,,75000.0,80 Rock Road,
4 Bedroom House,1300000.0,4.0,3.0,2.0,949.0,,
3 Bedroom Townhouse,1399000.0,3.0,2.0,3.0,101.0,,
1 Bedroom Apartment,1600000.0,1.0,1.0,2.0,,1 Blue Heron Street,
6 Bedroom House,8950000.0,6.0,4.0,4.0,1226.0,,
4 Bedroom House,2490000.0,4.0,3.0,12.0,1303.0,,
1 Bedroom Apartment,585000.0,1.0,1.0,,,,
2 Bedroom Townhouse,1450000.0,2.0,2.0,3.0,700.0,,
2 Bedroom Apartment,700000.0,2.0,1.0,1.0,,"37 Ss Eden Wilds, 6 Old Pont Road",
3 Bedroom Apartment,3199900.0,3.0,3.0,2.0,,,
3 Bedroom House,995000.0,3.0,1.0,,290.0,,
Apartment,2400000.0,,,,,1 Ncondo Place,
3 Bedroom House,5950000.0,3.0,2.0,4.0,858.0,,
3 Bedroom Apartment,11000000.0,3.0,35.0,2.0,,,
3 Bedroom Apartment,2450000.0,3.0,2.0,2.0,,,
3 Bedroom House,1795000.0,3.0,25.0,7.0,657.0,138 Rick Turner Road,
7 Bedroom House,4195000.0,7.0,7.0,10.0,902.0,,
4 Bedroom Apartment,2630000.0,4.0,3.0,2.0,,,
3 Bedroom House,1680000.0,3.0,2.0,2.0,110.0,,
2 Bedroom Apartment,760000.0,2.0,2.0,1.0,,,
2 Bedroom Apartment,920000.0,2.0,2.0,2.0,,,
3 Bedroom House,1350000.0,3.0,2.0,1.0,470.0,,
3 Bedroom Apartment,3199900.0,3.0,3.0,2.0,,,
4 Bedroom Townhouse,6495000.0,4.0,45.0,2.0,,,
3 Bedroom House,1695000.0,3.0,2.0,2.0,968.0,,
3 Bedroom Apartment,1895000.0,3.0,2.0,1.0,,,
3 Bedroom House,5900000.0,3.0,3.0,4.0,1222.0,,
3 Bedroom Apartment,1250000.0,3.0,2.0,,,,
3 Bedroom House,1450000.0,3.0,2.0,7.0,121.0,,
2 Bedroom Apartment,2590000.0,2.0,2.0,2.0,,,
2 Bedroom Apartment,780000.0,2.0,1.0,1.0,,,
2 Bedroom Apartment,1695000.0,2.0,2.0,2.0,,,
14 Bedroom Apartment,4350000.0,14.0,8.0,,,,
4 Bedroom House,7450000.0,4.0,3.0,6.0,3559.0,,
3 Bedroom Apartment,2175000.0,3.0,2.0,1.0,,,
2 Bedroom Apartment,2550000.0,2.0,2.0,2.0,,,
2.5 Bedroom Apartment,800000.0,25.0,1.0,1.0,,,
2 Bedroom Apartment,1695000.0,2.0,2.0,2.0,,,
1 Bedroom Apartment,895000.0,1.0,1.0,2.0,,,
3 Bedroom Townhouse,899000.0,3.0,15.0,3.0,,,
3 Bedroom Apartment,1200000.0,3.0,2.0,1.0,,,
2 Bedroom Apartment,2550000.0,2.0,2.0,2.0,,,
2 Bedroom Apartment,1399000.0,2.0,2.0,2.0,,,
2 Bedroom Apartment,750000.0,2.0,2.0,2.0,,,
2 Bedroom Apartment,1350000.0,2.0,1.0,1.0,,,
9 Bedroom House,1500000.0,9.0,4.0,2.0,1211.0,,
2 Bedroom Apartment,1099000.0,2.0,1.0,1.0,,,
3 Bedroom House,1400000.0,3.0,1.0,4.0,1127.0,,
4 Bedroom House,1500000.0,4.0,2.0,4.0,1123.0,,
4 Bedroom House,600000.0,4.0,2.0,2.0,,,
2 Bedroom Apartment,790000.0,2.0,1.0,1.0,,,
3 Bedroom House,1400000.0,3.0,1.0,4.0,1127.0,,
2 Bedroom House,1750000.0,2.0,2.0,2.0,500.0,,
2 Bedroom Apartment,870000.0,2.0,2.0,,,,
3 Bedroom House,8495000.0,3.0,35.0,10.0,2306.0,,
3 Bedroom House,1700000.0,3.0,2.0,1.0,1300.0,,
4 Bedroom Townhouse,1550000.0,4.0,2.0,,,,
3 Bedroom House,1695000.0,3.0,3.0,,618.0,,
1 Bedroom Apartment,165000.0,1.0,1.0,,,,
4 Bedroom House,1699000.0,4.0,2.0,4.0,2024.0,,
3 Bedroom Apartment,1850000.0,3.0,2.0,3.0,,,
4 Bedroom House,16000000.0,4.0,5.0,10.0,900.0,,
2 Bedroom Townhouse,1150000.0,2.0,1.0,1.0,96.0,,
4 Bedroom House,1199000.0,4.0,2.0,8.0,411.0,,
2 Bedroom House,540000.0,2.0,1.0,1.0,380.0,,
4 Bedroom House,2395000.0,4.0,25.0,10.0,,,
5 Bedroom House,1280000.0,5.0,2.0,4.0,1939.0,,
3 Bedroom House,5950000.0,3.0,2.0,3.0,190.0,,
2 Bedroom Apartment,1500000.0,2.0,15.0,,,263 O.r. Tambo Parade,
3 Bedroom Townhouse,1120000.0,3.0,1.0,2.0,,,
3 Bedroom Townhouse,1450000.0,3.0,2.0,1.0,1117.0,,
2 Bedroom House,1850000.0,2.0,2.0,4.0,82.0,,
3 Bedroom House,900000.0,3.0,1.0,,,,
6 Bedroom House,3800000.0,6.0,4.0,2.0,1236.0,,
2.5 Bedroom Apartment,370000.0,25.0,1.0,,,,
2 Bedroom House,750000.0,2.0,1.0,4.0,1300.0,,
3 Bedroom Apartment,6900000.0,3.0,3.0,3.0,,,
4 Bedroom House,8295000.0,4.0,3.0,2.0,862.0,1316 Emoyeni Terrace,
5 Bedroom House,1299000.0,5.0,2.0,8.0,947.0,,
3 Bedroom Townhouse,695000.0,3.0,1.0,4.0,,,
1 Bedroom Apartment,4200000.0,1.0,1.0,1.0,,6 Lagoon Drive,
3 Bedroom Townhouse,1275000.0,3.0,2.0,1.0,154.0,,
3 Bedroom Townhouse,1745000.0,3.0,3.0,2.0,4500.0,,
3 Bedroom House,3045000.0,3.0,3.0,4.0,,"3 Ss Emoyeni Ridge, 9 Blamey Close",
2 Bedroom Apartment,1795000.0,2.0,2.0,2.0,,"406 Ss Imbali Ridge, 1571 San Tafe Street, 406 Imbali Ridge",
2.5 Bedroom Apartment,370000.0,25.0,1.0,,,,
3 Bedroom House,450000.0,3.0,1.0,2.0,327.0,,
1 Bedroom Apartment,599000.0,1.0,1.0,1.0,2003.0,,
5 Bedroom House,4500000.0,5.0,5.0,9.0,1272.0,,
3 Bedroom House,695000.0,3.0,1.0,2.0,181.0,,
2 Bedroom Townhouse,650000.0,2.0,1.0,,,,
2 Bedroom House,889900.0,2.0,1.0,3.0,186.0,,
3 Bedroom House,850000.0,3.0,1.0,3.0,,,
2 Bedroom Apartment,2800000.0,2.0,2.0,2.0,,,
3 Bedroom House,550000.0,3.0,15.0,1.0,288.0,,
3 Bedroom House,1650000.0,3.0,2.0,1.0,400.0,,
1 Bedroom Apartment,350000.0,1.0,1.0,1.0,,33 St Patricks Road,
3 Bedroom House,1595000.0,3.0,2.0,3.0,222.0,,
2 Bedroom Townhouse,850000.0,2.0,1.0,2.0,,,
2 Bedroom House,795000.0,2.0,1.0,2.0,,,
6 Bedroom House,1995000.0,6.0,45.0,3.0,1350.0,,
11 Bedroom Apartment,3800000.0,11.0,105.0,7.0,4156.0,,
1 Bedroom Apartment,795000.0,1.0,1.0,,,20 Erskine Terrace,
3 Bedroom Apartment,4150000.0,3.0,2.0,2.0,,,
3 Bedroom House,695000.0,3.0,1.0,2.0,181.0,,
3 Bedroom House,1430000.0,3.0,3.0,3.0,1323.0,,
4 Bedroom House,1350000.0,4.0,2.0,3.0,2193.0,,
4 Bedroom House,1795000.0,4.0,2.0,2.0,,"550 Capital Hills Estate, 0 Chief Mhlabunzima Road",
0.5 Bedroom Apartment,740000.0,5.0,1.0,,,,
2 Bedroom Apartment,1495000.0,2.0,1.0,1.0,,113 Gladys Mazibuko Street,
2 Bedroom Apartment,1185000.0,2.0,1.0,2.0,,"43 Ss Aletta Gardens Eco Estate (17 Maplewood), 55 Aletta Place",
2 Bedroom Apartment,1200000.0,2.0,2.0,1.0,,29 Sol Harris Crescent,
3 Bedroom Apartment,4045000.0,3.0,2.0,2.0,,,
3 Bedroom Apartment,4500000.0,3.0,2.0,2.0,,,
2 Bedroom Apartment,650000.0,2.0,1.0,1.0,,,
4 Bedroom Apartment,7950000.0,4.0,4.0,3.0,,,
2 Bedroom House,450000.0,2.0,2.0,2.0,,,
4 Bedroom House,2200000.0,4.0,3.0,4.0,975.0,,
3 Bedroom Townhouse,5400000.0,3.0,2.0,4.0,,"9 Ss THE Indies, 61 Marine Drive",
2 Bedroom Apartment,3250000.0,2.0,25.0,2.0,,"603 Umhlanga Arch, 1 Ncondo Place",
3 Bedroom Apartment,870000.0,3.0,3.0,1.0,,1 Edgeware Road,
3 Bedroom Townhouse,660000.0,3.0,1.0,1.0,67.0,"35 Ss Longbeach, 11 Marlin Drive",
4 Bedroom House,694995.0,4.0,2.0,9.0,842.0,F12 F12 Street,
3 Bedroom Apartment,2450000.0,3.0,25.0,4.0,,,
2 Bedroom Apartment,950000.0,2.0,2.0,1.0,,,
3 Bedroom Apartment,2450000.0,3.0,25.0,4.0,,,
3 Bedroom Apartment,2995000.0,3.0,2.0,1.0,,7 North Beach Road,
6 Bedroom House,3500000.0,6.0,55.0,,1036.0,,
2 Bedroom Apartment,925000.0,2.0,2.0,1.0,,130 Marine Drive,
4 Bedroom House,1800000.0,4.0,2.0,2.0,1984.0,9 Uranus Crescent,
3 Bedroom Townhouse,7195000.0,3.0,3.0,3.0,,67 Tinderwood Close,
4 Bedroom House,1090000.0,4.0,2.0,1.0,511.0,,
3 Bedroom House,1300000.0,3.0,2.0,8.0,1219.0,,
2 Bedroom Townhouse,550000.0,2.0,1.0,1.0,,,
3 Bedroom Apartment,12000000.0,3.0,3.0,4.0,,,
5 Bedroom House,23995000.0,5.0,8.0,10.0,2200.0,,
3 Bedroom House,1950000.0,3.0,3.0,3.0,1170.0,,
4 Bedroom House,750000.0,4.0,2.0,1.0,,,
3 Bedroom House,1350000.0,3.0,2.0,2.0,265.0,,
2 Bedroom Apartment,672000.0,2.0,1.0,,,,
3 Bedroom Apartment,1690000.0,3.0,25.0,2.0,,"7 Eastern Shores, 120 South Beach Road, Unit 7 Eastern Shores",
3 Bedroom Apartment,12500000.0,3.0,3.0,2.0,,,
3 Bedroom Apartment,12500000.0,3.0,3.0,2.0,,,
3 Bedroom Townhouse,1190000.0,3.0,2.0,5.0,171.0,,
2 Bedroom Apartment,695000.0,2.0,2.0,1.0,,,
2 Bedroom Apartment,2450000.0,2.0,2.0,1.0,,,
3 Bedroom House,4099000.0,3.0,2.0,6.0,1012.0,,
3 Bedroom Apartment,1730000.0,3.0,2.0,3.0,,,
2 Bedroom Apartment,850000.0,2.0,1.0,2.0,,,
3 Bedroom House,600000.0,3.0,1.0,,1350.0,1579 Richard King Cul De Sac,
3 Bedroom Townhouse,1295000.0,3.0,25.0,3.0,14.0,,
5 Bedroom House,2500000.0,5.0,5.0,8.0,909.0,,
3 Bedroom House,1500000.0,3.0,2.0,4.0,1717.0,,
4 Bedroom House,3350000.0,4.0,3.0,2.0,,,
2 Bedroom House,650000.0,2.0,1.0,10.0,275.0,,
4 Bedroom House,1050000.0,4.0,2.0,25.0,911.0,,
2 Bedroom House,650000.0,2.0,1.0,10.0,275.0,,
2 Bedroom Apartment,695000.0,2.0,2.0,,82.0,,
3 Bedroom House,1495000.0,3.0,25.0,5.0,458.0,,
3 Bedroom Apartment,2285000.0,3.0,2.0,2.0,,"4 Ss Caefron Mews, 28 Caefron Avenue",
3 Bedroom House,750000.0,3.0,2.0,,,,
2 Bedroom Apartment,1600000.0,2.0,1.0,2.0,,117 Inanda Road,
3 Bedroom House,2150000.0,3.0,2.0,3.0,1141.0,,
3 Bedroom Apartment,1850000.0,3.0,2.0,1.0,,,
3 Bedroom House,1650000.0,3.0,2.0,1.0,1606.0,,
3 Bedroom Apartment,,3.0,2.0,1.0,,"Shannon Court, 188 Che Guevara Road",
4 Bedroom House,2300000.0,4.0,2.0,4.0,544.0,,
2 Bedroom Apartment,1080000.0,2.0,2.0,2.0,,"21 Anchors Aweigh, 2 Eton",
4 Bedroom Apartment,6600000.0,4.0,45.0,4.0,,,
1 Bedroom Apartment,1995000.0,1.0,1.0,2.0,,1 Sheffield,
2 Bedroom Apartment,1895000.0,2.0,2.0,1.0,,5 Summit Row,
3 Bedroom Apartment,3750000.0,3.0,25.0,2.0,,"3, 355 Montpelier Road",
3 Bedroom Apartment,4295000.0,3.0,2.0,2.0,,,
4 Bedroom House,2250000.0,4.0,2.0,2.0,2067.0,13 Chartwell Drive,
1 Bedroom House,680000.0,1.0,1.0,5.0,2023.0,,
4 Bedroom House,975000.0,4.0,2.0,3.0,554.0,,
1 Bedroom Apartment,725000.0,1.0,1.0,1.0,,,
2 Bedroom Apartment,1750000.0,2.0,2.0,1.0,,,
2 Bedroom Apartment,920000.0,2.0,1.0,1.0,,,
3 Bedroom Townhouse,1599000.0,3.0,15.0,4.0,,,
2 Bedroom Apartment,1690000.0,2.0,2.0,2.0,,"134 Kingston Estate, 102 Simbithi Drive",
5 Bedroom House,12600000.0,5.0,55.0,7.0,1307.0,"Dunkirk Estate, 50 Sameja Drive",
3 Bedroom House,3295000.0,3.0,2.0,7.0,1088.0,,
2 Bedroom Apartment,1750000.0,2.0,2.0,1.0,,,
8 Bedroom Apartment,2000000.0,8.0,6.0,3.0,1467.0,,
3 Bedroom House,1800000.0,3.0,3.0,3.0,1362.0,,
4 Bedroom House,13000000.0,4.0,4.0,4.0,460.0,,
3 Bedroom House,8500000.0,3.0,25.0,5.0,596.0,,
3 Bedroom House,1370000.0,3.0,2.0,1.0,149.0,276 Murray Road,
3 Bedroom House,1520000.0,3.0,4.0,1.0,,217 Queen Elizabeth Avenue,
1 Bedroom Apartment,1050000.0,1.0,1.0,1.0,,,
3 Bedroom House,900000.0,3.0,2.0,3.0,338.0,,
4 Bedroom House,2500000.0,4.0,2.0,9.0,1800.0,,
3 Bedroom House,,3.0,2.0,5.0,1332.0,,
2 Bedroom Apartment,5000000.0,2.0,2.0,2.0,,,
3 Bedroom House,780000.0,3.0,2.0,1.0,323.0,,
2 Bedroom Apartment,1595000.0,2.0,2.0,1.0,,,
3 Bedroom Townhouse,1550000.0,3.0,2.0,2.0,2362.0,,
2 Bedroom Apartment,1310000.0,2.0,2.0,2.0,,"Forest Road, Vakansiewoonstelle, Ocean Breeze",
4 Bedroom House,5995000.0,4.0,5.0,1.0,1782.0,19 Churchill Avenue,
3 Bedroom House,1299000.0,3.0,2.0,5.0,669.0,,
3 Bedroom Townhouse,2490000.0,3.0,3.0,2.0,5340.0,,
6 Bedroom House,1695000.0,6.0,3.0,6.0,1007.0,,
1.5 Bedroom Apartment,960000.0,15.0,1.0,1.0,,,
2 Bedroom Apartment,1595000.0,2.0,2.0,1.0,,,
2 Bedroom Apartment,1365000.0,2.0,1.0,1.0,,,
4 Bedroom House,1250000.0,4.0,2.0,3.0,697.0,,
3 Bedroom House,1899000.0,3.0,2.0,8.0,1612.0,,
3 Bedroom Townhouse,3300000.0,3.0,2.0,2.0,496.0,"6.. Hathaway Village, Camelot Estate, 21 Wishart Road",
4 Bedroom House,950000.0,4.0,3.0,,375.0,,
3 Bedroom House,1650000.0,3.0,1.0,4.0,763.0,,
3 Bedroom Townhouse,3500000.0,3.0,25.0,,,,
7 Bedroom House,6995000.0,7.0,95.0,15.0,4800.0,19 Anthony Drive,
2 Bedroom House,1375000.0,2.0,25.0,1.0,777717.0,"148 Ss Selborne Park, 102 Old Main Road",
3 Bedroom House,1900000.0,3.0,3.0,3.0,1412.0,33 Highlands Rd,
6 Bedroom House,1990000.0,6.0,3.0,1.0,1047.0,,
3 Bedroom House,1795000.0,3.0,2.0,1.0,5516.0,17a Springside Road,
3 Bedroom Apartment,1890000.0,3.0,2.0,3.0,,"3 Ss King Shaka Estate, 50 Valley Road, Unit 3 King Shaka Estate",
3 Bedroom Townhouse,3900000.0,3.0,2.0,3.0,7551.0,,
2 Bedroom Apartment,780000.0,2.0,1.0,1.0,,"11 Stafford Close, 4 Stafford Road",
3 Bedroom House,1200000.0,3.0,1.0,3.0,908.0,"285 Walnut Rd,alkins Dr",
3 Bedroom House,845000.0,3.0,1.0,3.0,341.0,63 Mahatma Gandhi Crescent,
4 Bedroom House,6950000.0,4.0,5.0,2.0,1112.0,95 Inanda Road,
3 Bedroom House,35000000.0,3.0,2.0,6.0,2012.0,31 Forestwood Drive,
2 Bedroom Apartment,1295000.0,2.0,1.0,2.0,,,
4 Bedroom Townhouse,4999000.0,4.0,4.0,2.0,1201.0,33 Oakland Avenue,
3 Bedroom Apartment,1995000.0,3.0,2.0,2.0,,"203b Santorini, 99 Marine Drive",
3 Bedroom Townhouse,1100000.0,3.0,2.0,2.0,7334.0,"19 Ss Zia Maria, 150 Josiah Gumede Road",
4 Bedroom Townhouse,4999000.0,4.0,4.0,2.0,1201.0,33 Oakland Avenue,
2 Bedroom Apartment,700000.0,2.0,2.0,1.0,,"3 Ss Mer Bleue, 2 Dean Road",
3 Bedroom House,2450000.0,3.0,2.0,3.0,2173.0,10 Valley Road,
2 Bedroom Apartment,1150000.0,2.0,2.0,1.0,,"21 Topanga, 76 Colin Street",
1 Bedroom Apartment,710000.0,1.0,1.0,1.0,,16 Granton Place,
2 Bedroom Apartment,1095000.0,2.0,1.0,1.0,,,
1 Bedroom Apartment,702000.0,1.0,1.0,,,,
4 Bedroom Apartment,850000.0,4.0,3.0,1.0,,,
3 Bedroom Townhouse,880000.0,3.0,2.0,,4047.0,516 Bream Crescent,
2 Bedroom Apartment,1295000.0,2.0,2.0,1.0,,,
3 Bedroom House,660000.0,3.0,2.0,2.0,,,
3.5 Bedroom House,4195000.0,35.0,35.0,4.0,,,
10 Bedroom House,2750000.0,10.0,4.0,12.0,1163.0,,
2 Bedroom Apartment,1350000.0,2.0,2.0,2.0,,,
3 Bedroom Apartment,1095000.0,3.0,2.0,2.0,,,
1 Bedroom Apartment,650000.0,1.0,1.0,,50.0,,
1 Bedroom Apartment,1375000.0,1.0,1.0,,,,
2 Bedroom Apartment,2800000.0,2.0,2.0,2.0,,,
2 Bedroom Apartment,675000.0,2.0,1.0,,,,
2 Bedroom Apartment,975000.0,2.0,1.0,1.0,,,
5 Bedroom House,2795000.0,5.0,6.0,6.0,1130.0,,
6 Bedroom House,995000.0,6.0,4.0,4.0,1055.0,,
2 Bedroom Apartment,975000.0,2.0,1.0,1.0,,,
1 Bedroom Apartment,560000.0,1.0,1.0,,,,
4 Bedroom House,1040000.0,4.0,2.0,2.0,487.0,,
10 Bedroom House,1595000.0,10.0,5.0,4.0,1375.0,,
2 Bedroom Apartment,685000.0,2.0,1.0,1.0,,,
4 Bedroom Apartment,3250000.0,4.0,2.0,1.0,,,
3 Bedroom Apartment,3750000.0,3.0,3.0,2.0,,,
3 Bedroom Apartment,3750000.0,3.0,3.0,2.0,,,
4 Bedroom House,950000.0,4.0,3.0,3.0,976.0,,
4 Bedroom House,3200000.0,4.0,4.0,2.0,,,
1 Bedroom Apartment,350000.0,1.0,1.0,1.0,,,
3 Bedroom Apartment,4995000.0,3.0,3.0,4.0,,,
4 Bedroom House,1000000.0,4.0,2.0,,1000.0,,
2 Bedroom Apartment,750000.0,2.0,1.0,1.0,,"94 Ss Pasadena Court, 21 O.r. Tambo Parade",
3 Bedroom House,3950000.0,3.0,25.0,4.0,,"19 The Abrey, 120 Abrey Road",
3 Bedroom House,3900000.0,3.0,2.0,3.0,211.0,,
3 Bedroom House,1100000.0,3.0,2.0,3.0,916.0,,
2 Bedroom Apartment,2900000.0,2.0,2.0,2.0,,,
4 Bedroom House,5500000.0,4.0,4.0,8.0,1876.0,,
3 Bedroom Townhouse,5090000.0,3.0,3.0,5.0,,,
9 Bedroom House,4500000.0,9.0,8.0,6.0,,,
2 Bedroom House,650000.0,2.0,1.0,2.0,250.0,,
3 Bedroom House,2775000.0,3.0,2.0,2.0,164.0,,
1 Bedroom Apartment,550000.0,1.0,1.0,1.0,,,
4 Bedroom House,1200000.0,4.0,2.0,1.0,196.0,,
2 Bedroom Apartment,580000.0,2.0,1.0,1.0,,"316 Redfern, 27 Bohmer Road",
3 Bedroom House,2595000.0,3.0,2.0,7.0,807.0,,
3 Bedroom Townhouse,680000.0,3.0,1.0,1.0,14267.0,"5 Ss Stolile, 14147 Capri Crescent Street",
3 Bedroom Apartment,1620000.0,3.0,2.0,3.0,,,
3 Bedroom Apartment,1995000.0,3.0,2.0,3.0,,,
3 Bedroom House,2250000.0,3.0,2.0,4.0,2042.0,,
2 Bedroom Apartment,950000.0,2.0,15.0,2.0,,,
2 Bedroom Apartment,2375000.0,2.0,2.0,1.0,,,
4 Bedroom Apartment,1800000.0,4.0,2.0,1.0,,,
4 Bedroom House,1650000.0,4.0,2.0,2.0,1037.0,,
3 Bedroom Townhouse,2450000.0,3.0,2.0,1.0,,"23 Village Green, 1 Sugarfarm Trail",
2 Bedroom Townhouse,890000.0,2.0,1.0,1.0,,"34 Claveshay Green, 30 Lynroy Avenue",
5 Bedroom House,1795000.0,5.0,2.0,6.0,1213.0,,
3 Bedroom Apartment,1100000.0,3.0,2.0,,,,
3 Bedroom Apartment,1995000.0,3.0,2.0,3.0,,,
3 Bedroom House,2900000.0,3.0,2.0,4.0,989.0,"14 Bonito Road, Blythdale",
1 Bedroom Apartment,1600000.0,1.0,1.0,1.0,,,
3 Bedroom Townhouse,1195000.0,3.0,2.0,2.0,,,
2 Bedroom Apartment,1350000.0,2.0,1.0,1.0,,,
4 Bedroom House,7750000.0,4.0,45.0,2.0,8888.0,143 Yellowwood Drive,
4 Bedroom House,1800000.0,4.0,3.0,3.0,830.0,,
3 Bedroom House,1500000.0,3.0,2.0,4.0,1100.0,57 Huntley,
2 Bedroom Apartment,700000.0,2.0,2.0,1.0,,"Suntide Margate Cabanas, 6 Duke Road",
2 Bedroom Apartment,650000.0,2.0,1.0,,,,
3 Bedroom House,800000.0,3.0,2.0,2.0,339.0,23 Forfar Place,
Apartment,1900000.0,,1.0,1.0,,,
4 Bedroom House,4275000.0,4.0,4.0,7.0,3725.0,,
3 Bedroom Townhouse,2250000.0,3.0,2.0,2.0,,,
3 Bedroom Apartment,960000.0,3.0,2.0,3.0,,,
1 Bedroom Apartment,850000.0,1.0,1.0,1.0,,"143 San Lameer, Lower South Coast Road N2s R61.",
3 Bedroom Townhouse,3500000.0,3.0,25.0,5.0,6606.0,,
3 Bedroom House,2100000.0,3.0,2.0,4.0,1500.0,,
0.5 Bedroom Apartment,700000.0,5.0,1.0,1.0,,,
3 Bedroom House,950000.0,3.0,1.0,4.0,928.0,,
3 Bedroom House,1650000.0,3.0,2.0,1.0,918.0,,
3 Bedroom Townhouse,1193000.0,3.0,2.0,3.0,152.0,,
2 Bedroom Apartment,989000.0,2.0,2.0,2.0,,,
2 Bedroom Apartment,989000.0,2.0,2.0,2.0,,,
3 Bedroom House,699000.0,3.0,1.0,3.0,288.0,,
3 Bedroom Apartment,2499000.0,3.0,2.0,2.0,,,
5 Bedroom House,5750000.0,5.0,4.0,10.0,1322.0,,
4 Bedroom House,1750000.0,4.0,6.0,6.0,1976.0,,
2 Bedroom Apartment,1500000.0,2.0,2.0,1.0,,,
2 Bedroom Apartment,1500000.0,2.0,2.0,1.0,,,
3 Bedroom Townhouse,1190000.0,3.0,2.0,3.0,,,
3 Bedroom Townhouse,2695000.0,3.0,2.0,4.0,,,
2 Bedroom Apartment,1500000.0,2.0,2.0,1.0,,,
2 Bedroom House,980000.0,2.0,1.0,1.0,4046.0,,
2 Bedroom Apartment,685000.0,2.0,1.0,1.0,,,
3 Bedroom House,750000.0,3.0,15.0,3.0,303.0,,
2 Bedroom Apartment,1290000.0,2.0,1.0,4.0,,,
6 Bedroom House,6500000.0,6.0,5.0,3.0,4050.0,,
2 Bedroom House,650000.0,2.0,1.0,2.0,250.0,,
2 Bedroom Apartment,625000.0,2.0,2.0,,,"2103 John Ross House, 20 Margaret Mncadi Avenue",
4 Bedroom House,3595000.0,4.0,4.0,3.0,2267.0,"3 Broadacres Country Estate, 2 District Drive",
2 Bedroom Apartment,670000.0,2.0,1.0,1.0,,,
2 Bedroom Apartment,3950000.0,2.0,2.0,,967.0,,
1 Bedroom Apartment,1890000.0,1.0,1.0,2.0,,,
3 Bedroom Apartment,1450000.0,3.0,15.0,2.0,,,
3 Bedroom House,600000.0,3.0,1.0,1.0,,,
3 Bedroom House,1895000.0,3.0,25.0,5.0,1178.0,,
2 Bedroom Apartment,375000.0,2.0,1.0,,,"90 Goodhope Centre, 92 Denis Hurley Street",
4 Bedroom House,2250000.0,4.0,3.0,4.0,1989.0,,
2 Bedroom Apartment,2900000.0,2.0,2.0,2.0,,,
5 Bedroom House,5100000.0,5.0,45.0,2.0,1032.0,,
2 Bedroom Apartment,2950000.0,2.0,2.0,2.0,,,
2 Bedroom Apartment,995000.0,2.0,1.0,,,,
2 Bedroom Apartment,750000.0,2.0,1.0,1.0,,"907 South Coast Riviera, 4 Casuarina Road",
0.5 Bedroom Apartment,1200000.0,5.0,1.0,2.0,,"224 Ss Zimbali Boulevard Suites, 1 Boulevard Drive, Unit 224 Boulevard Suites",
10 Bedroom House,8999000.0,10.0,8.0,12.0,2359.0,11 Eden Rose Walk,
2 Bedroom Apartment,1350000.0,2.0,1.0,2.0,,"16 Walroad Court, 19 Wallace Road",
2 Bedroom Apartment,750000.0,2.0,1.0,1.0,,"10 Ss Belor, 35 Percy Osborn Road",
2 Bedroom Apartment,625000.0,2.0,1.0,2.0,,"8 Tudor Court, 144 Clark Road",
1 Bedroom Apartment,1995000.0,1.0,2.0,,,41 Snell Parade,
6 Bedroom House,6750000.0,6.0,6.0,4.0,1091.0,,
3 Bedroom Apartment,1680000.0,3.0,2.0,2.0,,"18 Sealandra Sands, 2111 Ray Road",
2 Bedroom Apartment,750000.0,2.0,1.0,1.0,,"907 South Coast Riviera, 4 Casuarina Road",
1 Bedroom Apartment,2099000.0,1.0,1.0,1.0,,6 Lagoon Drive,
3 Bedroom Apartment,2390000.0,3.0,25.0,1.0,,23 Lindsay Street,
4 Bedroom Townhouse,4380000.0,4.0,35.0,2.0,639.0,". Fiore, 47 Shongweni Road",
2 Bedroom Apartment,685000.0,2.0,1.0,1.0,,80 Eden Wilds 15628 Mitchell Road,
3 Bedroom Apartment,1695000.0,3.0,2.0,1.0,,"1043 Marine Drive, Shelly Breeze",
2 Bedroom Apartment,995000.0,2.0,1.0,1.0,,"69 Ss Marine Sands, 237 O.r. Tambo Parade",
2 Bedroom Apartment,890000.0,2.0,2.0,1.0,,La Bella Vista 7 Ridge Road,
1 Bedroom Apartment,899990.0,1.0,1.0,1.0,,69 Meridian Drive,
3 Bedroom Townhouse,1375000.0,3.0,2.0,2.0,9382.0,12 Sylvan Avenue,
4 Bedroom House,995000.0,4.0,2.0,1.0,258.0,,
2 Bedroom Apartment,995000.0,2.0,1.0,1.0,,"Ss Parkdale, 10 Valley View Avenue",
3 Bedroom House,3850000.0,3.0,35.0,7.0,1208.0,376 Wilfred Street,
2 Bedroom Apartment,640000.0,2.0,1.0,1.0,,"25 Ss Kemden, 275 Che Guevara Road",
2 Bedroom Apartment,995000.0,2.0,1.0,1.0,,"Ss Parkdale, 10 Valley View Avenue",
2 Bedroom Apartment,2750000.0,2.0,2.0,2.0,,24 Sheffield,
5 Bedroom House,4495000.0,5.0,4.0,8.0,1800.0,,
3 Bedroom Townhouse,995000.0,3.0,2.0,2.0,,"1 Ss Kirriemuir, 59 Kennard Rise Street",
2 Bedroom Apartment,690000.0,2.0,1.0,1.0,,38 Dunne Road,
5 Bedroom House,10500000.0,5.0,5.0,5.0,583.0,53 2nd Avenue,
2 Bedroom Apartment,640000.0,2.0,1.0,1.0,,"25 Kemden, 275 Che Guevara Road",
1 Bedroom Apartment,550000.0,1.0,1.0,,,"99 Ss Durdoc, 73 Dr Yusuf Dadoo Street",
3 Bedroom Townhouse,2895000.0,3.0,25.0,2.0,,"3 Ss St Johns Wood, 229 Lambert Road",
3 Bedroom House,6795000.0,3.0,4.0,16.0,2850.0,"22 Phezulu Estate, 118 Old Main Road",
4 Bedroom House,995000.0,4.0,2.0,4.0,446.0,,
4 Bedroom House,8950000.0,4.0,45.0,2.0,1445.0,19 Bushwillow Close,
2 Bedroom Apartment,3200000.0,2.0,2.0,2.0,,"29 Ss Pallazzo De Marina, 9 Ilala Drive",
6 Bedroom House,4400000.0,6.0,5.0,5.0,2013.0,28 Palingdraai Street,
2 Bedroom Apartment,1195000.0,2.0,1.0,,,39 Sheffield Gardens,
2 Bedroom Apartment,1295000.0,2.0,1.0,1.0,,,
3 Bedroom Townhouse,930000.0,3.0,2.0,2.0,11058.0,,
2 Bedroom Apartment,2995000.0,2.0,2.0,2.0,,Ilala Drive,
3 Bedroom Townhouse,930000.0,3.0,2.0,2.0,11058.0,,
3 Bedroom Townhouse,2200000.0,3.0,2.0,2.0,9388.0,,
2 Bedroom Apartment,995000.0,2.0,1.0,,80.0,,
2 Bedroom Apartment,760000.0,2.0,1.0,1.0,,,
1 Bedroom Apartment,1780000.0,1.0,1.0,2.0,,,
2 Bedroom House,950000.0,2.0,2.0,2.0,46242.0,,
5 Bedroom House,3195000.0,5.0,3.0,4.0,577.0,"1 Ss Meyrick Mews, 19 Meyrick Avenue",
2 Bedroom Apartment,760000.0,2.0,1.0,2.0,,,
1 Bedroom Apartment,760000.0,1.0,1.0,1.0,,,
2 Bedroom Townhouse,500000.0,2.0,1.0,1.0,5821.0,,
3 Bedroom Townhouse,849995.0,3.0,1.0,1.0,,,
3 Bedroom Apartment,1200000.0,3.0,2.0,2.0,,"16 Martheo, 133 Marine Drive",
3 Bedroom Apartment,3920000.0,3.0,2.0,2.0,,"10 322 On Boulevard, 322 Albizia Drive, Unit 10, 322 On Boulevard",
5 Bedroom House,6900000.0,5.0,5.0,6.0,,,
4 Bedroom House,1195000.0,4.0,1.0,3.0,277.0,,
3 Bedroom House,650000.0,3.0,1.0,2.0,224.0,,
2 Bedroom Apartment,500000.0,2.0,1.0,1.0,,"8 Ss Winifred Court, 4 Prospect Road",
1.5 Bedroom Apartment,520000.0,15.0,1.0,2.0,,,
3 Bedroom House,885000.0,3.0,1.0,1.0,532.0,,
4 Bedroom House,8750000.0,4.0,2.0,6.0,1588.0,,
4 Bedroom House,4750000.0,4.0,3.0,8.0,3259.0,,
2 Bedroom Apartment,850000.0,2.0,1.0,1.0,,,
2 Bedroom Apartment,913750.0,2.0,1.0,1.0,,,
2 Bedroom Townhouse,1595000.0,2.0,2.0,2.0,,,
3 Bedroom House,1275000.0,3.0,2.0,1.0,,,
1 Bedroom Apartment,698880.0,1.0,1.0,,,,
1 Bedroom Apartment,1900000.0,1.0,1.0,1.0,,,
1 Bedroom Apartment,1900000.0,1.0,1.0,1.0,,,
3 Bedroom House,1250000.0,3.0,15.0,3.0,523.0,,
2 Bedroom Apartment,1565000.0,2.0,2.0,1.0,,,
4 Bedroom Apartment,1600000.0,4.0,2.0,1.0,,,
3 Bedroom House,1275000.0,3.0,1.0,5.0,950.0,,
2 Bedroom Apartment,995000.0,2.0,1.0,3.0,,,
7 Bedroom House,2100000.0,7.0,7.0,7.0,1369.0,,
3 Bedroom House,940000.0,3.0,1.0,2.0,557.0,,
5 Bedroom House,1550000.0,5.0,2.0,3.0,973.0,,
2 Bedroom Apartment,685000.0,2.0,15.0,2.0,,,
2 Bedroom Apartment,630000.0,2.0,1.0,2.0,,,
1 Bedroom Apartment,1650000.0,1.0,1.0,1.0,,,
7 Bedroom House,5000000.0,7.0,6.0,4.0,2023.0,,
4 Bedroom House,4990000.0,4.0,45.0,8.0,1278.0,8 Alexander Road,
3 Bedroom Townhouse,2900000.0,3.0,35.0,3.0,,112 Mount Edgecombe Drive,
3 Bedroom House,1695000.0,3.0,3.0,2.0,,,
1 Bedroom Apartment,899999.0,1.0,1.0,1.0,,,
3 Bedroom Apartment,1290000.0,3.0,2.0,1.0,,,
2 Bedroom House,695000.0,2.0,2.0,2.0,,,
2 Bedroom Apartment,5300000.0,2.0,25.0,,118.0,,
3 Bedroom Townhouse,2650000.0,3.0,25.0,2.0,2520.0,"1 Kwa Mdoni, 108 Nkwazi Road",
2 Bedroom Apartment,1200000.0,2.0,1.0,1.0,,,
2 Bedroom Apartment,1495000.0,2.0,1.0,2.0,,,
2 Bedroom Apartment,540000.0,2.0,1.0,1.0,61.0,,
2 Bedroom Apartment,850000.0,2.0,2.0,2.0,,,
2 Bedroom Apartment,850000.0,2.0,2.0,2.0,,,
5 Bedroom House,14950000.0,5.0,55.0,3.0,1884.0,,
3 Bedroom House,1200000.0,3.0,15.0,2.0,251.0,,
1 Bedroom Apartment,1220000.0,1.0,1.0,1.0,,"Ss Oceandune, 1 Heleza Boulevard",
3 Bedroom House,890000.0,3.0,2.0,,,,
3 Bedroom Apartment,2550000.0,3.0,2.0,2.0,,"4 Ss Evergreen Estates, 1 The Ridge Road",
3 Bedroom House,3780000.0,3.0,3.0,6.0,2781.0,,
Apartment,250000.0,,1.0,,,,
2 Bedroom Apartment,850000.0,2.0,1.0,1.0,,,
2 Bedroom Apartment,775000.0,2.0,1.0,1.0,,,
7 Bedroom House,4229400.0,7.0,4.0,9.0,2248.0,82 Erica,
3 Bedroom House,1170000.0,3.0,2.0,1.0,1094.0,,
5 Bedroom House,7995000.0,5.0,6.0,2.0,1059.0,,
1 Bedroom Apartment,1200000.0,1.0,1.0,1.0,,,
2 Bedroom Apartment,1095000.0,2.0,2.0,2.0,,,
3 Bedroom Townhouse,1900000.0,3.0,2.0,2.0,21922.0,,
0.5 Bedroom Apartment,1657174.0,5.0,1.0,1.0,,,
2 Bedroom Apartment,850000.0,2.0,1.0,1.0,,,
3 Bedroom House,1450000.0,3.0,2.0,2.0,815.0,,
3 Bedroom House,1310000.0,3.0,2.0,1.0,1351.0,,
3 Bedroom House,929000.0,3.0,1.0,4.0,609.0,,
2 Bedroom Apartment,1450000.0,2.0,1.0,1.0,,,
3 Bedroom House,,3.0,2.0,,905.0,,
1 Bedroom Apartment,1200000.0,1.0,1.0,1.0,,,
2 Bedroom Apartment,1895000.0,2.0,2.0,1.0,,,
3 Bedroom Apartment,5950000.0,3.0,2.0,2.0,,,
4 Bedroom House,1289000.0,4.0,3.0,3.0,616.0,,
2 Bedroom Apartment,2000000.0,2.0,2.0,2.0,,,
3 Bedroom Apartment,4700000.0,3.0,2.0,2.0,,,
2 Bedroom Apartment,1400000.0,2.0,1.0,2.0,60.0,,
2 Bedroom Apartment,1333500.0,2.0,1.0,1.0,,,
2 Bedroom Townhouse,1050000.0,2.0,2.0,1.0,,,
1 Bedroom Apartment,365000.0,1.0,1.0,,,,
4 Bedroom House,3250000.0,4.0,2.0,8.0,900.0,,
2 Bedroom House,2400000.0,2.0,2.0,1.0,,,
4 Bedroom House,1500000.0,4.0,4.0,1.0,553.0,,
2 Bedroom Apartment,1095000.0,2.0,2.0,,,,
3 Bedroom House,850000.0,3.0,1.0,2.0,400.0,,
3 Bedroom House,2200000.0,3.0,2.0,2.0,726.0,,
1 Bedroom Apartment,750000.0,1.0,1.0,1.0,,,
3 Bedroom House,850000.0,3.0,1.0,2.0,400.0,,
6 Bedroom House,1100000.0,6.0,2.0,1.0,929.0,,
5 Bedroom House,1575000.0,5.0,3.0,2.0,1085.0,,
3 Bedroom Apartment,2499000.0,3.0,2.0,2.0,,,
5 Bedroom House,999500.0,5.0,3.0,4.0,840.0,,
1.5 Bedroom Apartment,890000.0,15.0,15.0,,,,
5 Bedroom House,995000.0,5.0,2.0,1.0,605.0,,
4 Bedroom House,2300000.0,4.0,3.0,,1088.0,,
2 Bedroom Apartment,2249000.0,2.0,2.0,1.0,89.0,,
3 Bedroom Apartment,1495000.0,3.0,3.0,1.0,,,
3 Bedroom House,1350000.0,3.0,1.0,2.0,3569.0,27 62011 Street,
5 Bedroom House,6950000.0,5.0,55.0,6.0,727.0,,
3 Bedroom Apartment,1695000.0,3.0,2.0,2.0,,"14 Ss Uvongo Breeze, 1 Konrad Drive",
1 Bedroom Apartment,739000.0,1.0,2.0,1.0,,,
3 Bedroom House,3200000.0,3.0,2.0,1.0,1100.0,321 Penguin ] Drive,
10 Bedroom House,1295000.0,10.0,4.0,,464.0,,
4 Bedroom House,4900000.0,4.0,3.0,2.0,2153.0,,
2 Bedroom Apartment,995000.0,2.0,1.0,1.0,,,
2.5 Bedroom Apartment,1850000.0,25.0,2.0,2.0,,,
3 Bedroom Apartment,1950000.0,3.0,2.0,2.0,,17 Lena Ahrens Road,
3 Bedroom Townhouse,3000000.0,3.0,25.0,3.0,,,
2 Bedroom Apartment,650000.0,2.0,2.0,,,,
10 Bedroom House,1295000.0,10.0,4.0,,464.0,,
2 Bedroom Apartment,930000.0,2.0,1.0,1.0,66.0,,
3 Bedroom Apartment,1100000.0,3.0,2.0,1.0,,,
4 Bedroom House,1650000.0,4.0,2.0,6.0,199.0,78 Trisula Avenue,
2 Bedroom Apartment,1400000.0,2.0,2.0,2.0,,,
3 Bedroom House,1250000.0,3.0,1.0,3.0,,,
4 Bedroom House,11500000.0,4.0,5.0,8.0,1450.0,32 Horsewood Drive,
3 Bedroom House,860000.0,3.0,2.0,3.0,303.0,,
3 Bedroom House,1590000.0,3.0,1.0,3.0,935.0,,
4 Bedroom House,5800000.0,4.0,45.0,4.0,7439.0,105 Yellowwood Drive,
Townhouse,1125000.0,,,,,,
3 Bedroom Townhouse,3825000.0,3.0,25.0,4.0,20007.0,,
3 Bedroom House,,3.0,2.0,1.0,210.0,,
3 Bedroom Townhouse,1550000.0,3.0,3.0,2.0,,,
4 Bedroom House,2295000.0,4.0,3.0,6.0,933.0,,
3 Bedroom Apartment,4750000.0,3.0,2.0,,,15 The Reserve,
3 Bedroom Townhouse,700000.0,3.0,1.0,2.0,,,
3 Bedroom Apartment,650000.0,3.0,2.0,1.0,104.0,,
3 Bedroom Apartment,1899000.0,3.0,2.0,4.0,,"5 Ss Central Park, 25 Brewers Avenue",
9 Bedroom House,1550000.0,9.0,6.0,20.0,1240.0,,
2 Bedroom Townhouse,545000.0,2.0,1.0,1.0,92.0,,
3 Bedroom Townhouse,995000.0,3.0,2.0,4.0,216.0,"20 Eagles Nest, 20 Kloof Road",
3 Bedroom House,,3.0,1.0,2.0,1711.0,,
3 Bedroom House,3200000.0,3.0,2.0,6.0,,"48 King Shaka Estate, 50 Valley Road",
3 Bedroom Apartment,4750000.0,3.0,2.0,,,15 The Reserve,
3 Bedroom House,800000.0,3.0,1.0,1.0,450.0,,
2 Bedroom Apartment,2595000.0,2.0,2.0,2.0,,"301 181 Degrees, 181 Lambert Road",
3 Bedroom Apartment,750000.0,3.0,1.0,2.0,,,
3 Bedroom House,790000.0,3.0,2.0,6.0,,63 Bramford Road,
4 Bedroom House,4699000.0,4.0,3.0,8.0,398.0,,
3 Bedroom Apartment,4500000.0,3.0,2.0,2.0,,,
2 Bedroom Apartment,630000.0,2.0,1.0,2.0,,240 Maurice Road,
3 Bedroom Apartment,1095000.0,3.0,3.0,2.0,,,
2 Bedroom Apartment,1400000.0,2.0,1.0,2.0,,,
1 Bedroom Apartment,895000.0,1.0,1.0,,,,
2 Bedroom Apartment,500000.0,2.0,1.0,,,,
2 Bedroom Apartment,879000.0,2.0,2.0,1.0,,Marine Terrace 3297 Marine Dr,
3 Bedroom Townhouse,3695000.0,3.0,2.0,2.0,,,
6 Bedroom House,1250000.0,6.0,2.0,2.0,1064.0,,
5 Bedroom House,1800000.0,5.0,5.0,13.0,1900.0,,
2 Bedroom Apartment,630000.0,2.0,1.0,2.0,,240 Maurice Road,
3 Bedroom Apartment,1400000.0,3.0,2.0,1.0,,,
2 Bedroom Apartment,1600000.0,2.0,2.0,2.0,,,
4 Bedroom House,849000.0,4.0,2.0,6.0,1919.0,,
2 Bedroom Apartment,720000.0,2.0,1.0,,,"10 Ss Ellan Vannin, 1 Woodburn Place",
6 Bedroom House,1995000.0,6.0,4.0,2.0,1240.0,,
2 Bedroom Apartment,1750000.0,2.0,2.0,1.0,,,
3 Bedroom Townhouse,1180000.0,3.0,3.0,,4043.0,,
2 Bedroom Townhouse,1795000.0,2.0,1.0,,12065.0,,
3 Bedroom Townhouse,1425000.0,3.0,2.0,,18651.0,,
3 Bedroom House,2695000.0,3.0,2.0,4.0,1411.0,,
3 Bedroom Apartment,6950000.0,3.0,3.0,6.0,,,
2 Bedroom Apartment,500000.0,2.0,1.0,1.0,,,
2 Bedroom Apartment,995000.0,2.0,1.0,1.0,,,
2 Bedroom Apartment,3429000.0,2.0,2.0,2.0,,,
2 Bedroom Apartment,2150000.0,2.0,2.0,1.0,,,
3 Bedroom Apartment,3150000.0,3.0,2.0,2.0,,,
2 Bedroom Apartment,1050000.0,2.0,2.0,1.0,,,
2 Bedroom Apartment,995000.0,2.0,1.0,1.0,,,
3 Bedroom Apartment,3000000.0,3.0,2.0,,,,
3 Bedroom House,960000.0,3.0,1.0,2.0,988.0,,
4 Bedroom House,2950000.0,4.0,5.0,3.0,1194.0,,
3 Bedroom House,1650000.0,3.0,2.0,3.0,1744.0,,
2 Bedroom Apartment,580000.0,2.0,1.0,1.0,,,
4 Bedroom Townhouse,3499000.0,4.0,3.0,6.0,1755.0,,
2 Bedroom Apartment,995000.0,2.0,1.0,1.0,,,
3 Bedroom Apartment,950000.0,3.0,2.0,2.0,4000.0,22 Alexander Rd,
3 Bedroom House,1760000.0,3.0,2.0,1.0,,,
3 Bedroom Townhouse,2595000.0,3.0,3.0,3.0,,,
3 Bedroom House,1750000.0,3.0,2.0,6.0,2966.0,,
2 Bedroom Apartment,550000.0,2.0,1.0,1.0,,,
4 Bedroom House,2495000.0,4.0,25.0,10.0,878.0,4 Morris Place,
1 Bedroom Apartment,850000.0,1.0,1.0,1.0,,,
2 Bedroom House,300000.0,2.0,1.0,,,,
5 Bedroom House,2500000.0,5.0,5.0,2.0,,,
3 Bedroom House,1995000.0,3.0,25.0,2.0,,,
2 Bedroom Apartment,560000.0,2.0,1.0,1.0,,,
1 Bedroom Apartment,1350000.0,1.0,1.0,1.0,,,
3 Bedroom Townhouse,1100000.0,3.0,25.0,2.0,,,
7 Bedroom House,1300000.0,7.0,3.0,4.0,8000.0,,
2 Bedroom Apartment,4495000.0,2.0,2.0,3.0,,,
1 Bedroom Apartment,850000.0,1.0,1.0,1.0,,,
5 Bedroom House,935000.0,5.0,2.0,,,,
3 Bedroom Apartment,4850000.0,3.0,25.0,1.0,133.0,,
3 Bedroom House,729000.0,3.0,2.0,4.0,346.0,,
3 Bedroom House,700000.0,3.0,3.0,6.0,954.0,,
0.5 Bedroom Apartment,810000.0,5.0,1.0,1.0,,,
3 Bedroom House,750000.0,3.0,1.0,6.0,,28 Oosthuizen Road,
2 Bedroom House,550000.0,2.0,1.0,,297.0,,
2.5 Bedroom Apartment,1250000.0,25.0,25.0,1.0,,,
3 Bedroom House,1280000.0,3.0,2.0,3.0,,,
3 Bedroom House,1095000.0,3.0,2.0,3.0,,,
3 Bedroom House,750000.0,3.0,1.0,2.0,,,
3 Bedroom Apartment,980000.0,3.0,2.0,1.0,,,
2 Bedroom Apartment,899000.0,2.0,15.0,1.0,,"16 Ss Garside, 14 Wynnford Place",
3 Bedroom House,3000000.0,3.0,25.0,2.0,,,
7 Bedroom House,1499000.0,7.0,4.0,5.0,275.0,,
3 Bedroom House,1450000.0,3.0,2.0,1.0,450.0,21 Ringwood Avenue,
6 Bedroom House,1350000.0,6.0,3.0,2.0,260.0,,
1 Bedroom Apartment,1250000.0,1.0,1.0,1.0,,,
32 Bedroom Apartment,18500000.0,32.0,26.0,15.0,1456.0,,
3 Bedroom Townhouse,3900000.0,3.0,25.0,4.0,,,
2 Bedroom Apartment,1605000.0,2.0,15.0,2.0,,,
3 Bedroom House,750000.0,3.0,2.0,2.0,2.0,,
4 Bedroom House,2800000.0,4.0,3.0,6.0,10000.0,5 Valley Road,
4 Bedroom Townhouse,7450000.0,4.0,5.0,3.0,41000.0,,
3 Bedroom House,3375000.0,3.0,2.0,4.0,24830.0,,
3 Bedroom Apartment,2450000.0,3.0,3.0,2.0,,,
2 Bedroom Apartment,1095000.0,2.0,1.0,2.0,,1130 East Street,
3 Bedroom House,2200000.0,3.0,3.0,2.0,,,
1 Bedroom Apartment,1350000.0,1.0,1.0,1.0,,,
2 Bedroom Townhouse,600000.0,2.0,2.0,1.0,110735.0,,
3 Bedroom Townhouse,3900000.0,3.0,25.0,4.0,,,
4 Bedroom House,5750000.0,4.0,4.0,5.0,916.0,46 Summit Road,
3 Bedroom House,1395000.0,3.0,2.0,5.0,932.0,,
3 Bedroom Apartment,1890000.0,3.0,2.0,2.0,,6 Westbrook Forest Lodge,
3 Bedroom Townhouse,5990000.0,3.0,35.0,3.0,48020.0,,
4 Bedroom Apartment,1360000.0,4.0,3.0,1.0,,,
2 Bedroom Apartment,1460000.0,2.0,2.0,2.0,,,
6 Bedroom House,3800000.0,6.0,5.0,,1036.0,,
2 Bedroom Townhouse,525000.0,2.0,2.0,2.0,,4 Stompneus Street,
3 Bedroom House,580000.0,3.0,2.0,2.0,325.0,,
7 Bedroom House,11300000.0,7.0,7.0,,1615.0,,
3 Bedroom Apartment,1100000.0,3.0,2.0,2.0,,"11 Lagoon Rd, Del Su Me",
2 Bedroom Apartment,1200000.0,2.0,2.0,1.0,,7 Ridge Road,
2 Bedroom Apartment,1450000.0,2.0,2.0,1.0,,,
5 Bedroom House,12950000.0,5.0,5.0,6.0,1190.0,7 Ebony Close,
4 Bedroom House,5650000.0,4.0,3.0,5.0,302.0,,
5 Bedroom House,4495000.0,5.0,4.0,8.0,1192.0,,
6 Bedroom House,1200000.0,6.0,2.0,8.0,1629.0,12 Panorama Road,
3 Bedroom Townhouse,,3.0,2.0,3.0,157.0,,
4 Bedroom House,1300000.0,4.0,2.0,3.0,1020.0,530 Jacaranda Road,
4 Bedroom Townhouse,2795000.0,4.0,2.0,5.0,5754.0,86 Vause Road,
3 Bedroom House,580000.0,3.0,2.0,2.0,325.0,,
1.5 Bedroom Apartment,650000.0,15.0,1.0,1.0,,"11 Ss Rosewood, 433 Che Guevara Road",
2 Bedroom Apartment,770000.0,2.0,1.0,1.0,,,
4 Bedroom House,4850000.0,4.0,3.0,5.0,1156.0,2e Adrienne,
2 Bedroom Apartment,780000.0,2.0,1.0,1.0,,,
5 Bedroom House,13135000.0,5.0,5.0,2.0,1028.0,,
3 Bedroom House,1795000.0,3.0,2.0,1.0,1012.0,,
4 Bedroom House,1625000.0,4.0,2.0,3.0,912.0,,
3 Bedroom House,2199000.0,3.0,3.0,4.0,1502.0,1471 Lynn Avenue,
2 Bedroom Apartment,790000.0,2.0,1.0,1.0,,"70 Ss Surf Bay Sands, 1240 Marine Drive",
5 Bedroom House,13135000.0,5.0,5.0,2.0,1028.0,,
3 Bedroom House,1900000.0,3.0,2.0,6.0,1500.0,,
4 Bedroom House,1675000.0,4.0,2.0,2.0,1803.0,17 Brand Van Zyl Road Blackridge,
4 Bedroom House,1750000.0,4.0,15.0,4.0,688.0,,
3 Bedroom Apartment,9250000.0,3.0,3.0,,,2 Lighthouse Road,
5 Bedroom House,780000.0,5.0,1.0,2.0,,,
2 Bedroom Apartment,1485000.0,2.0,1.0,1.0,,,
3 Bedroom Townhouse,1395000.0,3.0,2.0,2.0,,,
3 Bedroom Apartment,6250000.0,3.0,3.0,2.0,,,
2 Bedroom Apartment,875000.0,2.0,1.0,1.0,,,
3 Bedroom Apartment,4250000.0,3.0,1.0,2.0,,"181 Degrees, 181 Lambert Road",
4 Bedroom House,3500000.0,4.0,4.0,4.0,1123.0,,
3 Bedroom House,660000.0,3.0,1.0,1.0,200.0,,
6 Bedroom House,8350000.0,6.0,6.0,7.0,1301.0,24 Herrwood Drive,
2 Bedroom Apartment,1095000.0,2.0,1.0,1.0,,,
3 Bedroom House,985000.0,3.0,2.0,3.0,452.0,,
3 Bedroom Apartment,4795000.0,3.0,2.0,2.0,,,
1 Bedroom Apartment,3400000.0,1.0,1.0,1.0,,,
3 Bedroom House,1490000.0,3.0,2.0,5.0,1104.0,,
2 Bedroom House,1250000.0,2.0,1.0,2.0,82.0,,
2 Bedroom Apartment,1315000.0,2.0,1.0,1.0,,,
2 Bedroom Townhouse,799000.0,2.0,1.0,1.0,,,
2 Bedroom Apartment,975000.0,2.0,2.0,,,,
4 Bedroom House,2900000.0,4.0,3.0,,9174.0,,
2 Bedroom Townhouse,799000.0,2.0,1.0,1.0,,,
4 Bedroom House,1880000.0,4.0,2.0,6.0,,,
2 Bedroom House,780000.0,2.0,1.0,1.0,222.0,,
1 Bedroom Apartment,850000.0,1.0,1.0,,,,
3 Bedroom House,5750000.0,3.0,3.0,8.0,1242.0,,
2 Bedroom Apartment,535000.0,2.0,1.0,2.0,,,
3 Bedroom House,1390000.0,3.0,2.0,4.0,2031.0,,
3 Bedroom Apartment,850000.0,3.0,2.0,1.0,,,
4 Bedroom House,1950000.0,4.0,3.0,2.0,2026.0,,
2 Bedroom Apartment,660000.0,2.0,1.0,1.0,,,
3 Bedroom Apartment,3595000.0,3.0,2.0,1.0,,,
2 Bedroom Apartment,950000.0,2.0,1.0,1.0,,,
2 Bedroom Apartment,850000.0,2.0,1.0,2.0,,,
3 Bedroom Apartment,2690000.0,3.0,2.0,1.0,,,
2 Bedroom Apartment,2595000.0,2.0,2.0,1.0,,,
3 Bedroom House,599000.0,3.0,15.0,4.0,1528.0,,
4 Bedroom House,1320000.0,4.0,3.0,2.0,932.0,,
2 Bedroom Apartment,830000.0,2.0,15.0,1.0,,,
2 Bedroom Apartment,1995000.0,2.0,15.0,2.0,,,
3 Bedroom Townhouse,2300000.0,3.0,2.0,4.0,4973.0,,
4 Bedroom House,5835000.0,4.0,4.0,,4251.0,,
2 Bedroom Apartment,1675000.0,2.0,1.0,1.0,,,
5 Bedroom House,9985000.0,5.0,5.0,6.0,1722.0,,
3 Bedroom Apartment,925000.0,3.0,2.0,2.0,,,
3 Bedroom Apartment,780000.0,3.0,1.0,1.0,,,
1 Bedroom Apartment,465000.0,1.0,1.0,,,,
3 Bedroom Apartment,1720000.0,3.0,2.0,2.0,,,
2 Bedroom Apartment,2199000.0,2.0,3.0,2.0,,,
2 Bedroom Apartment,4349000.0,2.0,2.0,2.0,,,
3 Bedroom House,850000.0,3.0,2.0,1.0,,,
2 Bedroom Apartment,4349000.0,2.0,2.0,2.0,,,
4 Bedroom Apartment,3850000.0,4.0,35.0,2.0,,"8 Harrogate Hall, 432 Stephen Dlamini Road",
2 Bedroom Apartment,650000.0,2.0,1.0,1.0,,"Ss Grace Manor, 776 Elspeth Lane",
2 Bedroom Apartment,2500000.0,2.0,2.0,1.0,,,
3 Bedroom House,1249999.0,3.0,3.0,1.0,240.0,,
4 Bedroom House,1900000.0,4.0,3.0,3.0,1047.0,,
3 Bedroom House,2950000.0,3.0,2.0,4.0,2018.0,,
3 Bedroom House,1149000.0,3.0,3.0,3.0,285.0,,
1 Bedroom Apartment,650000.0,1.0,1.0,1.0,,"12 Ss Parkcliff, 422 Currie Road",
3 Bedroom House,995000.0,3.0,15.0,4.0,292.0,,
4 Bedroom House,25000000.0,4.0,45.0,7.0,992.0,,
1 Bedroom Apartment,4495000.0,1.0,1.0,1.0,,,
3 Bedroom House,1595000.0,3.0,15.0,7.0,298.0,,
3 Bedroom House,1495000.0,3.0,2.0,6.0,2128.0,,
2 Bedroom Apartment,780000.0,2.0,2.0,1.0,,9 Haig Avenue,
4 Bedroom House,6950000.0,4.0,5.0,5.0,1048.0,,
3 Bedroom House,4750000.0,3.0,25.0,3.0,358.0,12 Zululami Boulevard,
1 Bedroom Apartment,1295000.0,1.0,1.0,1.0,,82 Summerway Lane Lane,
3 Bedroom House,1350000.0,3.0,3.0,4.0,1000.0,,
2 Bedroom Apartment,6100000.0,2.0,35.0,2.0,,312 Avanti,
2 Bedroom House,750000.0,2.0,1.0,1.0,378.0,,
2 Bedroom House,750000.0,2.0,1.0,1.0,378.0,,
5 Bedroom House,5400000.0,5.0,4.0,6.0,4816.0,,
4 Bedroom House,650000.0,4.0,2.0,,,,
1 Bedroom Apartment,450000.0,1.0,1.0,,,,
2 Bedroom Apartment,750000.0,2.0,15.0,1.0,,,
3 Bedroom Apartment,1499000.0,3.0,2.0,2.0,,,
2 Bedroom Apartment,3600000.0,2.0,2.0,,,"A17 Ss Ocean Club, 1 Ocean Club Drive, Unit A17 Ocean Club",
2 Bedroom Apartment,1350000.0,2.0,2.0,2.0,,,
3 Bedroom House,4000000.0,3.0,2.0,8.0,1272.0,,
3 Bedroom House,1300000.0,3.0,2.0,2.0,1433.0,,
3 Bedroom House,1845000.0,3.0,2.0,7.0,558.0,72 Evans Road,
2 Bedroom Apartment,3600000.0,2.0,2.0,,,"A17 Ss Ocean Club, 1 Ocean Club Drive, Unit A17 Ocean Club",
3 Bedroom House,4450000.0,3.0,2.0,4.0,2215.0,,
3 Bedroom Townhouse,950000.0,3.0,2.0,3.0,201.0,,
5 Bedroom House,10495000.0,5.0,4.0,10.0,1286.0,565 Musgrave Road,
House,1295000.0,,,,,,
5 Bedroom House,849999.0,5.0,2.0,2.0,,34 Zinnia Road,
3 Bedroom House,1280000.0,3.0,1.0,,509.0,,
2 Bedroom Apartment,2390000.0,2.0,2.0,2.0,,,
2 Bedroom Apartment,539000.0,2.0,1.0,1.0,,100 Woodhurst Drive Cupido Gardens Chatsworth,
2.5 Bedroom Apartment,805000.0,25.0,15.0,1.0,,,
2 Bedroom Townhouse,895000.0,2.0,15.0,2.0,,,
3 Bedroom Apartment,1390000.0,3.0,1.0,1.0,,"107 Yaldara, Section 7,, 36 Browns Drift Road",
3 Bedroom Apartment,2200000.0,3.0,2.0,2.0,,"608 Coral Reef, . South Beach Road",
4 Bedroom House,13000000.0,4.0,4.0,8.0,1306.0,8 Yellowwood Drive,
10 Bedroom House,35000000.0,10.0,10.0,10.0,3763.0,,
2 Bedroom Townhouse,650000.0,2.0,2.0,2.0,64097.0,,
2 Bedroom Apartment,1148000.0,2.0,2.0,1.0,,,
1 Bedroom Apartment,760000.0,1.0,1.0,1.0,,605 Currie Road,
1 Bedroom Apartment,340000.0,1.0,1.0,1.0,,,
2 Bedroom Apartment,570000.0,2.0,1.0,2.0,,6 Groove Road,
3 Bedroom Apartment,2200000.0,3.0,2.0,2.0,,,
3 Bedroom Apartment,4100000.0,3.0,2.0,2.0,,,
1 Bedroom Apartment,760000.0,1.0,1.0,1.0,,605 Currie Road,
2 Bedroom House,780000.0,2.0,2.0,4.0,1134.0,599 Sherringham Crescent,
1 Bedroom Apartment,1150000.0,1.0,1.0,1.0,,37 Zenith Drive,
2 Bedroom Apartment,600000.0,2.0,1.0,,,,
4 Bedroom House,13950000.0,4.0,4.0,4.0,1005.0,,
5 Bedroom House,1295000.0,5.0,4.0,,1817.0,,
3 Bedroom House,3450000.0,3.0,2.0,2.0,,,
2 Bedroom Apartment,830000.0,2.0,1.0,2.0,,,
2 Bedroom Apartment,660000.0,2.0,2.0,1.0,,,
5 Bedroom House,3500000.0,5.0,3.0,5.0,2624.0,,
6 Bedroom House,1530000.0,6.0,3.0,2.0,1451.0,,
5 Bedroom House,2750000.0,5.0,25.0,4.0,,,
3 Bedroom House,599999.0,3.0,1.0,2.0,2000.0,,
3 Bedroom Apartment,1900000.0,3.0,2.0,2.0,,,
3 Bedroom House,995000.0,3.0,2.0,2.0,435.0,,
3 Bedroom House,995000.0,3.0,2.0,2.0,435.0,,
2 Bedroom Apartment,795000.0,2.0,1.0,2.0,,,
2 Bedroom Apartment,950000.0,2.0,2.0,2.0,,"Ground Floor Apartment, Mountain View Estate, 1b Dennis Shepstone Drive",
3 Bedroom House,1250000.0,3.0,2.0,2.0,952.0,,
2 Bedroom Apartment,795000.0,2.0,15.0,1.0,,,
2 Bedroom Apartment,2295000.0,2.0,2.0,1.0,,,
4 Bedroom Townhouse,6798514.0,4.0,4.0,4.0,5065.0,"3 Bvlgari Residence, Erf 648 Zimbali Lakes Drive, Unit 2 Bvlgari Residence",
4 Bedroom House,2149000.0,4.0,25.0,6.0,2185.0,212 Bailey Road,
3 Bedroom Apartment,3050000.0,3.0,2.0,2.0,,,
3 Bedroom Townhouse,5200000.0,3.0,3.0,6.0,12235.0,,
3 Bedroom Apartment,1650000.0,3.0,2.0,3.0,,,
3 Bedroom Apartment,5510422.0,3.0,3.0,,,,
4 Bedroom House,8495000.0,4.0,45.0,2.0,1104.0,,
3 Bedroom House,3495000.0,3.0,2.0,7.0,611.0,Simbithi Drive,
4 Bedroom House,5495000.0,4.0,3.0,2.0,472.0,,
2 Bedroom Apartment,1100000.0,2.0,1.0,1.0,,,
4 Bedroom House,10500000.0,4.0,4.0,2.0,1551.0,"Erf 1274, Mauritia Place",
1.5 Bedroom Apartment,650000.0,15.0,15.0,1.0,,"18 Vindol, 29 Ebor Avenue",
2 Bedroom Townhouse,780000.0,2.0,1.0,1.0,32273.0,,
2 Bedroom Apartment,2250000.0,2.0,2.0,2.0,,,
4 Bedroom House,10500000.0,4.0,4.0,2.0,1551.0,"Erf 1274, Mauritia Place",
4 Bedroom Townhouse,5000000.0,4.0,2.0,3.0,,,
2 Bedroom Apartment,920000.0,2.0,1.0,2.0,,,
3 Bedroom House,999000.0,3.0,2.0,4.0,2008.0,,
2 Bedroom Townhouse,1085000.0,2.0,1.0,1.0,4023.0,,
3 Bedroom Apartment,1315000.0,3.0,2.0,1.0,,,
3 Bedroom Apartment,1425000.0,3.0,1.0,2.0,,,
3 Bedroom Apartment,2924000.0,3.0,2.0,1.0,,,
3 Bedroom Apartment,1170000.0,3.0,2.0,1.0,,,
3 Bedroom House,1050000.0,3.0,2.0,2.0,562.0,,
3 Bedroom Townhouse,999000.0,3.0,15.0,1.0,89897.0,,
2 Bedroom Townhouse,895000.0,2.0,1.0,2.0,184559.0,,
6 Bedroom House,1650000.0,6.0,2.0,,405.0,,
3 Bedroom House,650000.0,3.0,1.0,,340.0,,
3 Bedroom Apartment,720000.0,3.0,1.0,,,,
2 Bedroom Apartment,650000.0,2.0,2.0,1.0,,,
2 Bedroom Townhouse,965000.0,2.0,2.0,1.0,66750.0,,
2 Bedroom Apartment,2700000.0,2.0,2.0,2.0,,"116 Ss Zimbali Boulevard Suites, 320 Albizia Drive, Unit 116 Boulevard Suites",
1 Bedroom Apartment,540000.0,1.0,1.0,1.0,,,
2 Bedroom Apartment,1200000.0,2.0,1.0,1.0,,,
1 Bedroom Apartment,1495000.0,1.0,1.0,1.0,,,
4 Bedroom House,2295000.0,4.0,3.0,12.0,607.0,,
2 Bedroom Apartment,1775000.0,2.0,2.0,1.0,,22 Umhlanga Boulevard,
4 Bedroom Apartment,14500000.0,4.0,5.0,4.0,,,
1.5 Bedroom Apartment,500000.0,15.0,1.0,,,,
3 Bedroom Apartment,1195000.0,3.0,15.0,1.0,,,
4 Bedroom House,1980000.0,4.0,2.0,2.0,1474.0,,
4 Bedroom Apartment,14500000.0,4.0,5.0,4.0,,,
3 Bedroom Townhouse,,3.0,2.0,2.0,3391.0,,
2 Bedroom House,1050000.0,2.0,1.0,1.0,,,
2 Bedroom Apartment,870000.0,2.0,1.0,2.0,,,
3 Bedroom Townhouse,1599000.0,3.0,1.0,3.0,,,
3 Bedroom Apartment,3450000.0,3.0,2.0,1.0,,"1902 Chartwell Centre, 5 Chartwell Drive",
3 Bedroom House,1500000.0,3.0,2.0,4.0,1098.0,571 Sherringham Crescent,
5 Bedroom House,1799000.0,5.0,3.0,11.0,216.0,,
3 Bedroom House,2350000.0,3.0,2.0,,,195a Victoria Road,
1 Bedroom Apartment,1175000.0,1.0,1.0,1.0,,,
3 Bedroom House,1650000.0,3.0,1.0,4.0,1725.0,,
2 Bedroom Apartment,748000.0,2.0,1.0,,,,
3 Bedroom Townhouse,960000.0,3.0,2.0,2.0,,,
3 Bedroom House,650000.0,3.0,2.0,1.0,500.0,1 Mahlambulukana,
3 Bedroom House,1200000.0,3.0,2.0,1.0,1283.0,,
3 Bedroom House,1395000.0,3.0,3.0,1.0,839.0,,
1 Bedroom Apartment,1065000.0,1.0,1.0,1.0,,,
1.5 Bedroom Apartment,1000000.0,15.0,1.0,,,,
2 Bedroom Apartment,1295000.0,2.0,1.0,1.0,55.0,,
3 Bedroom House,1450000.0,3.0,2.0,2.0,1138.0,,
3 Bedroom House,1500000.0,3.0,3.0,4.0,1338.0,,
4 Bedroom House,1485000.0,4.0,3.0,6.0,706.0,,
3 Bedroom House,1280000.0,3.0,2.0,2.0,,,
3 Bedroom House,5995000.0,3.0,25.0,4.0,,,
2 Bedroom Apartment,2595000.0,2.0,2.0,2.0,1155.0,,
4 Bedroom Apartment,2980000.0,4.0,4.0,2.0,,,
2 Bedroom Apartment,1460000.0,2.0,1.0,1.0,92.0,,
6 Bedroom House,2600000.0,6.0,6.0,4.0,12171.0,,
3 Bedroom House,1300000.0,3.0,1.0,2.0,777.0,,
6 Bedroom House,2600000.0,6.0,6.0,4.0,12171.0,,
3 Bedroom House,799000.0,3.0,1.0,3.0,,,
2 Bedroom Apartment,2200000.0,2.0,2.0,1.0,,,
3 Bedroom House,1175000.0,3.0,2.0,2.0,1161.0,,
8 Bedroom House,6600000.0,8.0,10.0,6.0,1400.0,,
2 Bedroom Apartment,1695000.0,2.0,2.0,2.0,,,
3 Bedroom Townhouse,1350000.0,3.0,2.0,1.0,,,
1 Bedroom Apartment,950000.0,1.0,1.0,1.0,,,
3 Bedroom Townhouse,550000.0,3.0,1.0,1.0,76.0,,
3 Bedroom Townhouse,750000.0,3.0,1.0,1.0,,,
2 Bedroom Apartment,550000.0,2.0,1.0,,,,
3 Bedroom House,3000000.0,3.0,3.0,1.0,,,
2 Bedroom Apartment,720000.0,2.0,2.0,2.0,,,
3 Bedroom House,1100000.0,3.0,2.0,4.0,,,
3 Bedroom House,1850000.0,3.0,2.0,3.0,2535.0,,
3 Bedroom House,850000.0,3.0,1.0,1.0,,,
3.5 Bedroom House,1750000.0,35.0,2.0,,1163.0,,
1 Bedroom Apartment,815000.0,1.0,1.0,1.0,,342 Andrew Zondo Road,
1 Bedroom Apartment,1500000.0,1.0,1.0,1.0,,,
1 Bedroom Apartment,1500000.0,1.0,1.0,1.0,,,
1 Bedroom Apartment,440000.0,1.0,1.0,1.0,,,
3 Bedroom House,575000.0,3.0,1.0,,317.0,,
1 Bedroom House,250000.0,1.0,1.0,,,,
5 Bedroom House,790000.0,5.0,2.0,1.0,2025.0,,
4 Bedroom Townhouse,2950000.0,4.0,4.0,4.0,331.0,"41 Queensbridge Estate, 2 Kingfisher Lane Assagay Crescent",
3 Bedroom House,2695000.0,3.0,4.0,4.0,918.0,2 Keurboom Close,
3 Bedroom Townhouse,3250000.0,3.0,25.0,6.0,1498.0,,
3 Bedroom House,1650000.0,3.0,2.0,3.0,868.0,,
5 Bedroom House,4450000.0,5.0,5.0,2.0,1431.0,11 Basil Street,
3 Bedroom Townhouse,3250000.0,3.0,25.0,6.0,1498.0,,
3 Bedroom House,1450000.0,3.0,1.0,7.0,1051.0,,
2 Bedroom Apartment,850000.0,2.0,2.0,1.0,19897.0,"33 Ss Banana Beach Club, 342 Toucan Road",
3 Bedroom House,900000.0,3.0,2.0,4.0,305.0,,
1.5 Bedroom Apartment,555000.0,15.0,1.0,,,"2 Nola Court, 120 Esther Roberts Road",
4 Bedroom House,3495000.0,4.0,25.0,6.0,7002.0,,
2 Bedroom Townhouse,1300000.0,2.0,2.0,2.0,4028.0,,
3 Bedroom House,2700000.0,3.0,3.0,8.0,1200.0,,
2 Bedroom Apartment,550000.0,2.0,1.0,1.0,28245.0,,
3 Bedroom House,4300000.0,3.0,2.0,1.0,475.0,136 Sameja,
4 Bedroom House,750000.0,4.0,3.0,4.0,313.0,,
4 Bedroom Townhouse,5850000.0,4.0,45.0,4.0,7439.0,"7 Ss Baluwatu, 105 Yellowwood Drive",
1.5 Bedroom Apartment,775000.0,15.0,1.0,1.0,,,
4 Bedroom House,11500000.0,4.0,5.0,2.0,1193.0,67 Trogon,
4 Bedroom House,1899000.0,4.0,3.0,2.0,2901.0,,
8 Bedroom House,2500000.0,8.0,4.0,13.0,1685.0,,
2 Bedroom Apartment,1650000.0,2.0,2.0,1.0,8365.0,,
5 Bedroom House,5100000.0,5.0,4.0,6.0,1024.0,,
7 Bedroom House,2300000.0,7.0,4.0,4.0,2142.0,,
2 Bedroom Apartment,650000.0,2.0,1.0,,,,
2 Bedroom House,595000.0,2.0,1.0,1.0,260.0,,
3 Bedroom House,6150000.0,3.0,2.0,2.0,2737.0,,
2 Bedroom Apartment,690000.0,2.0,1.0,1.0,,,
3 Bedroom House,870000.0,3.0,2.0,4.0,399.0,,
5 Bedroom House,1450000.0,5.0,3.0,20.0,673.0,,
2 Bedroom House,795000.0,2.0,1.0,4.0,205.0,,
4 Bedroom House,1450000.0,4.0,2.0,3.0,1349.0,,
3 Bedroom Apartment,2700000.0,3.0,2.0,4.0,,,
2 Bedroom Apartment,9500000.0,2.0,25.0,3.0,,,
2 Bedroom Apartment,590000.0,2.0,1.0,1.0,,,
9 Bedroom House,4200000.0,9.0,95.0,9.0,711.0,,
7 Bedroom House,16000000.0,7.0,75.0,11.0,5.0,,
1 Bedroom Apartment,530000.0,1.0,1.0,1.0,,,
3 Bedroom House,1700000.0,3.0,2.0,1.0,1149.0,,
4 Bedroom Townhouse,3350000.0,4.0,3.0,5.0,,,
3 Bedroom Townhouse,3150000.0,3.0,2.0,5.0,,,
3 Bedroom Apartment,2700000.0,3.0,2.0,4.0,,,
2 Bedroom Apartment,1580000.0,2.0,15.0,,,,
4 Bedroom House,3900000.0,4.0,35.0,2.0,4047.0,,
4 Bedroom Townhouse,9600000.0,4.0,45.0,,2776.0,,
4 Bedroom House,5500000.0,4.0,25.0,2.0,2026.0,,
4 Bedroom House,9500000.0,4.0,4.0,4.0,593.0,,
2 Bedroom Apartment,700000.0,2.0,1.0,1.0,,,
3 Bedroom Apartment,1149000.0,3.0,2.0,2.0,,,
5 Bedroom House,3250000.0,5.0,2.0,3.0,605.0,,
3 Bedroom House,1890000.0,3.0,25.0,6.0,,,
3 Bedroom House,2300000.0,3.0,2.0,4.0,1400.0,,
9 Bedroom House,1440000.0,9.0,4.0,10.0,1013.0,,
2 Bedroom House,650000.0,2.0,1.0,1.0,95.0,,
1.5 Bedroom Apartment,720000.0,15.0,1.0,1.0,,,
3 Bedroom House,890000.0,3.0,2.0,3.0,,,
2 Bedroom Apartment,2195000.0,2.0,2.0,1.0,,,
2 Bedroom Apartment,3050000.0,2.0,2.0,2.0,,,
2 Bedroom Apartment,745000.0,2.0,1.0,1.0,,,
3 Bedroom House,1250000.0,3.0,1.0,2.0,1013.0,,
8 Bedroom House,4250000.0,8.0,6.0,5.0,1050.0,,
2 Bedroom Apartment,3050000.0,2.0,2.0,2.0,,,
3 Bedroom House,1499999.0,3.0,2.0,10.0,1635.0,,
4 Bedroom House,2030000.0,4.0,2.0,2.0,670.0,,
1 Bedroom Apartment,850000.0,1.0,1.0,1.0,,,
3 Bedroom House,2790000.0,3.0,3.0,2.0,985.0,,
3 Bedroom House,1970000.0,3.0,3.0,2.0,331.0,,
2 Bedroom Apartment,460000.0,2.0,2.0,2.0,,,
4 Bedroom House,1250000.0,4.0,3.0,4.0,1114.0,,
2 Bedroom House,280000.0,2.0,1.0,,800.0,,
3 Bedroom House,699000.0,3.0,1.0,1.0,800.0,,
3 Bedroom Apartment,12500000.0,3.0,3.0,2.0,,,
5 Bedroom House,2750000.0,5.0,2.0,4.0,2702.0,,
4 Bedroom House,1400000.0,4.0,2.0,3.0,1350.0,,
11 Bedroom House,2550000.0,11.0,9.0,9.0,762.0,,
4 Bedroom House,2695000.0,4.0,2.0,5.0,1022.0,,
2 Bedroom Apartment,650000.0,2.0,1.0,,,,
4 Bedroom Townhouse,4650000.0,4.0,3.0,4.0,,,
3 Bedroom House,1450000.0,3.0,2.0,1.0,1170.0,,
2 Bedroom Townhouse,3300000.0,2.0,2.0,2.0,,,
2 Bedroom Apartment,1875000.0,2.0,2.0,1.0,,,
3 Bedroom House,2595000.0,3.0,3.0,4.0,1769.0,,
3 Bedroom House,1970000.0,3.0,3.0,2.0,331.0,,
2 Bedroom Apartment,590000.0,2.0,1.0,,,,
Apartment,595000.0,,1.0,1.0,,,
2 Bedroom Apartment,690000.0,2.0,2.0,2.0,,,
4 Bedroom House,2190000.0,4.0,2.0,2.0,2025.0,,
2 Bedroom House,2700000.0,2.0,2.0,2.0,1029.0,,
3 Bedroom Apartment,1195000.0,3.0,2.0,2.0,,,
2 Bedroom Townhouse,760000.0,2.0,2.0,1.0,7422.0,,
3 Bedroom Townhouse,2850000.0,3.0,2.0,4.0,,,
4 Bedroom Apartment,3250000.0,4.0,3.0,3.0,,,
2 Bedroom House,620000.0,2.0,2.0,1.0,,,
3 Bedroom Townhouse,3500000.0,3.0,2.0,2.0,,,
2 Bedroom Apartment,4997700.0,2.0,2.0,2.0,79.0,,
1 Bedroom Apartment,2320500.0,1.0,1.0,2.0,35.0,,
1 Bedroom Apartment,2275000.0,1.0,1.0,2.0,35.0,,
2 Bedroom Apartment,410000.0,2.0,1.0,1.0,,,
2 Bedroom Apartment,865000.0,2.0,1.0,1.0,6829.0,,
3 Bedroom Apartment,1395000.0,3.0,1.0,1.0,,,
2 Bedroom Apartment,660000.0,2.0,1.0,3.0,,,
3 Bedroom House,1450000.0,3.0,2.0,1.0,811.0,,
4 Bedroom House,1290000.0,4.0,2.0,4.0,1188.0,,
3 Bedroom Apartment,1600000.0,3.0,2.0,2.0,,745 Bournemouth Avenue,
1 Bedroom Apartment,2320500.0,1.0,1.0,2.0,35.0,,
4 Bedroom House,8250000.0,4.0,3.0,11.0,1260.0,,
3 Bedroom House,1950000.0,3.0,3.0,6.0,1027.0,,
3 Bedroom House,,3.0,85.0,2.0,2023.0,,
2 Bedroom Apartment,1925000.0,2.0,1.0,1.0,,,
3 Bedroom Apartment,3500000.0,3.0,3.0,2.0,,,
1 Bedroom Apartment,405000.0,1.0,1.0,,,,
5 Bedroom House,2950000.0,5.0,4.0,4.0,1049.0,,
3 Bedroom Apartment,2795000.0,3.0,2.0,1.0,,,
4 Bedroom House,6450000.0,4.0,3.0,2.0,402.0,,
5 Bedroom House,3290000.0,5.0,45.0,22.0,2180.0,6 Rockdale Avenue,
3 Bedroom House,765000.0,3.0,1.0,4.0,428.0,,
5 Bedroom House,3499000.0,5.0,5.0,4.0,1085.0,,
2 Bedroom Apartment,1499000.0,2.0,2.0,1.0,,"16 Lincoln Terrace, Gardenia, Westwood Estate",
3 Bedroom Apartment,3500000.0,3.0,3.0,2.0,,,
3 Bedroom House,5200000.0,3.0,3.0,6.0,,,
2 Bedroom Apartment,1399000.0,2.0,2.0,1.0,,,
1 Bedroom Apartment,949000.0,1.0,1.0,1.0,,,
2 Bedroom Apartment,1500000.0,2.0,2.0,1.0,,,
2 Bedroom Apartment,1500000.0,2.0,2.0,1.0,,,
3 Bedroom House,1650000.0,3.0,2.0,6.0,642.0,78 O'flaherty Road,
2 Bedroom Apartment,1895000.0,2.0,25.0,2.0,,"31 Ss Park Lane Ii, 1 Park Drive",
1 Bedroom Apartment,516000.0,1.0,1.0,2.0,,,
1 Bedroom Apartment,595000.0,1.0,1.0,1.0,,,
2 Bedroom Apartment,1895000.0,2.0,1.0,,,,
House,995000.0,,,,745.0,"32 Kailas Street, Shallcross, Queensburgh",
3 Bedroom House,1950000.0,3.0,2.0,2.0,733.0,,
3 Bedroom Townhouse,4931000.0,3.0,2.0,4.0,,"21 The Stables, 21 The Stabes",
2 Bedroom Townhouse,650000.0,2.0,1.0,2.0,64097.0,,
1 Bedroom Apartment,595000.0,1.0,1.0,1.0,,,
1 Bedroom Apartment,1650000.0,1.0,2.0,,,,
2 Bedroom Apartment,1530000.0,2.0,15.0,2.0,,,
4 Bedroom Apartment,2090000.0,4.0,2.0,2.0,,,
3 Bedroom Apartment,980000.0,3.0,2.0,2.0,,,
4 Bedroom House,1500000.0,4.0,2.0,3.0,2200.0,,
1.5 Bedroom Apartment,585000.0,15.0,1.0,1.0,,,
23 Bedroom Apartment,12300000.0,23.0,13.0,28.0,,,
4 Bedroom Townhouse,7250000.0,4.0,45.0,6.0,3829.0,,
5 Bedroom Townhouse,9495000.0,5.0,5.0,6.0,6188.0,,
3 Bedroom Townhouse,950000.0,3.0,2.0,2.0,2558.0,,
1.5 Bedroom Apartment,675000.0,15.0,1.0,1.0,,,
3 Bedroom Apartment,2750000.0,3.0,2.0,2.0,,,
3 Bedroom Apartment,995000.0,3.0,2.0,3.0,,,
3 Bedroom Apartment,4000000.0,3.0,2.0,3.0,,"4 415 On Essenwood, 415 Essenwood Road",
3 Bedroom House,1994999.0,3.0,2.0,4.0,567.0,,
3 Bedroom House,,3.0,2.0,4.0,1245.0,,
4 Bedroom House,1450000.0,4.0,3.0,1.0,424.0,,
7 Bedroom House,4300000.0,7.0,6.0,3.0,2400.0,,
3 Bedroom House,1400000.0,3.0,2.0,4.0,1054.0,,
3 Bedroom House,6490000.0,3.0,35.0,6.0,1012.0,,
4 Bedroom House,3290000.0,4.0,4.0,2.0,1919.0,15 Audley Road,
2 Bedroom Apartment,650000.0,2.0,2.0,2.0,,,
4 Bedroom House,1395000.0,4.0,2.0,4.0,,,
3 Bedroom House,1150000.0,3.0,1.0,,1200.0,,
1 Bedroom Apartment,549999.0,1.0,1.0,1.0,,47 Folkestone Road,
3 Bedroom Townhouse,2000000.0,3.0,3.0,4.0,,,
7 Bedroom House,4300000.0,7.0,6.0,3.0,2400.0,,
3 Bedroom Townhouse,1620000.0,3.0,3.0,4.0,,,
2 Bedroom Apartment,695000.0,2.0,1.0,1.0,,,
2 Bedroom Apartment,635000.0,2.0,2.0,3.0,,"14 Inkwazi, 21 Erasmus Road",
1 Bedroom Apartment,675000.0,1.0,1.0,1.0,,163 Lilian Ngoyi Road,
5 Bedroom House,1950000.0,5.0,3.0,8.0,1680.0,,
2 Bedroom Apartment,695000.0,2.0,1.0,1.0,,,
3 Bedroom Townhouse,1100000.0,3.0,3.0,3.0,7347.0,,
3 Bedroom House,3180000.0,3.0,25.0,2.0,4282.0,,
4 Bedroom Townhouse,10500000.0,4.0,4.0,2.0,467.0,14 Umsinsi,
2 Bedroom Apartment,1895000.0,2.0,2.0,1.0,,8 Solstice Road,
4 Bedroom House,1500000.0,4.0,3.0,3.0,1972.0,31 Manaba Beach Rd,
3 Bedroom Apartment,3750000.0,3.0,2.0,,,57 Lagoon Drive,
3 Bedroom House,780000.0,3.0,1.0,2.0,1139.0,,
3 Bedroom Apartment,3150000.0,3.0,2.0,2.0,,90 Compensation Beach,
2 Bedroom Apartment,650000.0,2.0,1.0,1.0,,,
10 Bedroom House,10500000.0,10.0,10.0,2.0,1433.0,1 Cuyler,
4 Bedroom House,1500000.0,4.0,3.0,3.0,1972.0,31 Manaba Beach Rd,
3 Bedroom Apartment,1499000.0,3.0,2.0,1.0,,61 Colin Street,
3 Bedroom Apartment,2695000.0,3.0,2.0,1.0,,1 Gazelle Road,
3 Bedroom Apartment,895000.0,3.0,2.0,,,,
2 Bedroom Apartment,1750000.0,2.0,2.0,2.0,,,
5 Bedroom House,1500000.0,5.0,2.0,4.0,1041.0,,
1 Bedroom Apartment,550000.0,1.0,1.0,,,,
5 Bedroom House,5675000.0,5.0,4.0,25.0,850.0,,
3 Bedroom Townhouse,7950000.0,3.0,35.0,2.0,6198.0,30 Oceans Edge,
1 Bedroom Apartment,935000.0,1.0,1.0,1.0,,,
1 Bedroom Apartment,700000.0,1.0,1.0,,,,
3 Bedroom House,2950000.0,3.0,2.0,2.0,593.0,,
3 Bedroom House,1190000.0,3.0,2.0,5.0,,,
3 Bedroom House,1179000.0,3.0,1.0,4.0,,,
3 Bedroom House,,3.0,25.0,5.0,1190.0,,
3 Bedroom House,1450000.0,3.0,2.0,2.0,675.0,,
3 Bedroom Townhouse,1050000.0,3.0,1.0,2.0,4714.0,,
2 Bedroom Apartment,1150000.0,2.0,2.0,1.0,,,
3 Bedroom Townhouse,1200000.0,3.0,2.0,1.0,,,
3 Bedroom Apartment,895000.0,3.0,2.0,2.0,,,
4 Bedroom House,2200000.0,4.0,3.0,6.0,1427.0,,
2 Bedroom Townhouse,895000.0,2.0,2.0,2.0,3717.0,,
3 Bedroom Apartment,1395000.0,3.0,2.0,2.0,,,
5 Bedroom House,1500000.0,5.0,6.0,3.0,553.0,,
2 Bedroom Townhouse,1395000.0,2.0,2.0,2.0,1120.0,,
2 Bedroom Apartment,720000.0,2.0,2.0,1.0,,,
2 Bedroom Apartment,720000.0,2.0,2.0,1.0,,,
2 Bedroom Apartment,1995000.0,2.0,2.0,1.0,,,
3 Bedroom House,1900000.0,3.0,2.0,2.0,1800.0,,
House,280000.0,,,,900.0,,
4 Bedroom Townhouse,4300000.0,4.0,3.0,2.0,,,
5 Bedroom House,,5.0,6.0,14.0,1012.0,,
1 Bedroom Apartment,450000.0,1.0,1.0,1.0,,,
1 Bedroom Apartment,399000.0,1.0,1.0,,,,
2 Bedroom Townhouse,575000.0,2.0,1.0,2.0,,,
3 Bedroom Townhouse,2495000.0,3.0,3.0,2.0,8666.0,86 Lagoon Dr,
4 Bedroom House,5000000.0,4.0,5.0,4.0,,,
4 Bedroom House,1450000.0,4.0,2.0,6.0,1200.0,,
3 Bedroom Townhouse,1450000.0,3.0,25.0,2.0,,,
4 Bedroom House,1000000.0,4.0,3.0,4.0,1900.0,,
3 Bedroom House,1700000.0,3.0,2.0,4.0,688.0,,
4 Bedroom House,1450000.0,4.0,2.0,6.0,1200.0,,
1 Bedroom Apartment,740000.0,1.0,1.0,2.0,,23 Glady's Manzi Hayfield',
3 Bedroom Apartment,1495000.0,3.0,2.0,1.0,,,
3 Bedroom Townhouse,4650000.0,3.0,3.0,4.0,,,
2 Bedroom Apartment,995000.0,2.0,2.0,1.0,,,
3 Bedroom Apartment,4495000.0,3.0,2.0,4.0,,,
3 Bedroom House,1650000.0,3.0,1.0,6.0,1150.0,,
1.5 Bedroom Apartment,999000.0,15.0,1.0,1.0,,"20 Sharon Court, 250 Montpelier Road",
4 Bedroom House,5295000.0,4.0,25.0,10.0,1442.0,4 Durnford Avenue,
3 Bedroom Apartment,4250000.0,3.0,2.0,2.0,,"32 Ss Oyster Cove, 41 North Beach Road",
4 Bedroom House,1935000.0,4.0,2.0,4.0,1253.0,,
4 Bedroom House,935000.0,4.0,2.0,3.0,358.0,,
3 Bedroom House,845000.0,3.0,2.0,4.0,262.0,,
2 Bedroom Apartment,550000.0,2.0,1.0,1.0,,,
3 Bedroom House,770000.0,3.0,1.0,2.0,145.0,,
3 Bedroom Apartment,1190000.0,3.0,2.0,1.0,,,
3 Bedroom Townhouse,1049000.0,3.0,2.0,4.0,6740.0,41 Bohmer Road,
7 Bedroom House,2295000.0,7.0,4.0,18.0,1682.0,,
2 Bedroom House,419000.0,2.0,1.0,,262.0,,
4 Bedroom House,3199000.0,4.0,1.0,10.0,1121.0,,
2 Bedroom Apartment,2500000.0,2.0,2.0,1.0,,,
1 Bedroom Apartment,1190000.0,1.0,1.0,1.0,,,
2 Bedroom Apartment,1795000.0,2.0,2.0,2.0,,,
1 Bedroom Apartment,690000.0,1.0,1.0,,,,
3 Bedroom House,1850000.0,3.0,2.0,4.0,898.0,,
3 Bedroom Apartment,6200000.0,3.0,3.0,2.0,,,
4 Bedroom House,2365000.0,4.0,4.0,2.0,177366.0,,
3 Bedroom Apartment,850000.0,3.0,2.0,2.0,,,
2 Bedroom Apartment,1095000.0,2.0,1.0,1.0,,,
4 Bedroom House,1500000.0,4.0,5.0,21.0,1187.0,,
4 Bedroom House,950000.0,4.0,15.0,3.0,4105.0,,
Apartment,270000.0,,1.0,,,,
3 Bedroom House,1584000.0,3.0,2.0,4.0,2516.0,,
2 Bedroom Apartment,1795000.0,2.0,2.0,2.0,,,
Apartment,500000.0,,1.0,,,,
2 Bedroom Apartment,855000.0,2.0,1.0,2.0,,,
3 Bedroom House,1395000.0,3.0,2.0,1.0,,,
2 Bedroom Apartment,1120000.0,2.0,1.0,1.0,,,
3 Bedroom House,2900000.0,3.0,2.0,2.0,21407.0,,
5 Bedroom House,2600000.0,5.0,3.0,,1882.0,,
1 Bedroom Apartment,450000.0,1.0,1.0,,,,
3 Bedroom House,1395000.0,3.0,2.0,1.0,,,
4 Bedroom House,900000.0,4.0,2.0,10.0,998.0,,
4 Bedroom House,1580000.0,4.0,2.0,2.0,900.0,,
1 Bedroom Apartment,645000.0,1.0,1.0,1.0,,,
4 Bedroom House,7000000.0,4.0,2.0,,,,
0.5 Bedroom Apartment,395000.0,5.0,1.0,,696.0,,
7 Bedroom House,3300000.0,7.0,5.0,1.0,1888.0,,
1 Bedroom Apartment,1999000.0,1.0,2.0,1.0,,,
2 Bedroom Apartment,2145000.0,2.0,2.0,1.0,,,
3 Bedroom Townhouse,1500000.0,3.0,3.0,2.0,,,
2 Bedroom Apartment,1200000.0,2.0,2.0,2.0,,,
3 Bedroom House,2950000.0,3.0,4.0,1.0,239.0,,
3 Bedroom House,745000.0,3.0,2.0,,198.0,,
4 Bedroom House,10990000.0,4.0,3.0,10.0,1011.0,,
3 Bedroom Townhouse,870000.0,3.0,25.0,2.0,124.0,,
3 Bedroom House,650000.0,3.0,1.0,,426.0,,
2 Bedroom Apartment,1250000.0,2.0,1.0,,,69 Meridian Drive,
2 Bedroom Apartment,999000.0,2.0,2.0,,,,
1 Bedroom Apartment,2190000.0,1.0,1.0,1.0,,,
3 Bedroom House,1050000.0,3.0,1.0,3.0,309.0,,
1 Bedroom Apartment,1900000.0,1.0,1.0,1.0,,"E508 Coral Point, 42 Heleza Blvd",
2 Bedroom Apartment,999000.0,2.0,1.0,1.0,,,
3 Bedroom House,3950000.0,3.0,35.0,2.0,400.0,,
2 Bedroom Apartment,820000.0,2.0,2.0,1.0,,,
3 Bedroom Apartment,1500000.0,3.0,1.0,1.0,,,
4 Bedroom House,5999950.0,4.0,5.0,6.0,1630.0,,
1 Bedroom Apartment,1900000.0,1.0,1.0,1.0,,"E508 Coral Point, 42 Heleza Blvd",
2 Bedroom Townhouse,650000.0,2.0,2.0,4.0,73.0,,
6 Bedroom House,1750000.0,6.0,6.0,4.0,4047.0,410 Bristol Road,
2 Bedroom Townhouse,980000.0,2.0,2.0,2.0,4048.0,,
2 Bedroom Apartment,787000.0,2.0,1.0,1.0,,,
3 Bedroom House,3200000.0,3.0,25.0,2.0,,,
3 Bedroom House,800000.0,3.0,2.0,1.0,335.0,,
4 Bedroom House,2150000.0,4.0,2.0,4.0,4047.0,,
1 Bedroom Apartment,740000.0,1.0,1.0,1.0,,"6 N/a, 458 Main Road",
3 Bedroom House,1300000.0,3.0,3.0,3.0,752.0,,
3 Bedroom House,1050000.0,3.0,5.0,2.0,1845.0,,
3 Bedroom Apartment,2295000.0,3.0,2.0,4.0,,,
2 Bedroom Townhouse,1095000.0,2.0,1.0,3.0,,,
3 Bedroom Townhouse,890000.0,3.0,2.0,2.0,14312.0,,
2 Bedroom Townhouse,550000.0,2.0,,1.0,259567.0,,
2 Bedroom Apartment,1550000.0,2.0,1.0,2.0,53.0,,
2 Bedroom Townhouse,1200000.0,2.0,1.0,,,,
2 Bedroom Apartment,4368000.0,2.0,25.0,1.0,,,
House,1000000.0,,,,45.0,,
1.5 Bedroom Apartment,795000.0,15.0,1.0,1.0,,,
2 Bedroom Apartment,650000.0,2.0,1.0,2.0,,,
1.5 Bedroom Apartment,795000.0,15.0,1.0,1.0,,,
4 Bedroom House,1150000.0,4.0,2.0,1.0,1040.0,,
3 Bedroom House,2295000.0,3.0,1.0,11.0,1117.0,,
3 Bedroom House,1725000.0,3.0,2.0,4.0,1221.0,,
2 Bedroom Townhouse,2950000.0,2.0,2.0,1.0,175.0,,
Apartment,450000.0,,1.0,,,249 King Dinuzulu Road South,
1 Bedroom Apartment,1000000.0,1.0,1.0,1.0,,,
2 Bedroom Townhouse,870000.0,2.0,1.0,1.0,,,
3 Bedroom House,11500000.0,3.0,3.0,6.0,,,
4 Bedroom House,900000.0,4.0,2.0,1.0,2025.0,,
6 Bedroom House,6500000.0,6.0,5.0,10.0,1800.0,,
4 Bedroom House,1750000.0,4.0,2.0,2.0,2000.0,,
4 Bedroom House,1295000.0,4.0,3.0,6.0,1052.0,,
3 Bedroom House,1500000.0,3.0,2.0,3.0,1101.0,5 14th Avenue,
3 Bedroom House,6950000.0,3.0,35.0,8.0,,,
2 Bedroom Apartment,1070000.0,2.0,2.0,1.0,,137 Marine Drive (chesapeak),
2 Bedroom Townhouse,1175000.0,2.0,2.0,2.0,,,
4 Bedroom House,4650000.0,4.0,3.0,5.0,444.0,,
2 Bedroom Apartment,3500000.0,2.0,2.0,1.0,,7 Albizia Drive,
2 Bedroom Apartment,1395000.0,2.0,1.0,,,,
2 Bedroom Apartment,2995000.0,2.0,2.0,2.0,,2 Heleza Boulevard,
4 Bedroom House,1995000.0,4.0,2.0,4.0,1650.0,,
4 Bedroom House,1365000.0,4.0,3.0,2.0,1120.0,942 Tenby Avenue,
3 Bedroom House,1499500.0,3.0,1.0,1.0,,,
2 Bedroom House,2350000.0,2.0,2.0,2.0,1714.0,,
4 Bedroom House,2990000.0,4.0,35.0,4.0,1500.0,,
3 Bedroom Apartment,1750000.0,3.0,3.0,4.0,,,
3 Bedroom House,3995000.0,3.0,2.0,2.0,190.0,,
4 Bedroom House,1365000.0,4.0,3.0,2.0,1120.0,942 Tenby Avenue,
5 Bedroom House,2880000.0,5.0,3.0,3.0,1164.0,,
5 Bedroom House,7299000.0,5.0,5.0,5.0,,,
4 Bedroom House,2150000.0,4.0,2.0,3.0,1804.0,,
5 Bedroom House,2100000.0,5.0,3.0,4.0,929.0,,
3 Bedroom House,980000.0,3.0,1.0,4.0,248.0,,
3 Bedroom Apartment,850000.0,3.0,15.0,1.0,,,
House,1150000.0,,,2.0,1698.0,,
2 Bedroom Apartment,875000.0,2.0,15.0,1.0,,,
4 Bedroom House,5999000.0,4.0,3.0,4.0,22.0,,
1 Bedroom Apartment,690000.0,1.0,1.0,,,,
2 Bedroom Apartment,880000.0,2.0,1.0,1.0,,,
2 Bedroom Apartment,870000.0,2.0,2.0,1.0,,,
5 Bedroom House,2100000.0,5.0,3.0,4.0,929.0,,
3 Bedroom Townhouse,870000.0,3.0,2.0,1.0,,,
1 Bedroom Apartment,970000.0,1.0,1.0,1.0,,,
1.5 Bedroom Apartment,615000.0,15.0,1.0,1.0,,,
2 Bedroom Apartment,730000.0,2.0,1.0,1.0,,,
2 Bedroom Townhouse,1150000.0,2.0,2.0,2.0,34712.0,,
3 Bedroom House,1200000.0,3.0,2.0,6.0,435.0,,
3 Bedroom Townhouse,1150000.0,3.0,2.0,1.0,,,
3 Bedroom Apartment,545000.0,3.0,2.0,1.0,,,
1 Bedroom Apartment,1190000.0,1.0,1.0,,,,
4 Bedroom House,1750000.0,4.0,2.0,3.0,1388.0,,
3 Bedroom House,1390000.0,3.0,2.0,3.0,263.0,,
4 Bedroom House,1695000.0,4.0,2.0,2.0,1881.0,13 Patrick Duncan Road,
3 Bedroom House,950000.0,3.0,2.0,5.0,1483.0,709 Sutherland Avenue,
2 Bedroom House,1390000.0,2.0,1.0,2.0,980.0,,
3 Bedroom House,2300000.0,3.0,1.0,2.0,306.0,,
3 Bedroom House,1975000.0,3.0,2.0,4.0,1348.0,9 Firth Crescent,
3 Bedroom Townhouse,1450000.0,3.0,2.0,2.0,12380.0,262 Shad Avenue,
2 Bedroom Apartment,1800000.0,2.0,2.0,4.0,,,
3 Bedroom House,1150000.0,3.0,2.0,4.0,,,
3 Bedroom Apartment,1995000.0,3.0,2.0,2.0,,44 Douglas Crowe Drive,
2 Bedroom House,760000.0,2.0,1.0,,450.0,,
1.5 Bedroom Apartment,995000.0,15.0,1.0,1.0,,"21 Ss Breadalbane, 5 Roseanne Place",
3 Bedroom Townhouse,1490000.0,3.0,2.0,2.0,14310.0,,
2 Bedroom Apartment,999000.0,2.0,1.0,1.0,,"17 Ocean Gardens, Ss Ocean Gardens 134/1981, Ramsgate Beach 653 Bond Str, Erf 522, Ramsgate",
3 Bedroom Apartment,1995000.0,3.0,2.0,2.0,,44 Douglas Crowe Drive,
2 Bedroom Apartment,3500000.0,2.0,2.0,2.0,,,
2 Bedroom House,450000.0,2.0,1.0,2.0,200.0,,
3 Bedroom Townhouse,1495000.0,3.0,2.0,2.0,4038.0,,
4 Bedroom Townhouse,4500000.0,4.0,35.0,3.0,,"25 Ss Milkwood Point, 961 Lagoon Drive",
4 Bedroom House,3750000.0,4.0,3.0,7.0,605.0,"The Farm, 16 Spurwing Road",
5 Bedroom House,7000000.0,5.0,5.0,3.0,2500.0,17 Boschhoek Golf Estate,
2 Bedroom Apartment,845000.0,2.0,2.0,2.0,,,
3 Bedroom Townhouse,1390000.0,3.0,2.0,3.0,19175.0,,
3 Bedroom Townhouse,1890000.0,3.0,3.0,2.0,4076.0,,
10 Bedroom Apartment,3500000.0,10.0,5.0,5.0,560.0,,
3 Bedroom House,2199000.0,3.0,3.0,9.0,3908.0,,
2 Bedroom Townhouse,1360000.0,2.0,15.0,2.0,24.0,,
4 Bedroom Apartment,2150000.0,4.0,2.0,1.0,,,
2 Bedroom Townhouse,1360000.0,2.0,15.0,2.0,24.0,,
4 Bedroom House,1995000.0,4.0,2.0,5.0,1820.0,23 Marina Drive,
2 Bedroom Apartment,760000.0,2.0,2.0,1.0,,,
2 Bedroom Apartment,1695000.0,2.0,15.0,1.0,,,
2 Bedroom House,2950000.0,2.0,2.0,2.0,,130 Lalela Boulevard,
3 Bedroom House,1450000.0,3.0,15.0,3.0,1300.0,,
4 Bedroom House,3490000.0,4.0,2.0,4.0,811.0,,
2 Bedroom Townhouse,1995000.0,2.0,2.0,2.0,16794.0,,
3 Bedroom Apartment,780000.0,3.0,1.0,1.0,,,
3 Bedroom Apartment,2450000.0,3.0,2.0,2.0,,,
3 Bedroom Townhouse,4450000.0,3.0,25.0,4.0,,,
5 Bedroom House,1100000.0,5.0,3.0,3.0,1475.0,,
3 Bedroom Townhouse,3650000.0,3.0,2.0,5.0,12540.0,,
3 Bedroom Apartment,4150000.0,3.0,2.0,2.0,,,
3 Bedroom Apartment,3495000.0,3.0,2.0,2.0,,,
5 Bedroom House,1295000.0,5.0,35.0,2.0,796.0,,
1.5 Bedroom Apartment,999000.0,15.0,1.0,1.0,,,
3 Bedroom Apartment,3400000.0,3.0,2.0,2.0,,,
4 Bedroom House,1000000.0,4.0,2.0,6.0,1724.0,,
4 Bedroom House,1280000.0,4.0,2.0,2.0,387.0,,
5 Bedroom House,10750000.0,5.0,5.0,4.0,6184.0,,
1 Bedroom Townhouse,780000.0,1.0,1.0,2.0,,,
3 Bedroom House,895000.0,3.0,2.0,4.0,559.0,,
4 Bedroom House,1195000.0,4.0,2.0,,809.0,,
3 Bedroom House,1495000.0,3.0,2.0,4.0,1032.0,,
3 Bedroom Apartment,8450000.0,3.0,35.0,4.0,,,
3 Bedroom Apartment,1065000.0,3.0,2.0,2.0,,,
4 Bedroom House,1280000.0,4.0,2.0,2.0,387.0,,
2 Bedroom Apartment,2150000.0,2.0,1.0,2.0,,,
2 Bedroom Apartment,990000.0,2.0,1.0,2.0,,,
2 Bedroom Apartment,770000.0,2.0,2.0,1.0,,,
2 Bedroom Apartment,1070000.0,2.0,1.0,2.0,,,
4 Bedroom House,7500000.0,4.0,3.0,10.0,,,
1 Bedroom Apartment,450000.0,1.0,1.0,,,,
3 Bedroom House,4750000.0,3.0,25.0,4.0,440.0,14 Second Avenue,
2 Bedroom Apartment,795000.0,2.0,1.0,1.0,,"5 Coledo, 73 Percy Osborn Road",
3 Bedroom Apartment,2005000.0,3.0,2.0,1.0,,90 Ashley Drive,
7 Bedroom House,2295000.0,7.0,7.0,7.0,793.0,460 Esther Roberts Road,
3 Bedroom House,1120000.0,3.0,2.0,3.0,350.0,,
2 Bedroom Apartment,3690000.0,2.0,2.0,2.0,,,
2 Bedroom Apartment,2720000.0,2.0,2.0,2.0,,,
2 Bedroom Apartment,825000.0,2.0,2.0,2.0,,,
3 Bedroom House,2800000.0,3.0,2.0,8.0,1845.0,,
3 Bedroom House,2800000.0,3.0,2.0,8.0,1845.0,,
Apartment,1090000.0,,1.0,1.0,,37 Zenith Drive,
4 Bedroom Townhouse,3650000.0,4.0,2.0,6.0,,,
3 Bedroom House,895000.0,3.0,1.0,1.0,1123.0,,
2 Bedroom Apartment,2400000.0,2.0,2.0,1.0,,"W214 Coral Point, 18 Boulevard",
4 Bedroom Apartment,3200000.0,4.0,3.0,4.0,,,
3 Bedroom House,1890000.0,3.0,2.0,3.0,1430.0,20 Chatham Crescent,
4 Bedroom House,1650000.0,4.0,3.0,3.0,1218.0,9 Duiker Avenue,
5 Bedroom House,875000.0,5.0,3.0,6.0,1055.0,364 Adrienne Avenue,
2 Bedroom Apartment,1559000.0,2.0,2.0,2.0,,117 Inanda Road,
2 Bedroom Apartment,780000.0,2.0,2.0,1.0,,,
2 Bedroom Apartment,875000.0,2.0,1.0,2.0,,27 Ridge Road,
4 Bedroom House,2495000.0,4.0,3.0,3.0,1710.0,10 Weston Road,
5 Bedroom House,1600000.0,5.0,3.0,3.0,1618.0,,
3 Bedroom House,2950000.0,3.0,2.0,2.0,,,
3 Bedroom House,2850000.0,3.0,2.0,2.0,,,
2 Bedroom Apartment,1650000.0,2.0,1.0,2.0,57.0,,
3 Bedroom Apartment,2150500.0,3.0,2.0,1.0,,,
3 Bedroom House,7500000.0,3.0,3.0,2.0,1559.0,25 Forestwood Drive,
6 Bedroom House,1999000.0,6.0,4.0,10.0,2366.0,,
3 Bedroom House,2050000.0,3.0,3.0,9.0,1600.0,,
3 Bedroom Apartment,3100000.0,3.0,3.0,2.0,,,
4 Bedroom House,11750000.0,4.0,45.0,14.0,1593.0,5 Carleton Gardens,
3 Bedroom Townhouse,1395000.0,3.0,2.0,3.0,,,
4 Bedroom Townhouse,12000000.0,4.0,5.0,4.0,6680.0,50 Izinga Park 2,
4 Bedroom House,14000000.0,4.0,4.0,5.0,1643.0,31 Horsewood Drive,
2 Bedroom Apartment,695000.0,2.0,2.0,2.0,,5 Marine Drive,
3 Bedroom Apartment,3100000.0,3.0,3.0,2.0,,,
3 Bedroom Apartment,1180000.0,3.0,2.0,2.0,,29 Marine Drive,
4 Bedroom House,1290000.0,4.0,2.0,6.0,824.0,23 Enniskillen Crescent,
2 Bedroom Apartment,1195000.0,2.0,15.0,1.0,,,
3 Bedroom House,1000000.0,3.0,1.0,3.0,595.0,,
2 Bedroom House,765000.0,2.0,1.0,5.0,209.0,,
2 Bedroom Apartment,645500.0,2.0,2.0,,,,
2 Bedroom Townhouse,939000.0,2.0,1.0,2.0,2294.0,,
3 Bedroom House,1150000.0,3.0,1.0,3.0,,,
3 Bedroom House,1699000.0,3.0,2.0,4.0,1000.0,,
3 Bedroom House,1699000.0,3.0,2.0,4.0,1000.0,,
Apartment,700000.0,,1.0,,,,
Apartment,595000.0,,1.0,,,,
3 Bedroom Apartment,1200000.0,3.0,2.0,2.0,,,
8 Bedroom House,795000.0,8.0,4.0,4.0,410.0,,
3 Bedroom Townhouse,7295000.0,3.0,35.0,,,,
3 Bedroom House,680000.0,3.0,2.0,2.0,800.0,,
3 Bedroom House,1150000.0,3.0,1.0,3.0,,,
5 Bedroom House,3850000.0,5.0,5.0,10.0,,,
3 Bedroom Apartment,6000000.0,3.0,3.0,2.0,,,
2.5 Bedroom Apartment,550000.0,25.0,1.0,,,,
3 Bedroom House,1495000.0,3.0,2.0,6.0,1035.0,,
2 Bedroom Apartment,800000.0,2.0,1.0,1.0,,,
4 Bedroom House,8800000.0,4.0,3.0,3.0,,,
2 Bedroom Townhouse,750000.0,2.0,2.0,2.0,,,
2 Bedroom Townhouse,550000.0,2.0,1.0,1.0,,,
2 Bedroom Apartment,850000.0,2.0,1.0,1.0,,,
2 Bedroom Townhouse,1450000.0,2.0,2.0,2.0,142670.0,,
3 Bedroom House,2795000.0,3.0,25.0,5.0,966.0,25 Wedgwood Crescent,
1 Bedroom Apartment,550000.0,1.0,1.0,1.0,,,
5 Bedroom House,1400000.0,5.0,5.0,,,,
3 Bedroom Townhouse,1750000.0,3.0,2.0,3.0,4710.0,,
3 Bedroom Townhouse,1100000.0,3.0,2.0,2.0,,50 Lawenski Drive,
2 Bedroom Apartment,760000.0,2.0,1.0,1.0,,,
8 Bedroom House,4500000.0,8.0,6.0,6.0,4340.0,,
3 Bedroom House,2650000.0,3.0,2.0,2.0,3760.0,,
3 Bedroom Apartment,2450000.0,3.0,25.0,3.0,,,
3 Bedroom Apartment,820000.0,3.0,1.0,1.0,,59 Clark Road,
4 Bedroom Apartment,2800000.0,4.0,25.0,1.0,,11 Mdoni Lofts,
4 Bedroom House,17000000.0,4.0,45.0,6.0,1769.0,301 Ipahla Road,
4 Bedroom Apartment,995000.0,4.0,2.0,5.0,,,
3 Bedroom Townhouse,760000.0,3.0,2.0,1.0,10128.0,,
3 Bedroom Apartment,2800000.0,3.0,2.0,1.0,,,
3 Bedroom Townhouse,1500000.0,3.0,2.0,4.0,31160.0,,
3 Bedroom Apartment,2450000.0,3.0,25.0,3.0,,,
3 Bedroom House,1799000.0,3.0,15.0,6.0,613.0,25 Haig Avenue,
3 Bedroom Townhouse,1590000.0,3.0,2.0,2.0,,,
3 Bedroom House,1200000.0,3.0,2.0,3.0,328.0,,
1 Bedroom Apartment,429000.0,1.0,1.0,1.0,,"Cottage Gardens, 17 Payne Street",
3 Bedroom House,3895000.0,3.0,3.0,2.0,1283.0,,
18 Bedroom House,9900000.0,18.0,18.0,3.0,3815.0,,
3 Bedroom Apartment,3995000.0,3.0,3.0,2.0,,,
2 Bedroom Apartment,,2.0,15.0,,,7 Bonela Road No 4 4 Bonela Road,
3 Bedroom House,1300000.0,3.0,3.0,1.0,80.0,,
8 Bedroom House,8500000.0,8.0,8.0,10.0,2027.0,,
4 Bedroom Townhouse,2495000.0,4.0,35.0,3.0,,,
3 Bedroom House,1450000.0,3.0,2.0,13.0,1703.0,,
3 Bedroom House,3850000.0,3.0,2.0,4.0,4503.0,,
3 Bedroom Apartment,3195000.0,3.0,2.0,1.0,,1104 Izinga Eco Estate,
3 Bedroom Townhouse,970000.0,3.0,2.0,2.0,4041.0,"1 Ocean Crest, 265 Ramsey Avenue",
4 Bedroom House,2650000.0,4.0,2.0,4.0,1839.0,36a Surprise Ridge Road,
2 Bedroom Townhouse,650000.0,2.0,2.0,1.0,50.0,"114 Ss Longbeach, 59 Dolphin Drive",
3 Bedroom House,1450000.0,3.0,2.0,13.0,1703.0,,
2 Bedroom Apartment,980000.0,2.0,2.0,2.0,,,
9 Bedroom House,8900000.0,9.0,9.0,18.0,64.0,,
2 Bedroom Apartment,3680000.0,2.0,2.0,2.0,,"311 Zimbali Suites, 5 Corkwood",
2 Bedroom Apartment,1397500.0,2.0,5.0,1.0,,,
1 Bedroom Apartment,815000.0,1.0,1.0,1.0,,,
3 Bedroom Apartment,11750000.0,3.0,3.0,2.0,,,
3 Bedroom House,1365000.0,3.0,1.0,,3013.0,80 Somtseu Road,
3 Bedroom Apartment,3500000.0,3.0,2.0,1.0,,,
3 Bedroom House,1400000.0,3.0,2.0,4.0,1247.0,18 Salisbury,
3 Bedroom House,950000.0,3.0,15.0,3.0,200.0,,
6 Bedroom House,11750000.0,6.0,45.0,4.0,1427.0,,
3 Bedroom House,1400000.0,3.0,15.0,5.0,1073.0,,
3 Bedroom Townhouse,1495000.0,3.0,3.0,1.0,1914.0,,
5 Bedroom House,1450000.0,5.0,2.0,1.0,675.0,,
4 Bedroom House,13999000.0,4.0,35.0,2.0,1410.0,35 Summit Drive,
2 Bedroom Townhouse,850000.0,2.0,2.0,1.0,,,
3 Bedroom House,3200000.0,3.0,2.0,3.0,2200.0,,
4 Bedroom Townhouse,665000.0,4.0,2.0,1.0,700.0,,
3 Bedroom House,1680000.0,3.0,2.0,4.0,1674.0,,
4 Bedroom House,2995000.0,4.0,2.0,6.0,1860.0,673 Town Bush Road,
3 Bedroom House,5199000.0,3.0,2.0,4.0,2146.0,11 Attercliffe Road,
2 Bedroom House,690000.0,2.0,2.0,1.0,,,
3 Bedroom House,1400000.0,3.0,2.0,4.0,1247.0,18 Salisbury,
2 Bedroom Townhouse,800000.0,2.0,2.0,1.0,4679.0,,
2 Bedroom Apartment,1100000.0,2.0,1.0,2.0,,"Westwood Estate, 11 Lincoln Terrace",
3 Bedroom House,1450000.0,3.0,2.0,6.0,1808.0,,
3 Bedroom House,850000.0,3.0,1.0,5.0,242.0,,
3 Bedroom Apartment,2300000.0,3.0,2.0,2.0,,,
5 Bedroom House,3299000.0,5.0,5.0,2.0,10008.0,,
3 Bedroom Townhouse,4749000.0,3.0,25.0,6.0,,,
3 Bedroom Townhouse,2395000.0,3.0,3.0,6.0,,,
3 Bedroom House,980000.0,3.0,1.0,3.0,377.0,,
6 Bedroom House,1400000.0,6.0,6.0,4.0,314.0,,
4 Bedroom House,1100000.0,4.0,3.0,,1003.0,,
2 Bedroom Apartment,575000.0,2.0,1.0,1.0,,"11 Ss Berendene, 810 Union Lane",
2 Bedroom Apartment,880000.0,2.0,2.0,1.0,,,
2 Bedroom Apartment,2600000.0,2.0,2.0,2.0,,5 Ille Coco 26 Newlands Drive,
2 Bedroom House,1250000.0,2.0,1.0,2.0,,,
2 Bedroom Apartment,913000.0,2.0,1.0,1.0,,,
3 Bedroom Apartment,3250000.0,3.0,2.0,1.0,,,
3 Bedroom Apartment,2300000.0,3.0,2.0,1.0,150.0,16 Palms 2,
3 Bedroom Apartment,3250000.0,3.0,2.0,1.0,,,
3 Bedroom Apartment,3350000.0,3.0,2.0,2.0,,,
2 Bedroom Apartment,830000.0,2.0,1.0,1.0,,,
2 Bedroom Apartment,849000.0,2.0,1.0,1.0,1193.0,,
3 Bedroom House,1250000.0,3.0,1.0,3.0,1310.0,,
3 Bedroom Apartment,2800000.0,3.0,2.0,2.0,,,
1 Bedroom Apartment,1440000.0,1.0,1.0,,,,
1 Bedroom Apartment,550000.0,1.0,1.0,,,,
5 Bedroom House,1095000.0,5.0,2.0,5.0,276.0,,
5 Bedroom House,5995000.0,5.0,4.0,8.0,1250.0,,
3 Bedroom House,1595000.0,3.0,2.0,11.0,1375.0,,
3 Bedroom Townhouse,2990000.0,3.0,3.0,5.0,,,
2 Bedroom House,1480000.0,2.0,2.0,2.0,1012.0,,
3 Bedroom Apartment,850000.0,3.0,2.0,1.0,,,
3 Bedroom Apartment,1080000.0,3.0,2.0,2.0,,,
2 Bedroom Apartment,1300000.0,2.0,1.0,1.0,,,
3 Bedroom Townhouse,1330000.0,3.0,25.0,2.0,23963.0,,
1.5 Bedroom Apartment,900000.0,15.0,1.0,,,,
2 Bedroom Apartment,1000000.0,2.0,1.0,1.0,,,
2 Bedroom Apartment,850000.0,2.0,1.0,1.0,,,
2 Bedroom Apartment,499000.0,2.0,1.0,,,,
3 Bedroom Apartment,3350000.0,3.0,3.0,2.0,,,
3 Bedroom Apartment,599000.0,3.0,1.0,2.0,100.0,,
2 Bedroom House,749000.0,2.0,1.0,2.0,121.0,,
8 Bedroom House,5800000.0,8.0,8.0,14.0,1004.0,,
3 Bedroom Townhouse,1650000.0,3.0,3.0,2.0,3065.0,,
3 Bedroom Townhouse,1470000.0,3.0,2.0,3.0,12380.0,,
2 Bedroom Apartment,850000.0,2.0,1.0,1.0,,,
5 Bedroom House,1550000.0,5.0,3.0,2.0,930.0,,
2 Bedroom Apartment,650000.0,2.0,2.0,1.0,,,
2 Bedroom Apartment,3500000.0,2.0,2.0,1.0,,1 Zimbali Lakes Estate,
3 Bedroom Apartment,4650000.0,3.0,3.0,2.0,,,
2 Bedroom Apartment,1325000.0,2.0,2.0,1.0,,,
3 Bedroom House,2400000.0,3.0,25.0,,13736.0,,
5 Bedroom House,1550000.0,5.0,3.0,2.0,930.0,,
4 Bedroom House,1550000.0,4.0,3.0,3.0,720.0,,
3 Bedroom Apartment,1680000.0,3.0,2.0,3.0,,,
4 Bedroom Townhouse,2950000.0,4.0,25.0,4.0,,,
4 Bedroom House,1500000.0,4.0,2.0,7.0,1862.0,,
2 Bedroom House,588000.0,2.0,1.0,3.0,,,
7 Bedroom House,7980000.0,7.0,5.0,24.0,5498.0,,
2 Bedroom Apartment,410000.0,2.0,1.0,1.0,,,
3 Bedroom Townhouse,1275000.0,3.0,2.0,3.0,20263.0,,
4 Bedroom Townhouse,1825000.0,4.0,2.0,4.0,3377.0,,
3 Bedroom Townhouse,2450000.0,3.0,3.0,3.0,8608.0,,
2 Bedroom Townhouse,1500000.0,2.0,2.0,2.0,6525.0,,
4 Bedroom House,870000.0,4.0,2.0,1.0,630.0,,
3 Bedroom Townhouse,6875000.0,3.0,35.0,65.0,,,
3 Bedroom House,2795000.0,3.0,2.0,7.0,3370.0,,
2 Bedroom Apartment,1290000.0,2.0,2.0,1.0,80.0,2 Erskine Terrace,
2 Bedroom Townhouse,680000.0,2.0,15.0,1.0,,,
5 Bedroom House,6600000.0,5.0,35.0,8.0,577.0,,
2.5 Bedroom Apartment,890000.0,25.0,1.0,1.0,,,
4 Bedroom Apartment,3850000.0,4.0,3.0,1.0,,,
4 Bedroom House,1895000.0,4.0,2.0,9.0,,,
3 Bedroom Townhouse,895000.0,3.0,2.0,2.0,,,
4 Bedroom House,1350000.0,4.0,4.0,5.0,988.0,,
3 Bedroom Townhouse,900000.0,3.0,2.0,5.0,233323.0,74 Cowey Road,
5 Bedroom House,6500000.0,5.0,35.0,5.0,3067.0,,
3 Bedroom Apartment,2995000.0,3.0,2.0,2.0,,,
3 Bedroom House,950000.0,3.0,25.0,5.0,929.0,,
4 Bedroom House,950000.0,4.0,3.0,1.0,298.0,,
2 Bedroom Apartment,840000.0,2.0,1.0,1.0,98.0,,
3 Bedroom House,6499000.0,3.0,3.0,10.0,2176.0,,
0.5 Bedroom Apartment,1500000.0,5.0,1.0,2.0,,,
3 Bedroom House,1080000.0,3.0,2.0,2.0,1407.0,,
2 Bedroom Apartment,840000.0,2.0,2.0,1.0,,,
2.5 Bedroom Apartment,800000.0,25.0,1.0,2.0,,,
3 Bedroom Apartment,1780000.0,3.0,2.0,,,,
2 Bedroom Apartment,840000.0,2.0,1.0,1.0,98.0,,
3 Bedroom House,950000.0,3.0,2.0,2.0,651.0,,
3 Bedroom Townhouse,2300000.0,3.0,25.0,2.0,,,
3 Bedroom House,1275000.0,3.0,2.0,2.0,2700.0,,
3 Bedroom Apartment,2850000.0,3.0,2.0,2.0,,"408 98 On Gordon, 98 Gordon Road",
3 Bedroom Apartment,,3.0,3.0,2.0,,,
2 Bedroom Apartment,940000.0,2.0,1.0,2.0,,,
1 Bedroom Apartment,770000.0,1.0,1.0,1.0,,,
4 Bedroom Townhouse,5700000.0,4.0,3.0,3.0,17268.0,"16 Ss Uluwatu, 4 Maple Close, Unit 16 Uluwatu",
6 Bedroom House,3795000.0,6.0,4.0,10.0,1036.0,,
1 Bedroom Apartment,770000.0,1.0,1.0,1.0,,,
1 Bedroom Apartment,1550000.0,1.0,1.0,2.0,,,
2 Bedroom Apartment,1150000.0,2.0,2.0,2.0,,,
3 Bedroom Apartment,950000.0,3.0,2.0,2.0,,,
4.5 Bedroom House,4950000.0,45.0,35.0,8.0,1356.0,78 Ridgeside Road,
4 Bedroom House,9500000.0,4.0,45.0,8.0,2237.0,,
5 Bedroom House,28000000.0,5.0,5.0,7.0,1105.0,35 Summit Drive,
3 Bedroom Townhouse,1350000.0,3.0,1.0,,,,
1.5 Bedroom Apartment,650000.0,15.0,1.0,2.0,,,
1 Bedroom Apartment,649000.0,1.0,1.0,1.0,,,
3 Bedroom Apartment,5295000.0,3.0,2.0,2.0,,,
5 Bedroom House,1499000.0,5.0,4.0,5.0,2599.0,216 Ulu Drive,
3 Bedroom Townhouse,1450000.0,3.0,2.0,2.0,4049.0,,
5 Bedroom House,1800000.0,5.0,4.0,2.0,,,
3 Bedroom Townhouse,3700000.0,3.0,35.0,4.0,1983.0,"5 Essenwood Palms, 391 Stephen Dlamini Road",
2 Bedroom Apartment,1250000.0,2.0,15.0,1.0,,"1 Ss Dorrington, 7 Clyde Avenue",
4 Bedroom Apartment,2100000.0,4.0,3.0,3.0,,6 Somme Road,
3 Bedroom Apartment,2695000.0,3.0,2.0,2.0,,,
3 Bedroom Townhouse,2475375.0,3.0,3.0,2.0,,,
3 Bedroom Townhouse,2750000.0,3.0,2.0,2.0,,,
2 Bedroom Apartment,830000.0,2.0,1.0,1.0,,,
2 Bedroom Apartment,1580000.0,2.0,2.0,1.0,,,
4 Bedroom House,9000000.0,4.0,35.0,4.0,1057.0,96 Inanda Road,
4 Bedroom House,14500000.0,4.0,4.0,5.0,1686.0,79 North Beach Road,
2 Bedroom Townhouse,1200000.0,2.0,2.0,4.0,11111.0,,
4 Bedroom House,4900000.0,4.0,2.0,6.0,3723.0,,
2 Bedroom Apartment,1650000.0,2.0,2.0,1.0,,,
3 Bedroom Apartment,2950000.0,3.0,2.0,4.0,,"57 Ilala, 3 Sicklebush Lane",
2 Bedroom Apartment,1850000.0,2.0,1.0,1.0,,"207 La Ballito, 8 Jack Powell Road",
2 Bedroom Apartment,769000.0,2.0,2.0,2.0,,6 Duke Road,
2 Bedroom Apartment,2995000.0,2.0,2.0,1.0,,,
5 Bedroom House,2520000.0,5.0,3.0,2.0,1160.0,,
2 Bedroom Apartment,1650000.0,2.0,2.0,1.0,,,
4 Bedroom House,1850000.0,4.0,3.0,6.0,925.0,,
2 Bedroom Townhouse,800000.0,2.0,1.0,1.0,123737.0,,
4 Bedroom House,5800000.0,4.0,3.0,2.0,558.0,4 Lake Mendez,
2 Bedroom Apartment,695000.0,2.0,2.0,1.0,,,
2 Bedroom Townhouse,800000.0,2.0,1.0,1.0,123737.0,,
3 Bedroom Apartment,1290000.0,3.0,2.0,1.0,,"6 Kommaweer, 1814 Queen Street",
5 Bedroom Townhouse,5400000.0,5.0,4.0,2.0,4827.0,,
4 Bedroom Townhouse,8950000.0,4.0,4.0,2.0,,,
2 Bedroom Apartment,1620000.0,2.0,1.0,2.0,,151 Innes Road,
3 Bedroom Townhouse,2950000.0,3.0,2.0,4.0,,,
3 Bedroom Apartment,1432000.0,3.0,2.0,1.0,,111 Marine Drive,
9 Bedroom House,1700000.0,9.0,3.0,3.0,399.0,,
3 Bedroom House,1250000.0,3.0,25.0,6.0,396.0,,
3 Bedroom Townhouse,4995000.0,3.0,3.0,2.0,17.0,1 Lalapanzi,
3 Bedroom House,2350000.0,3.0,2.0,3.0,1554.0,,
2 Bedroom Apartment,640000.0,2.0,1.0,,,,
2 Bedroom Apartment,650000.0,2.0,1.0,3.0,,,
1 Bedroom Apartment,1500000.0,1.0,1.0,2.0,,"150 Boulevard Suites, 09 Albizia Drive",
2 Bedroom Apartment,650000.0,2.0,1.0,2.0,,,
4 Bedroom House,1750000.0,4.0,4.0,2.0,1530.0,,
4 Bedroom House,8500000.0,4.0,4.0,7.0,1106.0,37 Camwood Drive,
3 Bedroom House,1150000.0,3.0,1.0,11.0,670.0,,
3 Bedroom House,1055000.0,3.0,2.0,4.0,957.0,,
7 Bedroom House,2990000.0,7.0,7.0,11.0,1182.0,,
2 Bedroom Apartment,1765000.0,2.0,1.0,1.0,,,
10 Bedroom House,6000000.0,10.0,8.0,12.0,1010.0,,
3 Bedroom House,1230000.0,3.0,1.0,4.0,653.0,,
House,10950000.0,,,,,,
3 Bedroom Apartment,3200000.0,3.0,2.0,2.0,,,
3 Bedroom Apartment,900000.0,3.0,2.0,1.0,,,
3 Bedroom House,2990000.0,3.0,2.0,2.0,955.0,,
5 Bedroom House,3950000.0,5.0,4.0,8.0,1917.0,,
3 Bedroom House,2950000.0,3.0,35.0,2.0,735.0,,
2 Bedroom Townhouse,640000.0,2.0,1.0,1.0,109558.0,,
4 Bedroom House,975000.0,4.0,2.0,5.0,,,
4 Bedroom House,2200000.0,4.0,3.0,11.0,802.0,,
3 Bedroom Townhouse,2595000.0,3.0,2.0,2.0,,,
4 Bedroom House,4500000.0,4.0,2.0,1.0,9326.0,,
3 Bedroom House,980000.0,3.0,2.0,,1020.0,"20 Winder Street, Umkomaas",
4 Bedroom House,3795000.0,4.0,3.0,8.0,994.0,,
5 Bedroom House,5695000.0,5.0,6.0,2.0,1345.0,,
4 Bedroom House,4500000.0,4.0,2.0,1.0,9326.0,,
2 Bedroom Apartment,2900000.0,2.0,2.0,2.0,,,
2 Bedroom Apartment,420000.0,2.0,1.0,1.0,,,
4 Bedroom House,3900000.0,4.0,3.0,3.0,2387.0,,
2 Bedroom Apartment,550000.0,2.0,1.0,1.0,,,
2 Bedroom Apartment,760000.0,2.0,15.0,1.0,,,
3 Bedroom Townhouse,3995000.0,3.0,2.0,4.0,14810.0,,
4 Bedroom House,1495000.0,4.0,3.0,6.0,464.0,,
3 Bedroom House,1495000.0,3.0,2.0,14.0,542.0,,
3 Bedroom Apartment,3900000.0,3.0,2.0,2.0,,,
1 Bedroom Apartment,690000.0,1.0,1.0,1.0,,,
3 Bedroom Apartment,850000.0,3.0,2.0,1.0,,,
2 Bedroom House,649000.0,2.0,1.0,10.0,347.0,,
3 Bedroom House,595000.0,3.0,1.0,2.0,423.0,,
3 Bedroom House,1150000.0,3.0,1.0,,391.0,,
3 Bedroom Apartment,2760000.0,3.0,3.0,2.0,,,
2 Bedroom Apartment,2499500.0,2.0,2.0,2.0,,,
6 Bedroom House,2250000.0,6.0,3.0,6.0,1330.0,,
2 Bedroom Apartment,1395000.0,2.0,1.0,2.0,,,
2 Bedroom Apartment,2499500.0,2.0,2.0,2.0,,,
3 Bedroom House,1300000.0,3.0,2.0,4.0,197.0,,
5 Bedroom House,1830000.0,5.0,2.0,16.0,975.0,,
2 Bedroom Apartment,980000.0,2.0,1.0,,,,
4 Bedroom Apartment,4950000.0,4.0,4.0,2.0,,,
4 Bedroom Apartment,17500000.0,4.0,45.0,3.0,,,
Apartment,1100000.0,,1.0,,,,
3 Bedroom Apartment,775000.0,3.0,1.0,1.0,,,
1 Bedroom Apartment,650000.0,1.0,1.0,,,,
3 Bedroom House,995000.0,3.0,2.0,3.0,1451.0,,
2 Bedroom Apartment,685000.0,2.0,1.0,1.0,,,
2 Bedroom Apartment,1750000.0,2.0,1.0,1.0,,,
2 Bedroom Apartment,1095000.0,2.0,2.0,1.0,,,
2 Bedroom Townhouse,1295000.0,2.0,2.0,2.0,4414.0,,
2 Bedroom Apartment,2150000.0,2.0,1.0,2.0,,,
3 Bedroom House,995000.0,3.0,2.0,3.0,1451.0,,
2 Bedroom Apartment,885000.0,2.0,2.0,,,,
3 Bedroom House,800000.0,3.0,1.0,2.0,199.0,,
3 Bedroom Apartment,2900000.0,3.0,3.0,,,,
3 Bedroom Apartment,2715000.0,3.0,2.0,1.0,,,
2 Bedroom Apartment,1949000.0,2.0,2.0,2.0,,,
2 Bedroom Apartment,2795000.0,2.0,2.0,2.0,,,
4 Bedroom Townhouse,1450000.0,4.0,3.0,4.0,930.0,,
3 Bedroom Townhouse,1800000.0,3.0,2.0,2.0,17469.0,,
2 Bedroom House,3300000.0,2.0,2.0,2.0,,,
5 Bedroom House,2950000.0,5.0,35.0,3.0,1459.0,,
3 Bedroom Apartment,6750000.0,3.0,35.0,4.0,,,
1 Bedroom Apartment,870000.0,1.0,1.0,1.0,,,
2 Bedroom Apartment,1595000.0,2.0,1.0,1.0,,"11 Newlands Share Block, 20 Nonoti Avenue",
3 Bedroom House,2300000.0,3.0,2.0,3.0,673.0,,
4 Bedroom House,2500000.0,4.0,3.0,3.0,1840.0,11 John Chard Place,
3 Bedroom House,9000000.0,3.0,3.0,3.0,940.0,,
4 Bedroom Townhouse,3850000.0,4.0,3.0,4.0,,"5 Lia, 1 Kariba Crescent",
3 Bedroom House,750000.0,3.0,1.0,,588.0,,
4 Bedroom House,3300000.0,4.0,3.0,4.0,416.0,,
3 Bedroom Townhouse,1399000.0,3.0,3.0,2.0,9382.0,,
3 Bedroom House,6395000.0,3.0,3.0,4.0,1119.0,"Ballito Gardens, 69 Kingfisher Drive",
2 Bedroom Apartment,730000.0,2.0,2.0,1.0,,,
3 Bedroom Townhouse,4149000.0,3.0,25.0,4.0,1736.0,,
4 Bedroom Apartment,1360000.0,4.0,3.0,1.0,,,
1 Bedroom Apartment,529000.0,1.0,1.0,1.0,,,
2 Bedroom Apartment,1200000.0,2.0,15.0,1.0,,,
2 Bedroom Apartment,730000.0,2.0,2.0,1.0,,,
3 Bedroom Apartment,5495000.0,3.0,3.0,3.0,,,
2 Bedroom Apartment,920000.0,2.0,2.0,,,,
1 Bedroom Apartment,1550000.0,1.0,1.0,2.0,,,
3 Bedroom Apartment,1475000.0,3.0,2.0,1.0,,,
2 Bedroom House,920000.0,2.0,1.0,,240.0,,
3 Bedroom Townhouse,900000.0,3.0,3.0,2.0,22284.0,,
2 Bedroom Apartment,1695000.0,2.0,2.0,2.0,,,
4 Bedroom Townhouse,6200000.0,4.0,5.0,2.0,,,
1 Bedroom House,1050000.0,1.0,1.0,1.0,45963.0,,
1 Bedroom Apartment,2990000.0,1.0,1.0,1.0,,,
2 Bedroom Apartment,495000.0,2.0,1.0,1.0,,,
3 Bedroom House,2850000.0,3.0,2.0,2.0,156.0,,
3 Bedroom Townhouse,799500.0,3.0,2.0,2.0,64097.0,,
3 Bedroom Apartment,5950000.0,3.0,2.0,1.0,,,
5 Bedroom Townhouse,1910000.0,5.0,3.0,1.0,1241.0,,
1 Bedroom Apartment,3200000.0,1.0,1.0,1.0,,,
3 Bedroom Townhouse,900000.0,3.0,3.0,2.0,22284.0,,
2 Bedroom Apartment,795000.0,2.0,1.0,1.0,,,
2 Bedroom Apartment,885000.0,2.0,1.0,2.0,,,
1 Bedroom Apartment,430000.0,1.0,1.0,,,,
2 Bedroom Apartment,1150000.0,2.0,1.0,1.0,,,
4 Bedroom Apartment,8950000.0,4.0,3.0,2.0,,,
3 Bedroom Townhouse,780000.0,3.0,2.0,1.0,20363.0,,
3 Bedroom Apartment,5035000.0,3.0,2.0,4.0,,,
3 Bedroom House,1600000.0,3.0,2.0,4.0,1034.0,,
4 Bedroom House,5750000.0,4.0,3.0,6.0,1375.0,9 Armstrong Avenue,
4 Bedroom House,6350000.0,4.0,5.0,8.0,1202.0,33 Oakland Ave,
3 Bedroom Townhouse,1250000.0,3.0,2.0,3.0,4082.0,,
4 Bedroom House,5750000.0,4.0,3.0,6.0,1375.0,9 Armstrong Avenue,
3 Bedroom Apartment,1650000.0,3.0,2.0,2.0,,,
3 Bedroom Townhouse,2250000.0,3.0,2.0,2.0,2020.0,"3 Ss Elmwood, 19 Impathle Drive",
3 Bedroom Apartment,8950000.0,3.0,3.0,2.0,,,
4 Bedroom Townhouse,1950000.0,4.0,2.0,4.0,3534.0,,
2 Bedroom Apartment,900000.0,2.0,1.0,2.0,,,
2 Bedroom House,550000.0,2.0,,1.0,200.0,"11 Xaxaza Park, 112 Mimosa Drive",
3 Bedroom House,775000.0,3.0,2.0,6.0,953.0,,
4 Bedroom Apartment,3900000.0,4.0,3.0,2.0,,,
4 Bedroom House,10000000.0,4.0,35.0,2.0,4035.0,,
2 Bedroom Townhouse,1485000.0,2.0,15.0,1.0,,"4 Amber Valley, 4 Radwin Road",
3 Bedroom Townhouse,1195000.0,3.0,2.0,2.0,1726.0,,
1 Bedroom Townhouse,740000.0,1.0,1.0,1.0,5288.0,,
1 Bedroom Apartment,650000.0,1.0,1.0,1.0,,,
2 Bedroom Townhouse,1299000.0,2.0,2.0,1.0,1965.0,,
2 Bedroom Apartment,3999000.0,2.0,2.0,1.0,,,
2 Bedroom House,1599000.0,2.0,1.0,4.0,,,
1.2 Bedroom Apartment,950000.0,12.0,12.0,,,,
3 Bedroom Apartment,1720000.0,3.0,2.0,3.0,,,
2 Bedroom Townhouse,890000.0,2.0,15.0,2.0,,,
4 Bedroom House,1295500.0,4.0,2.0,3.0,1484.0,"57 Kinnoll Road,pelham, Pietermaritzburg",
13 Bedroom House,800000.0,13.0,3.0,,511.0,,
2 Bedroom Apartment,730000.0,2.0,1.0,1.0,,,
3 Bedroom House,1450000.0,3.0,2.0,2.0,220.0,5099 Palm View,
4 Bedroom House,3395000.0,4.0,3.0,3.0,1200.0,,
5 Bedroom House,19950000.0,5.0,5.0,3.0,786.0,,
3 Bedroom Townhouse,4195000.0,3.0,2.0,4.0,,,
9 Bedroom House,9800000.0,9.0,9.0,11.0,2402.0,,
2 Bedroom Apartment,1250000.0,2.0,2.0,2.0,,,
5 Bedroom House,1630000.0,5.0,3.0,2.0,1283.0,3 Peacock Crescent,
4 Bedroom Townhouse,7750000.0,4.0,45.0,2.0,8888.0,,
3 Bedroom Townhouse,1695000.0,3.0,2.0,2.0,5396.0,,
2 Bedroom Townhouse,869000.0,2.0,2.0,2.0,8989.0,,
13 Bedroom House,800000.0,13.0,3.0,,511.0,,
3 Bedroom House,600000.0,3.0,1.0,,448.0,,
3 Bedroom Townhouse,1750000.0,3.0,2.0,3.0,,,
0.5 Bedroom Apartment,630375.0,5.0,1.0,1.0,,,
1 Bedroom Apartment,585000.0,1.0,1.0,,,,
3 Bedroom House,950000.0,3.0,2.0,1.0,667.0,,
5 Bedroom House,2200000.0,5.0,4.0,2.0,,,
4 Bedroom House,1350000.0,4.0,4.0,5.0,1152.0,,
2 Bedroom Townhouse,695000.0,2.0,1.0,1.0,26720.0,,
1 Bedroom Apartment,700000.0,1.0,1.0,1.0,,,
3 Bedroom House,2200000.0,3.0,1.0,6.0,1005.0,,
2 Bedroom Apartment,1699000.0,2.0,2.0,1.0,,,
6 Bedroom House,2350000.0,6.0,5.0,3.0,1982.0,,
2 Bedroom Apartment,725000.0,2.0,1.0,1.0,,,
8 Bedroom House,1799000.0,8.0,2.0,12.0,1068.0,,
3 Bedroom Apartment,3000000.0,3.0,2.0,2.0,,,
1 Bedroom Apartment,450000.0,1.0,1.0,,50.0,,
2.5 Bedroom Apartment,785000.0,25.0,1.0,,,,
5 Bedroom House,9500000.0,5.0,7.0,7.0,1129.0,,
Townhouse,3750000.0,,,,,,
1 Bedroom Apartment,389000.0,1.0,1.0,1.0,,,
7 Bedroom House,895000.0,7.0,4.0,,465.0,,
2 Bedroom Apartment,3600000.0,2.0,2.0,2.0,,,
2 Bedroom House,1195000.0,2.0,2.0,3.0,777.0,,
8 Bedroom House,1799000.0,8.0,2.0,12.0,1068.0,,
3 Bedroom Townhouse,1300000.0,3.0,2.0,4.0,9348.0,,
3 Bedroom House,6950000.0,3.0,35.0,4.0,,,
1 Bedroom Apartment,1300000.0,1.0,1.0,2.0,,,
2 Bedroom Townhouse,1250000.0,2.0,1.0,1.0,750.0,,
3 Bedroom House,1065000.0,3.0,1.0,5.0,240.0,,
2 Bedroom Apartment,920000.0,2.0,1.0,1.0,,,
1 Bedroom Apartment,900000.0,1.0,1.0,1.0,,,
3 Bedroom Apartment,2350000.0,3.0,25.0,1.0,,,
2 Bedroom Apartment,700000.0,2.0,1.0,1.0,,"13 Ss Eden Wilds, 6 Groove Road",
2 Bedroom Townhouse,1250000.0,2.0,1.0,1.0,750.0,,
2 Bedroom Townhouse,1550000.0,2.0,2.0,3.0,3375.0,,
3 Bedroom Townhouse,1000000.0,3.0,2.0,,,,
2 Bedroom Apartment,750000.0,2.0,1.0,1.0,,,
4 Bedroom House,600000.0,4.0,3.0,2.0,1853198.0,,
3 Bedroom Townhouse,1595000.0,3.0,2.0,3.0,,,
2 Bedroom Townhouse,820000.0,2.0,2.0,1.0,66750.0,,
1 Bedroom House,695000.0,1.0,1.0,1.0,573.0,,
11 Bedroom House,15500000.0,11.0,85.0,5.0,1552.0,,
3 Bedroom Townhouse,1495000.0,3.0,2.0,2.0,2218.0,,
3 Bedroom House,1850000.0,3.0,2.0,5.0,1098.0,,
3 Bedroom House,895000.0,3.0,2.0,3.0,,,
2 Bedroom Apartment,560000.0,2.0,1.0,,72.0,,
1 Bedroom Apartment,1170000.0,1.0,1.0,,,,
2 Bedroom Apartment,1320000.0,2.0,2.0,2.0,,,
2.5 Bedroom Apartment,1050000.0,25.0,1.0,1.0,,,
3 Bedroom Townhouse,1450000.0,3.0,2.0,4.0,19175.0,,
3 Bedroom House,1650000.0,3.0,2.0,1.0,2054.0,,
4 Bedroom House,2950000.0,4.0,5.0,6.0,4047.0,16 Old Main Road,
0.5 Bedroom Apartment,1150000.0,5.0,1.0,1.0,,5 Summit Row,
3 Bedroom House,850000.0,3.0,1.0,5.0,573.0,24 Maphitha Close,
1 Bedroom Apartment,1620000.0,1.0,1.0,,,,
3 Bedroom Apartment,2150000.0,3.0,2.0,2.0,,,
4 Bedroom House,2950000.0,4.0,5.0,6.0,4047.0,16 Old Main Road,
4 Bedroom House,1699000.0,4.0,2.0,3.0,1270.0,,
2.5 Bedroom Apartment,1895000.0,25.0,3.0,,,,
3 Bedroom Apartment,1385000.0,3.0,2.0,1.0,1632.0,,
2.5 Bedroom Apartment,580000.0,25.0,1.0,1.0,,,
4 Bedroom Townhouse,5600000.0,4.0,45.0,2.0,7439.0,,
3 Bedroom Apartment,5800000.0,3.0,2.0,1.0,,,
6 Bedroom House,,6.0,5.0,10.0,3323.0,,
4.5 Bedroom House,1299000.0,45.0,15.0,4.0,242.0,,
2 Bedroom Apartment,895000.0,2.0,15.0,1.0,,,
3 Bedroom House,1150000.0,3.0,2.0,2.0,,,
5 Bedroom Apartment,2330000.0,5.0,3.0,2.0,,,
4 Bedroom Apartment,9195000.0,4.0,3.0,2.0,,,
1 Bedroom Apartment,950000.0,1.0,1.0,,,,
3 Bedroom Apartment,1995000.0,3.0,2.0,2.0,,,
4 Bedroom Apartment,2200000.0,4.0,4.0,2.0,,,
4 Bedroom Apartment,9195000.0,4.0,3.0,2.0,,,
2 Bedroom Apartment,650000.0,2.0,15.0,1.0,,,
3 Bedroom Townhouse,3995000.0,3.0,2.0,2.0,,,
2 Bedroom Apartment,668475.0,2.0,1.0,1.0,,,
2 Bedroom Apartment,849000.0,2.0,15.0,1.0,,,
3 Bedroom Apartment,1255800.0,3.0,2.0,1.0,,,
3 Bedroom Townhouse,1490000.0,3.0,2.0,2.0,20021.0,,
2 Bedroom Apartment,2550000.0,2.0,2.0,1.0,,,
5 Bedroom House,2600000.0,5.0,2.0,2.0,732.0,,
3 Bedroom Apartment,1025000.0,3.0,2.0,1.0,,,
2 Bedroom Apartment,760000.0,2.0,1.0,2.0,,,
2 Bedroom Townhouse,690000.0,2.0,1.0,1.0,,,
House,1050000.0,,,,,,
3 Bedroom House,895000.0,3.0,1.0,5.0,25.0,,
7 Bedroom House,4200000.0,7.0,5.0,2.0,2248.0,,
0.5 Bedroom Apartment,895000.0,5.0,1.0,,,,
3 Bedroom House,1499000.0,3.0,2.0,12.0,1821.0,10 Tyne Avenue,
3 Bedroom House,2350000.0,3.0,2.0,6.0,730.0,,
3 Bedroom House,2000000.0,3.0,2.0,,1514.0,,
3 Bedroom House,675000.0,3.0,1.0,,2023.0,,
4 Bedroom House,1750000.0,4.0,2.0,11.0,4047.0,,
3 Bedroom House,1390000.0,3.0,2.0,2.0,1500.0,,
3 Bedroom House,2000000.0,3.0,2.0,,1514.0,,
2 Bedroom House,460000.0,2.0,1.0,4.0,232.0,,
4 Bedroom House,6495000.0,4.0,4.0,2.0,981.0,,
3 Bedroom Apartment,1790000.0,3.0,2.0,1.0,,,
5 Bedroom House,3400000.0,5.0,5.0,1.0,7643.0,,
2 Bedroom House,990000.0,2.0,2.0,1.0,712.0,,
4 Bedroom House,180000.0,4.0,3.0,1.0,2000.0,,
5 Bedroom House,3500000.0,5.0,3.0,2.0,670.0,,
3 Bedroom Apartment,2200000.0,3.0,2.0,2.0,,,
2 Bedroom Townhouse,780000.0,2.0,2.0,2.0,,,
4 Bedroom House,2810000.0,4.0,3.0,4.0,1133.0,,
2 Bedroom House,695000.0,2.0,1.0,1.0,213.0,,
3 Bedroom House,975000.0,3.0,1.0,4.0,476.0,,
2 Bedroom House,650000.0,2.0,1.0,1.0,497.0,,
1 Bedroom Apartment,1750000.0,1.0,1.0,1.0,,115 Musgrave Avenue,
4 Bedroom Townhouse,9950000.0,4.0,4.0,4.0,,"5 On Fern, Balize Private Estate, 12 Fauna Road",
2 Bedroom Apartment,695000.0,2.0,2.0,2.0,,51 Marine Drive,
2 Bedroom Apartment,720000.0,2.0,1.0,,,,
0.5 Bedroom Apartment,1250000.0,5.0,1.0,1.0,,"D28 Ss Ocean Club Zimbali, 1 Ocean Club Drive, Unit D28 Ocean Club Zimbali",
4 Bedroom Apartment,1599000.0,4.0,2.0,2.0,,182 Marine Drive (equinox),
3 Bedroom Apartment,990000.0,3.0,2.0,3.0,,,
3 Bedroom Apartment,6995000.0,3.0,3.0,2.0,,6 Lagoon Drive,
2 Bedroom Apartment,825000.0,2.0,15.0,1.0,,22 Prince Street,
2 Bedroom Apartment,800000.0,2.0,2.0,1.0,,"1 Corner Manaba Beach Road and Marine Drive, Margate",
4 Bedroom Apartment,5850000.0,4.0,3.0,2.0,,,
4 Bedroom House,1500000.0,4.0,2.0,2.0,1028.0,,
3 Bedroom Townhouse,2875000.0,3.0,25.0,3.0,4101.0,14 Nkwazi Drive,
3 Bedroom Apartment,25500000.0,3.0,3.0,4.0,,6 Lagoon Drive,
1 Bedroom Apartment,450000.0,1.0,1.0,1.0,,"37 Ss Mount Royal, 15 Dunkirk Place",
1 Bedroom Apartment,450000.0,1.0,1.0,1.0,,"37 Ss Mount Royal, 15 Dunkirk Place",
4 Bedroom Apartment,2850000.0,4.0,3.0,1.0,,1 Aurora Drive,
5 Bedroom House,7370000.0,5.0,2.0,6.0,1251.0,45 Milkwood Drive,
4 Bedroom House,5150000.0,4.0,3.0,1.0,1000.0,13 Highgate,
3 Bedroom House,2750000.0,3.0,2.0,15.0,1538.0,,
3 Bedroom Townhouse,1640000.0,3.0,2.0,2.0,139.0,,
4 Bedroom House,1350000.0,4.0,3.0,1.0,1340.0,,
5 Bedroom House,1595000.0,5.0,3.0,2.0,2023.0,,
Apartment,850000.0,,1.0,1.0,,,
3 Bedroom House,1450000.0,3.0,2.0,6.0,1463.0,,
1 Bedroom House,550000.0,1.0,1.0,1.0,40.0,,
2 Bedroom Apartment,600000.0,2.0,2.0,2.0,,,
4 Bedroom House,2200000.0,4.0,4.0,4.0,1849.0,15 Casuarina Road,
2 Bedroom Townhouse,990000.0,2.0,3.0,2.0,2431.0,77 Ridge Road,
3 Bedroom House,2730000.0,3.0,25.0,3.0,928.0,16 Pumula Terrace,
4 Bedroom Apartment,1490000.0,4.0,2.0,4.0,,"71 Butleigh, 2099 West Drive",
Apartment,850000.0,,1.0,1.0,,,
4 Bedroom House,11500000.0,4.0,45.0,5.0,1333.0,4 Pambathi Lane,
3 Bedroom House,2200000.0,3.0,3.0,5.0,977.0,157 Hibiscus Road,
3 Bedroom House,700000.0,3.0,1.0,8.0,442.0,,
3 Bedroom Apartment,954000.0,3.0,2.0,2.0,,"25 The Kingfisher, 1111 Spink Street",
2 Bedroom Apartment,780000.0,2.0,1.0,1.0,,,
6 Bedroom House,7400000.0,6.0,5.0,6.0,900.0,,
2 Bedroom Apartment,1650000.0,2.0,1.0,1.0,,"5 Nguni, 45 North Beach Road",
5 Bedroom House,4250000.0,5.0,45.0,6.0,945.0,,
6 Bedroom House,3900000.0,6.0,6.0,7.0,2206.0,,
3 Bedroom House,2750000.0,3.0,2.0,4.0,567.0,,
3 Bedroom House,1350000.0,3.0,2.0,2.0,,,
3 Bedroom House,,3.0,35.0,3.0,,,
3 Bedroom House,1500000.0,3.0,2.0,2.0,1198.0,,
4 Bedroom House,650000.0,4.0,1.0,1.0,850.0,,
3 Bedroom House,750000.0,3.0,2.0,1.0,899.0,,
6 Bedroom House,10499000.0,6.0,5.0,7.0,,,
6 Bedroom House,485000.0,6.0,4.0,2.0,,,
2 Bedroom Apartment,800000.0,2.0,1.0,,,,
2 Bedroom Apartment,800000.0,2.0,1.0,,,,
1 Bedroom Apartment,1150000.0,1.0,1.0,1.0,,,
1 Bedroom Apartment,330000.0,1.0,1.0,,,,
3 Bedroom House,935000.0,3.0,2.0,1.0,,,
1 Bedroom Apartment,1095000.0,1.0,1.0,,,,
1 Bedroom Apartment,270000.0,1.0,1.0,1.0,,,
5 Bedroom House,3200000.0,5.0,3.0,6.0,1850.0,,
8 Bedroom House,1999000.0,8.0,3.0,4.0,,,
8 Bedroom House,1999000.0,8.0,3.0,4.0,,,
3 Bedroom House,1290000.0,3.0,4.0,3.0,,,
2 Bedroom Apartment,530000.0,2.0,1.0,1.0,,,
2 Bedroom Apartment,1180000.0,2.0,2.0,2.0,66.0,,
1 Bedroom Apartment,490000.0,1.0,1.0,2.0,34.0,,
2 Bedroom Apartment,2960000.0,2.0,2.0,2.0,,,
3 Bedroom House,2400000.0,3.0,3.0,7.0,1142.0,58 Kolstertkring Street,
2 Bedroom House,580000.0,2.0,2.0,,303.0,,
2 Bedroom Apartment,685000.0,2.0,1.0,2.0,,,
3 Bedroom Townhouse,2460000.0,3.0,2.0,7.0,,,
3 Bedroom House,1250000.0,3.0,2.0,5.0,1030.0,42 Bream Road,
1 Bedroom Apartment,1750000.0,1.0,1.0,1.0,,,
3 Bedroom House,1650000.0,3.0,2.0,1.0,2025.0,,
3 Bedroom Townhouse,2350000.0,3.0,2.0,3.0,,,
2 Bedroom Apartment,1675000.0,2.0,2.0,2.0,,,
2 Bedroom Apartment,570000.0,2.0,2.0,1.0,,,
2 Bedroom Apartment,1450000.0,2.0,2.0,1.0,,,
3 Bedroom Apartment,6900000.0,3.0,3.0,2.0,,"401 Ss Skye Ridgeside, 2 Vuna Close",
3 Bedroom Townhouse,1395000.0,3.0,2.0,4.0,,,
2 Bedroom Townhouse,880000.0,2.0,2.0,1.0,19052.0,,
2 Bedroom Apartment,1050000.0,2.0,1.0,2.0,,,
2 Bedroom Townhouse,2900000.0,2.0,2.0,2.0,,9 Hanbury Close,
4 Bedroom Townhouse,8500000.0,4.0,4.0,2.0,442.0,Horsewood Drive,
4 Bedroom Townhouse,8500000.0,4.0,4.0,2.0,442.0,Horsewood Drive,
5 Bedroom House,1250000.0,5.0,2.0,4.0,273.0,,
3 Bedroom House,2690000.0,3.0,2.0,3.0,,,
3 Bedroom House,4895000.0,3.0,2.0,4.0,,,
5 Bedroom House,1650000.0,5.0,2.0,7.0,1136.0,5 Wensleydale Road,
7 Bedroom House,3850000.0,7.0,7.0,10.0,1563.0,7 Dageraad,
4 Bedroom House,1350000.0,4.0,3.0,3.0,809.0,,
2 Bedroom Apartment,995000.0,2.0,2.0,1.0,,21 Lagoon Road,
4 Bedroom House,969000.0,4.0,1.0,2.0,328.0,5 Jacaranda Avenue,
3 Bedroom Townhouse,1880000.0,3.0,2.0,2.0,,122 New England Road,
4 Bedroom House,1795000.0,4.0,3.0,,2719.0,,
2 Bedroom Apartment,1080000.0,2.0,2.0,2.0,,137 Marine Drive,
2 Bedroom Townhouse,1624405.0,2.0,2.0,2.0,,122 New England Road,
2 Bedroom Apartment,2500000.0,2.0,2.0,,,"181 Lambert Road, Windermere, Durban, 4000",
2 Bedroom Townhouse,2550000.0,2.0,2.0,1.0,,C0069 Shongweni Road,
5 Bedroom House,12600000.0,5.0,55.0,4.0,1307.0,50 Sameja Drive,
4 Bedroom House,8950000.0,4.0,4.0,7.0,1127.0,16 Pitchingwedge,
3 Bedroom House,3450000.0,3.0,35.0,2.0,611.0,11 The Glen,
2 Bedroom Apartment,649000.0,2.0,1.0,1.0,,39 Qashana Khuzwayo Road,
3 Bedroom House,1575000.0,3.0,2.0,7.0,1197.0,,
6 Bedroom House,4695000.0,6.0,6.0,10.0,5139.0,1 Kloof Falls Road,
5 Bedroom House,5895000.0,5.0,3.0,12.0,25651.0,173 Inanda Road,
2 Bedroom Apartment,1150000.0,2.0,1.0,1.0,,50 Arbour Road,
4 Bedroom House,8950000.0,4.0,4.0,7.0,1127.0,16 Pitchingwedge,
3 Bedroom Apartment,950000.0,3.0,2.0,1.0,,,
2 Bedroom Apartment,695000.0,2.0,2.0,1.0,,,
2 Bedroom Apartment,1500000.0,2.0,1.0,1.0,,,
3 Bedroom Apartment,2655000.0,3.0,2.0,2.0,,,
5 Bedroom Townhouse,9900000.0,5.0,5.0,3.0,,,
1 Bedroom Apartment,525000.0,1.0,1.0,1.0,,,
1.5 Bedroom Apartment,1200000.0,15.0,1.0,1.0,,,
5 Bedroom House,2685000.0,5.0,2.0,2.0,727.0,,
1 Bedroom Apartment,350000.0,1.0,1.0,1.0,,"54 Chapters, 24 King Edward Avenue",
1 Bedroom Apartment,525000.0,1.0,1.0,1.0,,,
2 Bedroom Apartment,720000.0,2.0,1.0,1.0,,,
4 Bedroom House,875000.0,4.0,2.0,3.0,218.0,,
2 Bedroom Apartment,2895000.0,2.0,2.0,2.0,,,
2 Bedroom House,490000.0,2.0,1.0,,375.0,,
2 Bedroom Apartment,1075000.0,2.0,1.0,,,,
4 Bedroom Townhouse,639000.0,4.0,1.0,1.0,,,
3 Bedroom Apartment,3300000.0,3.0,2.0,2.0,,,
3 Bedroom Townhouse,1695000.0,3.0,2.0,2.0,3600.0,,
1 Bedroom Apartment,990000.0,1.0,1.0,2.0,,,
4 Bedroom House,1600000.0,4.0,2.0,,1145.0,,
4 Bedroom House,2585000.0,4.0,3.0,2.0,995.0,,
5 Bedroom House,1495000.0,5.0,6.0,3.0,553.0,,
1 Bedroom House,400000.0,1.0,1.0,2.0,,,
4 Bedroom House,5990000.0,4.0,3.0,6.0,1010.0,,
4 Bedroom House,2950000.0,4.0,45.0,2.0,1647.0,,
3 Bedroom Apartment,4250000.0,3.0,2.0,2.0,,,
2 Bedroom Apartment,1175000.0,2.0,1.0,2.0,,,
3 Bedroom Apartment,1200000.0,3.0,3.0,2.0,,,
3 Bedroom Apartment,1250000.0,3.0,2.0,2.0,,,
2 Bedroom Apartment,1380000.0,2.0,1.0,2.0,,,
2 Bedroom Apartment,750000.0,2.0,1.0,1.0,,,
5 Bedroom House,3200000.0,5.0,3.0,5.0,76891.0,,
3 Bedroom Townhouse,4550000.0,3.0,2.0,2.0,355.0,,
2 Bedroom Townhouse,500000.0,2.0,1.0,1.0,,,
2 Bedroom Apartment,3500000.0,2.0,2.0,2.0,,,
4 Bedroom Apartment,1295000.0,4.0,2.0,4.0,,,
3 Bedroom Apartment,2500000.0,3.0,2.0,2.0,1215.0,Unit 16 29 Marine Road,
1 Bedroom Apartment,580000.0,1.0,1.0,1.0,,"1 Capital Hill Drive, Surrey Park, Bishopstowe, Pietermaritzburg",
3 Bedroom Townhouse,1050000.0,3.0,2.0,2.0,247.0,,
2 Bedroom Townhouse,985000.0,2.0,2.0,5.0,3279.0,,
3 Bedroom Apartment,4250000.0,3.0,2.0,2.0,,,
3.5 Bedroom Apartment,2300000.0,35.0,2.0,1.0,,,
2 Bedroom Apartment,750000.0,2.0,1.0,1.0,,,
1.5 Bedroom Apartment,650000.0,15.0,1.0,1.0,,,
9 Bedroom House,1699995.0,9.0,3.0,10.0,1505.0,,
2 Bedroom Townhouse,749000.0,2.0,15.0,1.0,108.0,,
2 Bedroom Townhouse,980000.0,2.0,1.0,2.0,5962.0,,
3 Bedroom House,1490000.0,3.0,15.0,6.0,1557.0,5 Hyacinth,
2 Bedroom Townhouse,480000.0,2.0,,1.0,24334.0,33 Elizabeth Avenue,
2 Bedroom Apartment,9770000.0,2.0,25.0,2.0,,,
3 Bedroom Apartment,1490000.0,3.0,15.0,4.0,,,
1 Bedroom House,1895000.0,1.0,1.0,1.0,1.0,,
4 Bedroom House,2950000.0,4.0,4.0,14.0,701.0,,
4 Bedroom House,1430000.0,4.0,2.0,3.0,1043.0,,
2 Bedroom Apartment,1950000.0,2.0,2.0,2.0,,181 Lambert Road,
2 Bedroom Apartment,2350000.0,2.0,2.0,2.0,,15 Nonoti Avenue,
3 Bedroom Apartment,980000.0,3.0,2.0,2.0,,,
2 Bedroom Townhouse,1250000.0,2.0,1.0,2.0,39276.0,,
4 Bedroom House,2995000.0,4.0,2.0,6.0,2480.0,,
2 Bedroom Apartment,750000.0,2.0,1.0,1.0,,,
1 Bedroom Apartment,2500000.0,1.0,1.0,1.0,,,
2 Bedroom House,290000.0,2.0,1.0,5.0,,,
2 Bedroom Townhouse,,2.0,1.0,3.0,,,
1 Bedroom Apartment,995000.0,1.0,1.0,1.0,,,
3 Bedroom Townhouse,1650000.0,3.0,35.0,3.0,,,
2 Bedroom Apartment,1020000.0,2.0,1.0,1.0,,,
3 Bedroom Townhouse,5035000.0,3.0,25.0,4.0,358.0,,
3 Bedroom Apartment,4495000.0,3.0,2.0,2.0,,C11 Sabuti,
3 Bedroom House,890000.0,3.0,25.0,1.0,572.0,,
2 Bedroom Apartment,750000.0,2.0,25.0,1.0,,87 Margaret Mncadi Avenue,
4 Bedroom House,3600000.0,4.0,3.0,4.0,1257.0,,
4 Bedroom House,5750000.0,4.0,3.0,8.0,5348.0,26 Anthony Drive,
4 Bedroom House,15000000.0,4.0,4.0,8.0,1640.0,"Dunkirk Estate, 39 Glades Drive",
3 Bedroom Townhouse,2698000.0,3.0,25.0,3.0,,,
7 Bedroom House,2399999.0,7.0,4.0,2.0,962.0,,
2 Bedroom Apartment,1680000.0,2.0,2.0,2.0,,,
4 Bedroom House,5750000.0,4.0,3.0,8.0,5348.0,26 Anthony Drive,
4 Bedroom House,2495000.0,4.0,2.0,3.0,1995.0,,
3 Bedroom House,550000.0,3.0,1.0,2.0,320.0,,
2.5 Bedroom Apartment,780000.0,25.0,15.0,,,,
2 Bedroom Townhouse,550000.0,2.0,2.0,1.0,,,
4 Bedroom House,14000000.0,4.0,4.0,2.0,1167.0,2 Leadwood Loop Street,
3 Bedroom House,3800000.0,3.0,2.0,2.0,,"140 Amber Ridge, 3 Karkloof Road",
4 Bedroom House,10895000.0,4.0,4.0,6.0,,,
4 Bedroom House,8995000.0,4.0,35.0,3.0,1244.0,,
3 Bedroom House,2499000.0,3.0,2.0,4.0,2000.0,"2 Ss El Campa, 11a Juno Place",
4 Bedroom House,4995000.0,4.0,35.0,2.0,7000.0,,
2 Bedroom Apartment,699000.0,2.0,1.0,2.0,,,
2 Bedroom Apartment,3100000.0,2.0,3.0,1.0,,,
3 Bedroom House,3450000.0,3.0,2.0,2.0,1377.0,,
2 Bedroom Apartment,1650000.0,2.0,2.0,3.0,,,
5 Bedroom House,13500000.0,5.0,45.0,12.0,12159.0,85 Everton Road,
5 Bedroom House,7000000.0,5.0,6.0,4.0,12.0,"Sani Rd, Pholelana",
3 Bedroom Townhouse,885000.0,3.0,25.0,2.0,9143.0,,
4 Bedroom House,14750000.0,4.0,35.0,5.0,1899.0,5 Olive Lane,
3 Bedroom Townhouse,2100000.0,3.0,2.0,3.0,2772.0,,
3 Bedroom House,1250000.0,3.0,3.0,6.0,1400.0,,
3 Bedroom Townhouse,2100000.0,3.0,2.0,3.0,2772.0,,
5 Bedroom House,2900000.0,5.0,3.0,6.0,3962.0,1376 Ilala Crescent,
3 Bedroom Townhouse,2650000.0,3.0,2.0,4.0,,,
2 Bedroom Townhouse,925000.0,2.0,1.0,2.0,22035.0,,
3 Bedroom Townhouse,1700000.0,3.0,25.0,2.0,,,
2 Bedroom Apartment,750000.0,2.0,1.0,1.0,,193 Alexandra Road,
3 Bedroom House,1685000.0,3.0,2.0,4.0,958.0,,
3 Bedroom Apartment,1530000.0,3.0,2.0,2.0,,,
4 Bedroom House,3350000.0,4.0,4.0,2.0,,,
2 Bedroom Apartment,699000.0,2.0,1.0,2.0,,"5 Tweni Gardens, 10 Tweni Close",
2 Bedroom Townhouse,690000.0,2.0,2.0,2.0,9714.0,,
7 Bedroom House,11000000.0,7.0,75.0,8.0,1119.0,,
3 Bedroom Apartment,1350000.0,3.0,15.0,3.0,,,
3 Bedroom Townhouse,2250000.0,3.0,25.0,2.0,6026.0,,
2 Bedroom Townhouse,690000.0,2.0,2.0,2.0,9714.0,,
3 Bedroom Apartment,2395000.0,3.0,2.0,1.0,,,
1 Bedroom Apartment,980000.0,1.0,1.0,1.0,,,
2 Bedroom Apartment,650000.0,2.0,1.0,2.0,,,
8 Bedroom House,10800000.0,8.0,75.0,12.0,1619.0,,
4 Bedroom House,2800000.0,4.0,2.0,2.0,1260.0,,
2 Bedroom Apartment,900000.0,2.0,2.0,2.0,,,
5 Bedroom House,2380000.0,5.0,3.0,4.0,1012.0,,
2 Bedroom Apartment,950000.0,2.0,1.0,1.0,,,
3 Bedroom House,5900000.0,3.0,2.0,7.0,1319.0,,
3 Bedroom House,550000.0,3.0,1.0,1.0,301.0,,
2 Bedroom Apartment,1499000.0,2.0,2.0,1.0,,,
3 Bedroom Apartment,1295000.0,3.0,1.0,2.0,,,
3 Bedroom Apartment,2495000.0,3.0,2.0,1.0,,,
2 Bedroom Townhouse,2250000.0,2.0,2.0,2.0,,,
3 Bedroom Apartment,1399000.0,3.0,15.0,1.0,,"14 Casa Uvongo, 6 Lilliecrona Boulevard",
1 Bedroom Apartment,730000.0,1.0,1.0,,,,
3 Bedroom House,1290000.0,3.0,1.0,2.0,465.0,,
3 Bedroom Apartment,990000.0,3.0,2.0,1.0,,"14 Ss Mont Blanc, 21 Forest Road",
1.5 Bedroom Apartment,999500.0,15.0,1.0,1.0,,,
2 Bedroom House,5400000.0,2.0,2.0,2.0,,3 Ocean On Main,
3 Bedroom Townhouse,750000.0,3.0,2.0,2.0,4094.0,"8 Seaverge Town Houses, 1042 Beach Avenue",
3 Bedroom House,5850000.0,3.0,2.0,2.0,,5 Ocean On Main,
7 Bedroom House,800000.0,7.0,2.0,,663.0,,
3 Bedroom House,3850000.0,3.0,2.0,5.0,754.0,,
3 Bedroom House,1550000.0,3.0,2.0,4.0,663.0,,
3 Bedroom House,1695000.0,3.0,15.0,4.0,714.0,,
3 Bedroom House,875000.0,3.0,1.0,4.0,350.0,,
5 Bedroom House,1950000.0,5.0,3.0,3.0,495.0,,
4 Bedroom House,1150000.0,4.0,25.0,3.0,1063.0,,
3 Bedroom Townhouse,750000.0,3.0,2.0,2.0,4094.0,"8 Seaverge Town Houses, 1042 Beach Avenue",
3 Bedroom Apartment,1199999.0,3.0,2.0,2.0,,"29 Mont Blanc, 21 Forest Street",
4 Bedroom Townhouse,6900000.0,4.0,35.0,2.0,13321.0,"18 Ss Luxe Zimbali, 2 Yellowwood Drive, 18 Luxe Zimbali",
1 Bedroom Apartment,395000.0,1.0,1.0,1.0,72.0,,
1 Bedroom Apartment,2850000.0,1.0,1.0,1.0,,"102 Ss Zimbali Hotel AND Resort, 5 Corkwood Drive, Unit 102 Zimbali Suites",
5 Bedroom House,1695000.0,5.0,5.0,7.0,1184.0,,
3 Bedroom Apartment,760000.0,3.0,1.0,1.0,,108 Premary Ridge,
1 Bedroom Apartment,2250000.0,1.0,1.0,1.0,,,
3 Bedroom House,2899000.0,3.0,15.0,1.0,,,
2 Bedroom Apartment,1950000.0,2.0,2.0,1.0,,,
2 Bedroom Townhouse,899000.0,2.0,1.0,2.0,,,
1 Bedroom Apartment,1250000.0,1.0,1.0,1.0,,22 Bellamont Road,
3 Bedroom House,8950000.0,3.0,2.0,4.0,580.0,,
2 Bedroom House,1250000.0,2.0,1.0,,811.0,211 Florida Road,
2 Bedroom Townhouse,1000000.0,2.0,15.0,2.0,,"3 Ss Fairbreeze, 61 5th Avenue",
3 Bedroom Townhouse,2700000.0,3.0,2.0,2.0,8447.0,,
3 Bedroom House,1395000.0,3.0,2.0,4.0,186.0,,
2 Bedroom Townhouse,735000.0,2.0,1.0,1.0,4046.0,,
1.5 Bedroom Apartment,660000.0,15.0,1.0,1.0,72.0,,
2 Bedroom Apartment,3700000.0,2.0,2.0,2.0,,,
3 Bedroom House,2250000.0,3.0,2.0,1.0,1097.0,,
3 Bedroom House,8950000.0,3.0,2.0,4.0,580.0,,
3 Bedroom House,1290000.0,3.0,1.0,,,,
2 Bedroom House,770000.0,2.0,1.0,,301.0,,
3 Bedroom House,980000.0,3.0,2.0,2.0,293.0,,
5 Bedroom House,1200000.0,5.0,2.0,2.0,465.0,,
2 Bedroom Apartment,895000.0,2.0,2.0,1.0,,,
1 Bedroom Apartment,950000.0,1.0,1.0,1.0,,,
3 Bedroom House,4200000.0,3.0,15.0,3.0,1199.0,,
4 Bedroom Apartment,6350000.0,4.0,3.0,2.0,,,
3 Bedroom House,1450000.0,3.0,15.0,2.0,,,
3 Bedroom House,1570000.0,3.0,2.0,4.0,2117.0,,
2 Bedroom Apartment,795000.0,2.0,1.0,1.0,1627.0,,
3 Bedroom Apartment,2750000.0,3.0,2.0,2.0,,,
3 Bedroom House,3450000.0,3.0,2.0,3.0,,"10 The Abrey, 120 Abrey Road",
3 Bedroom Apartment,4350000.0,3.0,2.0,1.0,,,
5 Bedroom House,2500000.0,5.0,3.0,3.0,1660.0,,
1 Bedroom Apartment,650000.0,1.0,1.0,1.0,,,
3 Bedroom Townhouse,1200000.0,3.0,2.0,4.0,,,
3 Bedroom House,1100000.0,3.0,2.0,2.0,,,
4 Bedroom House,1400000.0,4.0,2.0,4.0,904.0,,
2 Bedroom Apartment,950000.0,2.0,15.0,1.0,,,
2 Bedroom Apartment,795000.0,2.0,1.0,1.0,,,
4 Bedroom House,2350000.0,4.0,2.0,4.0,,518 Marine Drive,
4 Bedroom House,2350000.0,4.0,2.0,4.0,,518 Marine Drive,
1 Bedroom Apartment,530000.0,1.0,1.0,,,,
3 Bedroom Apartment,1945000.0,3.0,2.0,2.0,,,
1 Bedroom Apartment,780000.0,1.0,1.0,1.0,,,
2 Bedroom Apartment,999000.0,2.0,1.0,1.0,,,
3 Bedroom House,1595000.0,3.0,2.0,2.0,660.0,,
2 Bedroom Apartment,3500000.0,2.0,2.0,2.0,,,
1 Bedroom Apartment,1950000.0,1.0,1.0,1.0,,,
1.5 Bedroom Apartment,799000.0,15.0,15.0,1.0,,,
5 Bedroom House,1300000.0,5.0,4.0,13.0,1011.0,,
3 Bedroom House,575000.0,3.0,1.0,,208.0,,
3 Bedroom Apartment,780000.0,3.0,25.0,2.0,,,
2 Bedroom Apartment,999000.0,2.0,1.0,1.0,,,
3 Bedroom Apartment,1790000.0,3.0,2.0,2.0,,,
2 Bedroom Apartment,700000.0,2.0,1.0,1.0,,,
2 Bedroom Apartment,850000.0,2.0,1.0,2.0,,,
1 Bedroom House,1060000.0,1.0,1.0,,,,
1 Bedroom Apartment,695000.0,1.0,1.0,3.0,,,
3 Bedroom Apartment,1625000.0,3.0,2.0,1.0,,,
3 Bedroom Apartment,1899000.0,3.0,2.0,1.0,,"9 Kubu Bali, 2051 Marine Drive",
1 Bedroom Apartment,760000.0,1.0,1.0,2.0,62.0,39 Cato Road,
3 Bedroom Apartment,2340000.0,3.0,2.0,2.0,,,
6 Bedroom House,1300000.0,6.0,2.0,3.0,,19 Van Riebeeck Street,
3 Bedroom House,2735000.0,3.0,2.0,2.0,1000.0,7 Castor Road,
4 Bedroom House,1800000.0,4.0,2.0,4.0,1984.0,,
4 Bedroom House,9195000.0,4.0,4.0,4.0,539.0,,
3 Bedroom House,1890000.0,3.0,3.0,4.0,,,
3 Bedroom Apartment,1585000.0,3.0,1.0,2.0,,,
2 Bedroom Apartment,660000.0,2.0,15.0,1.0,,,
3 Bedroom House,780000.0,3.0,1.0,2.0,388.0,,
2 Bedroom House,1150000.0,2.0,1.0,,,,
Apartment,2380000.0,,,,75.0,181 Lambert Road,
4 Bedroom House,760000.0,4.0,1.0,2.0,429.0,,
4 Bedroom House,1650000.0,4.0,25.0,2.0,1191.0,,
4 Bedroom House,1620000.0,4.0,3.0,1.0,1900.0,,
1 Bedroom Apartment,950000.0,1.0,1.0,1.0,,,
3 Bedroom Apartment,1900000.0,3.0,2.0,2.0,,"302 Ss 242 On Vause, 242 Vause Road",
5 Bedroom House,,5.0,4.0,2.0,,,
2 Bedroom Townhouse,1450000.0,2.0,2.0,2.0,920.0,24 Venice Rd,
2 Bedroom Apartment,4800000.0,2.0,1.0,2.0,,"102 Ss Oyster Quays, 2b Lighthouse Street",
3 Bedroom House,1225000.0,3.0,2.0,2.0,1050.0,348 Llandudno Circle,
Apartment,300000.0,,1.0,,,,
3 Bedroom Apartment,1250000.0,3.0,2.0,2.0,,,
2 Bedroom House,985000.0,2.0,1.0,9.0,324.0,,
3 Bedroom House,1225000.0,3.0,2.0,2.0,1050.0,348 Llandudno Circle,
1.5 Bedroom Apartment,1375000.0,15.0,1.0,,,,
4 Bedroom House,1850000.0,4.0,2.0,5.0,759.0,,
2 Bedroom Apartment,750000.0,2.0,15.0,1.0,,"8 Ss Hennet Court, 328 Che Guevara Road",
3 Bedroom House,750000.0,3.0,1.0,1.0,924.0,,
5 Bedroom House,9500000.0,5.0,45.0,3.0,872.0,"1025 Cotswold Downs Estate, 93 Inanda Road",
House,,,,,464.0,,
4 Bedroom House,1445000.0,4.0,2.0,4.0,570.0,,
3 Bedroom Townhouse,680000.0,3.0,1.0,4.0,,,
3 Bedroom Townhouse,1850000.0,3.0,3.0,8.0,,,
1 Bedroom Apartment,950000.0,1.0,1.0,,,,
3.5 Bedroom House,,35.0,1.0,9.0,710.0,Seaview,
4 Bedroom Townhouse,2850000.0,4.0,3.0,1.0,200.0,"3 San Lameer, R61 Lower South Coast Road",
1 Bedroom Apartment,1030975.0,1.0,1.0,1.0,,,
5 Bedroom House,,5.0,4.0,6.0,2398.0,,
5 Bedroom House,2700000.0,5.0,3.0,4.0,542.0,77 Riley Road,
4 Bedroom House,5500000.0,4.0,3.0,2.0,,,
3 Bedroom House,1595000.0,3.0,2.0,2.0,944.0,,
1 Bedroom Apartment,950000.0,1.0,1.0,,,,
Apartment,460000.0,,,1.0,,41 Marine Drive,
3 Bedroom Apartment,2000000.0,3.0,2.0,,,20 Jimbaran,
3 Bedroom House,695000.0,3.0,2.0,2.0,250.0,,
4 Bedroom House,1500000.0,4.0,3.0,2.0,,,
1 Bedroom Apartment,1300000.0,1.0,1.0,1.0,,,
House,10680000.0,,,1.0,,,
3 Bedroom Apartment,550000.0,3.0,1.0,1.0,,,
4 Bedroom House,1500000.0,4.0,2.0,2.0,,,
3 Bedroom House,1850000.0,3.0,2.0,1.0,,,
3 Bedroom Townhouse,745000.0,3.0,25.0,1.0,,,
3 Bedroom House,800000.0,3.0,1.0,6.0,,,
2 Bedroom House,762000.0,2.0,1.0,4.0,325.0,,
2 Bedroom House,1050000.0,2.0,1.0,1.0,15188.0,,
4 Bedroom House,4550000.0,4.0,4.0,3.0,,,
3 Bedroom House,1300000.0,3.0,2.0,10.0,1490.0,,
3 Bedroom House,1275000.0,3.0,1.0,1.0,718.0,,
House,1350000.0,,,,372.0,,
3 Bedroom Apartment,4350000.0,3.0,2.0,3.0,,,
4 Bedroom House,8400000.0,4.0,3.0,1.0,2100.0,,
3 Bedroom Apartment,550000.0,3.0,1.0,1.0,,,
2 Bedroom House,3250000.0,2.0,2.0,2.0,1170.0,"Kings Road, Shelly Beach",
Apartment,525000.0,,,,1000.0,,
3 Bedroom Apartment,1100000.0,3.0,2.0,,93.0,,
2 Bedroom Apartment,1800000.0,2.0,2.0,1.0,,,
9 Bedroom House,3500000.0,9.0,5.0,5.0,2020.0,,
4 Bedroom House,3650000.0,4.0,2.0,4.0,1850.0,,
2 Bedroom Apartment,899000.0,2.0,15.0,1.0,,,
3 Bedroom Apartment,749000.0,3.0,1.0,1.0,,,
5 Bedroom House,2290000.0,5.0,3.0,4.0,885.0,,
1.5 Bedroom Apartment,950000.0,15.0,1.0,1.0,,,
2 Bedroom Apartment,725000.0,2.0,1.0,,,,
2 Bedroom Apartment,1450000.0,2.0,2.0,1.0,,,
1 Bedroom Apartment,1295000.0,1.0,1.0,1.0,,,
10 Bedroom House,3890000.0,10.0,4.0,,1251.0,,
3 Bedroom Apartment,2399000.0,3.0,2.0,2.0,,,
3 Bedroom Apartment,3850000.0,3.0,2.0,2.0,,,
Apartment,435000.0,,1.0,,,,
3 Bedroom Apartment,1595000.0,3.0,2.0,2.0,,,
2 Bedroom Apartment,899000.0,2.0,15.0,1.0,,,
3 Bedroom House,1950000.0,3.0,2.0,5.0,1620.0,,
3 Bedroom House,1870000.0,3.0,2.0,1.0,320.0,,
3 Bedroom Townhouse,885000.0,3.0,2.0,1.0,110735.0,,
3 Bedroom Townhouse,1199000.0,3.0,2.0,2.0,,,
2 Bedroom Apartment,620000.0,2.0,1.0,1.0,,,
House,150000.0,,,3.0,639.0,1399 Penn Valley Golf Estate,
1 Bedroom Townhouse,410000.0,1.0,1.0,1.0,259567.0,,
3 Bedroom House,2600000.0,3.0,2.0,3.0,888.0,,
3 Bedroom Townhouse,1380000.0,3.0,2.0,3.0,,,
3 Bedroom Townhouse,1095000.0,3.0,2.0,2.0,18113.0,,
3 Bedroom Apartment,6299000.0,3.0,3.0,2.0,,,
2 Bedroom Apartment,1695000.0,2.0,1.0,1.0,,,
2 Bedroom Apartment,1700000.0,2.0,2.0,1.0,,,
2 Bedroom Apartment,2500000.0,2.0,2.0,1.0,,,
3 Bedroom Apartment,895000.0,3.0,2.0,2.0,,,
2 Bedroom Apartment,650000.0,2.0,1.0,1.0,,,
2 Bedroom Apartment,756000.0,2.0,2.0,,,,
3 Bedroom Apartment,5544000.0,3.0,3.0,1.0,,,
3 Bedroom House,850000.0,3.0,2.0,,374.0,,
4 Bedroom House,6695000.0,4.0,4.0,6.0,1350.0,,
2 Bedroom Townhouse,850000.0,2.0,2.0,2.0,4159.0,,
2 Bedroom Apartment,1260000.0,2.0,15.0,,,,
2 Bedroom Apartment,1840000.0,2.0,2.0,1.0,,,
4 Bedroom House,12000000.0,4.0,55.0,4.0,1318.0,,
2 Bedroom House,600000.0,2.0,1.0,,390.0,,
1 Bedroom Apartment,550000.0,1.0,1.0,1.0,,,
3 Bedroom Townhouse,1380000.0,3.0,2.0,3.0,,,
3 Bedroom Townhouse,690000.0,3.0,1.0,2.0,7069.0,,
3 Bedroom Apartment,1200000.0,3.0,2.0,1.0,,,
3 Bedroom Apartment,980000.0,3.0,2.0,1.0,,,
11 Bedroom House,5500000.0,11.0,5.0,9.0,3312.0,,
3 Bedroom Apartment,1180000.0,3.0,2.0,1.0,,,
11 Bedroom House,5500000.0,11.0,5.0,9.0,3312.0,,
9 Bedroom House,3500000.0,9.0,7.0,7.0,4488.0,,
2 Bedroom Apartment,2550000.0,2.0,2.0,2.0,,,
1 Bedroom Apartment,970000.0,1.0,1.0,1.0,,,
1 Bedroom Apartment,3100000.0,1.0,1.0,,,,
3 Bedroom Townhouse,1635000.0,3.0,2.0,3.0,12380.0,,
2 Bedroom Apartment,850000.0,2.0,2.0,2.0,,,
3 Bedroom Apartment,1080000.0,3.0,2.0,2.0,,98 Duke Road,
3 Bedroom Townhouse,855000.0,3.0,2.0,2.0,3607.0,,
2 Bedroom Townhouse,845000.0,2.0,2.0,1.0,,,
3 Bedroom House,7950000.0,3.0,3.0,3.0,1385.0,,
1 Bedroom Apartment,699000.0,1.0,1.0,1.0,,,
2 Bedroom House,850000.0,2.0,1.0,1.0,,,
3 Bedroom Townhouse,1395000.0,3.0,2.0,1.0,,,
3 Bedroom Apartment,3795000.0,3.0,2.0,2.0,,,
3 Bedroom House,1395000.0,3.0,2.0,3.0,1495.0,,
2 Bedroom Apartment,1150000.0,2.0,1.0,1.0,,,
3 Bedroom House,870000.0,3.0,2.0,1.0,219.0,,
3 Bedroom House,1100000.0,3.0,1.0,1.0,939.0,,
6 Bedroom House,7500000.0,6.0,5.0,5.0,9970.0,,
4 Bedroom House,1300000.0,4.0,2.0,1.0,,,
2 Bedroom House,460000.0,2.0,1.0,1.0,325.0,,
1 Bedroom Apartment,950000.0,1.0,15.0,1.0,,,
2 Bedroom Apartment,1000000.0,2.0,2.0,,,,
4 Bedroom House,4800000.0,4.0,45.0,4.0,900.0,27 Broadway Street,
3 Bedroom Apartment,3950000.0,3.0,2.0,2.0,,,
3 Bedroom Townhouse,950000.0,3.0,1.0,2.0,,"7 Granton Mews Howick Road, Wembley",
11 Bedroom House,1900000.0,11.0,3.0,,888.0,,
3 Bedroom Townhouse,950000.0,3.0,2.0,1.0,2025.0,,
3 Bedroom Townhouse,4650000.0,3.0,3.0,3.0,,,
2 Bedroom Apartment,895000.0,2.0,15.0,1.0,,"15 Ss Vicbern Court, 306 Vause Road",
4 Bedroom House,1720000.0,4.0,2.0,4.0,1249.0,,
2 Bedroom Apartment,1750000.0,2.0,25.0,6.0,,,
3 Bedroom House,1100000.0,3.0,1.0,1.0,939.0,,
3 Bedroom Townhouse,4395000.0,3.0,2.0,2.0,1863.0,,
1 Bedroom Apartment,295000.0,1.0,1.0,1.0,,,
2 Bedroom House,1495000.0,2.0,1.0,4.0,,,
House,280000.0,,,,,,
3 Bedroom House,2995000.0,3.0,2.0,12.0,1357.0,,
3 Bedroom Townhouse,1200000.0,3.0,2.0,2.0,,,
3 Bedroom Apartment,1950000.0,3.0,2.0,2.0,,,
2 Bedroom House,550000.0,2.0,1.0,,240.0,,
5 Bedroom House,2395000.0,5.0,5.0,6.0,657.0,,
3 Bedroom Townhouse,1300000.0,3.0,2.0,3.0,,,
5 Bedroom House,1795000.0,5.0,2.0,,1668.0,,
2 Bedroom Apartment,650000.0,2.0,1.0,1.0,,,
3 Bedroom House,870000.0,3.0,2.0,1.0,841.0,,
3 Bedroom House,980000.0,3.0,3.0,7.0,650.0,,
3 Bedroom House,1699000.0,3.0,2.0,6.0,1001.0,,
4 Bedroom House,1250000.0,4.0,3.0,3.0,248.0,,
3 Bedroom Apartment,1800000.0,3.0,2.0,2.0,,,
13 Bedroom House,,13.0,3.0,,888.0,,
3 Bedroom House,1899000.0,3.0,2.0,3.0,2023.0,,
4 Bedroom House,1900000.0,4.0,2.0,5.0,1323.0,,
2 Bedroom Apartment,650000.0,2.0,1.0,1.0,,,
2 Bedroom Townhouse,400000.0,2.0,1.0,,46212.0,,
2 Bedroom House,700000.0,2.0,15.0,4.0,,,
3 Bedroom House,1495000.0,3.0,2.0,2.0,1417.0,,
2 Bedroom Townhouse,500000.0,2.0,2.0,1.0,,,
7 Bedroom House,3990000.0,7.0,4.0,9.0,2248.0,82 Erica Drive,
3 Bedroom Apartment,3295000.0,3.0,2.0,2.0,,,
2 Bedroom Townhouse,995000.0,2.0,1.0,1.0,91.0,,
3 Bedroom House,1623714.0,3.0,2.0,1.0,263.0,,
3 Bedroom Apartment,3200000.0,3.0,2.0,2.0,,,
3 Bedroom Townhouse,1085000.0,3.0,1.0,1.0,157.0,,
3 Bedroom Townhouse,1230000.0,3.0,2.0,3.0,2025.0,,
2 Bedroom Apartment,860000.0,2.0,1.0,2.0,,,
2 Bedroom Townhouse,1600000.0,2.0,2.0,1.0,,12 Umkombi Drive,
3 Bedroom Apartment,1045000.0,3.0,1.0,1.0,,71 Clarence Road,
3 Bedroom Townhouse,899000.0,3.0,1.0,,66.0,,
2 Bedroom Apartment,1999000.0,2.0,2.0,1.0,,,
2 Bedroom Apartment,1000000.0,2.0,1.0,1.0,,,
1 Bedroom Apartment,850000.0,1.0,1.0,1.0,,,
3 Bedroom Apartment,3295000.0,3.0,2.0,2.0,,,
3 Bedroom House,1995000.0,3.0,2.0,4.0,1391.0,,
3 Bedroom House,3250000.0,3.0,2.0,2.0,300.0,,
2 Bedroom House,1095940.0,2.0,2.0,1.0,220.0,,
3 Bedroom Townhouse,795000.0,3.0,2.0,,107.0,"22 Ss Faerie Glen, 9 Canterbury Drive",
2 Bedroom Apartment,3750000.0,2.0,2.0,2.0,,,
3 Bedroom House,500000.0,3.0,1.0,1.0,300.0,,
1 Bedroom Apartment,499000.0,1.0,1.0,1.0,,,
5 Bedroom House,3200000.0,5.0,4.0,4.0,4335.0,,
5 Bedroom House,2800000.0,5.0,3.0,2.0,1050.0,,
1 Bedroom Apartment,3416000.0,1.0,1.0,1.0,,,
2 Bedroom House,1180000.0,2.0,1.0,,255.0,,
2 Bedroom Apartment,850000.0,2.0,1.0,,,,
Townhouse,2850000.0,,,,,,
1 Bedroom Apartment,895000.0,1.0,1.0,,,,
3 Bedroom Townhouse,2799000.0,3.0,2.0,2.0,,10 Summit Drive,
1 Bedroom Apartment,3416000.0,1.0,1.0,1.0,,,
3 Bedroom House,540000.0,3.0,1.0,1.0,900.0,,
2 Bedroom House,995000.0,2.0,1.0,2.0,667.0,,
4 Bedroom House,695000.0,4.0,3.0,3.0,,168 Orient Drive,
3 Bedroom House,660000.0,3.0,2.0,6.0,,,
3 Bedroom House,1000000.0,3.0,1.0,1.0,,,
3 Bedroom House,945000.0,3.0,2.0,1.0,,,
2 Bedroom Apartment,650000.0,2.0,15.0,,,,
2 Bedroom Apartment,1650000.0,2.0,15.0,,,,
4 Bedroom Apartment,3900000.0,4.0,3.0,2.0,,,
2 Bedroom Apartment,1250000.0,2.0,2.0,1.0,,,
3 Bedroom House,1350000.0,3.0,2.0,2.0,5728.0,,
3 Bedroom Apartment,3500000.0,3.0,25.0,2.0,,,
4 Bedroom House,1250000.0,4.0,2.0,1.0,1028.0,,
3 Bedroom House,1850000.0,3.0,2.0,,833.0,,
3 Bedroom Apartment,1650000.0,3.0,1.0,2.0,91.0,,
2 Bedroom Apartment,1200000.0,2.0,15.0,1.0,,"10 Ss Seesonnet, 902 Link Road",
3 Bedroom Townhouse,1750000.0,3.0,2.0,2.0,,"9 Shiraz, 9 Peach Place",
3 Bedroom House,1695000.0,3.0,2.0,5.0,1112.0,,
4 Bedroom House,1250000.0,4.0,2.0,1.0,1028.0,,
3 Bedroom House,1650000.0,3.0,1.0,1.0,1709.0,,
3 Bedroom Townhouse,2550000.0,3.0,2.0,2.0,,,
3 Bedroom House,1450000.0,3.0,2.0,2.0,1119.0,,
4 Bedroom House,16500000.0,4.0,4.0,6.0,1467.0,P228 Sheffield Beach Road,
2 Bedroom Apartment,3950000.0,2.0,25.0,2.0,,1 Ncondo Place,
2 Bedroom Apartment,799000.0,2.0,1.0,1.0,101.0,"12 Ss Domeca Village, 148 Josiah Gumede Road",
3 Bedroom House,1999000.0,3.0,2.0,8.0,929.0,24 Burne Road,
3 Bedroom House,700000.0,3.0,3.0,3.0,348.0,,
18 Bedroom House,3650000.0,18.0,7.0,12.0,1000.0,,
4 Bedroom House,2700000.0,4.0,3.0,2.0,1066.0,,
1 Bedroom Apartment,850000.0,1.0,1.0,1.0,,,
3 Bedroom House,2495000.0,3.0,3.0,13.0,,,
3 Bedroom Apartment,1750000.0,3.0,2.0,1.0,,29 Marine Drive,
4 Bedroom House,5500000.0,4.0,3.0,4.0,1110.0,4 High Street,
3 Bedroom Townhouse,1150000.0,3.0,25.0,2.0,10008.0,"Unit 6 White Cliffs, 45 Bohmer Rd",
4 Bedroom House,9500000.0,4.0,4.0,2.0,1015.0,4 Fairford Hill,
4 Bedroom House,1420000.0,4.0,2.0,4.0,1119.0,,
5 Bedroom Townhouse,2450000.0,5.0,3.0,4.0,357.0,,
4 Bedroom Townhouse,6495000.0,4.0,3.0,6.0,,,
4 Bedroom House,6295000.0,4.0,4.0,6.0,1001.0,,
2 Bedroom House,1495000.0,2.0,2.0,4.0,524.0,,
2 Bedroom Apartment,895000.0,2.0,2.0,2.0,,,
4 Bedroom House,4300000.0,4.0,3.0,2.0,524.0,,
1 Bedroom Apartment,595000.0,1.0,1.0,1.0,,"Agulhas, 3 Topham Road",
3 Bedroom House,4350000.0,3.0,2.0,2.0,4916.0,39 Meadow Lane,
3 Bedroom House,16000000.0,3.0,35.0,3.0,19000.0,,
2 Bedroom Apartment,1325000.0,2.0,2.0,1.0,,,
2 Bedroom Apartment,930000.0,2.0,1.0,1.0,,,
2 Bedroom Apartment,930000.0,2.0,1.0,1.0,,,
3 Bedroom Townhouse,820000.0,3.0,2.0,2.0,13608.0,,
4 Bedroom House,5800000.0,4.0,4.0,4.0,5989.0,"2 Ss Ilanga Villas, 87 Yellowwood Drive, Unit 2 Ilanga Villas",
3 Bedroom House,1380000.0,3.0,2.0,2.0,1144.0,1068 Dolphin Drive,
3 Bedroom Apartment,2599000.0,3.0,2.0,2.0,,,
3 Bedroom Apartment,1470000.0,3.0,2.0,1.0,,,
2 Bedroom Apartment,1034317.0,2.0,2.0,1.0,,,
4 Bedroom House,7500000.0,4.0,4.0,4.0,688.0,,
12 Bedroom House,3950000.0,12.0,8.0,6.0,,,
2 Bedroom Apartment,2795000.0,2.0,2.0,3.0,,,
2 Bedroom Apartment,1875000.0,2.0,2.0,1.0,,,
4 Bedroom House,2150000.0,4.0,3.0,2.0,1049.0,,
2 Bedroom Apartment,730000.0,2.0,2.0,1.0,,,
3 Bedroom House,930000.0,3.0,1.0,2.0,1005.0,11 Strathcone Place,
1 Bedroom Apartment,1000000.0,1.0,1.0,,,,
4 Bedroom House,4750000.0,4.0,4.0,10.0,9483.0,,
6 Bedroom House,6950000.0,6.0,6.0,7.0,711.0,,
4 Bedroom House,2200000.0,4.0,3.0,3.0,1533.0,,
3 Bedroom House,1950000.0,3.0,2.0,6.0,1991.0,,
2 Bedroom Apartment,650000.0,2.0,1.0,1.0,,,
3 Bedroom Townhouse,5695000.0,3.0,3.0,4.0,,,
1.5 Bedroom Apartment,430000.0,15.0,1.0,1.0,,,
4 Bedroom Apartment,4600000.0,4.0,4.0,6.0,,,
3 Bedroom House,2150000.0,3.0,2.0,4.0,1215.0,,
3 Bedroom Apartment,1200000.0,3.0,2.0,1.0,4043.0,,
4 Bedroom Apartment,4600000.0,4.0,4.0,6.0,,,
5 Bedroom House,2900000.0,5.0,3.0,6.0,3937.0,,
5 Bedroom House,2295000.0,5.0,25.0,13.0,1482.0,,
2 Bedroom Apartment,650000.0,2.0,1.0,2.0,,,
1 Bedroom Apartment,499999.0,1.0,1.0,2.0,,,
4 Bedroom Townhouse,3999000.0,4.0,45.0,2.0,,"3 Dunrobin Gardens, Ferncliffe",
3 Bedroom House,750000.0,3.0,1.0,2.0,800.0,,
1 Bedroom Apartment,295000.0,1.0,1.0,,,,
4 Bedroom House,2650000.0,4.0,2.0,2.0,1858.0,,
3 Bedroom Apartment,1195000.0,3.0,2.0,1.0,,115 Marine Drive,
4 Bedroom House,2100000.0,4.0,2.0,4.0,941.0,,
3 Bedroom Townhouse,1320000.0,3.0,3.0,2.0,3535.0,,
3 Bedroom Townhouse,1250000.0,3.0,2.0,3.0,43756.0,"95 Cherry Lane, 129 Loon Road",
3 Bedroom House,2795000.0,3.0,2.0,6.0,966.0,,
2 Bedroom Apartment,820000.0,2.0,1.0,2.0,,,
3 Bedroom House,5199995.0,3.0,25.0,10.0,2146.0,,
3 Bedroom House,1245000.0,3.0,2.0,1.0,450.0,,
2 Bedroom Townhouse,1775000.0,2.0,2.0,3.0,,,
5 Bedroom House,16999999.0,5.0,6.0,12.0,1538.0,15 Paaray Close,
3 Bedroom Townhouse,3450000.0,3.0,35.0,4.0,3500.0,13 Compensation Beach,
4 Bedroom House,2100000.0,4.0,2.0,4.0,941.0,,
4 Bedroom House,17500000.0,4.0,4.0,8.0,1454.0,,
1 Bedroom Apartment,1000000.0,1.0,1.0,,,20 Erskine Terrace,
3 Bedroom Apartment,1295000.0,3.0,3.0,2.0,,,
3 Bedroom House,895000.0,3.0,1.0,4.0,280.0,,
3 Bedroom House,2200000.0,3.0,2.0,5.0,991.0,,
3 Bedroom Apartment,1699000.0,3.0,2.0,2.0,18651.0,,
3 Bedroom Apartment,4399000.0,3.0,2.0,3.0,,,
3 Bedroom Apartment,3900000.0,3.0,2.0,3.0,,,
3 Bedroom House,750000.0,3.0,2.0,1.0,600.0,18 Poppy Street,
2 Bedroom Townhouse,850000.0,2.0,1.0,1.0,,"5 Ss Castle Carey, 34 Alcock Crescent",
3 Bedroom Apartment,915000.0,3.0,1.0,1.0,,,
3 Bedroom Apartment,2785000.0,3.0,2.0,2.0,,"74 Jacana Simbithi, 74 Jacana Drive",
2 Bedroom Townhouse,550000.0,2.0,2.0,1.0,32852.0,,
6 Bedroom House,1295000.0,6.0,3.0,1.0,306.0,,
3 Bedroom House,840000.0,3.0,2.0,2.0,401.0,,
2 Bedroom Apartment,850000.0,2.0,1.0,1.0,,,
2 Bedroom Apartment,1195000.0,2.0,15.0,1.0,,,
3 Bedroom House,750000.0,3.0,2.0,1.0,600.0,18 Poppy Street,
1 Bedroom Apartment,450000.0,1.0,1.0,,,,
3 Bedroom House,2200000.0,3.0,2.0,3.0,939.0,,
2 Bedroom House,580000.0,2.0,1.0,2.0,,,
1 Bedroom Apartment,1650000.0,1.0,1.0,1.0,,,
3 Bedroom House,679000.0,3.0,1.0,10.0,450.0,,
3 Bedroom Townhouse,1595000.0,3.0,2.0,3.0,,,
2 Bedroom Townhouse,920000.0,2.0,2.0,2.0,,25 Botanic Avenue,
3 Bedroom Apartment,4500000.0,3.0,3.0,2.0,,,
3 Bedroom House,1450000.0,3.0,2.0,4.0,707.0,,
2 Bedroom Apartment,800000.0,2.0,1.0,2.0,,,
3 Bedroom House,1390000.0,3.0,2.0,1.0,2213.0,,
5 Bedroom House,13990000.0,5.0,5.0,2.0,1345.0,,
3 Bedroom Apartment,1900000.0,3.0,2.0,3.0,,,
3 Bedroom Townhouse,1350000.0,3.0,15.0,1.0,9847.0,,
3 Bedroom Townhouse,1995000.0,3.0,3.0,4.0,,,
3 Bedroom Townhouse,1240000.0,3.0,2.0,3.0,,,
3 Bedroom Apartment,2750000.0,3.0,2.0,1.0,,,
2 Bedroom House,550000.0,2.0,1.0,,220.0,,
4 Bedroom House,18500000.0,4.0,55.0,7.0,1374.0,53 Intaba Terrace,
3 Bedroom House,960000.0,3.0,25.0,4.0,1119.0,,
4 Bedroom House,18500000.0,4.0,55.0,7.0,1374.0,53 Intaba Terrace,
5 Bedroom House,2795000.0,5.0,2.0,8.0,1251.0,,
3 Bedroom House,900000.0,3.0,2.0,3.0,,,
2 Bedroom Apartment,750000.0,2.0,1.0,1.0,,,
2 Bedroom Apartment,3199000.0,2.0,2.0,1.0,,,
3 Bedroom Apartment,1495000.0,3.0,2.0,2.0,,,
3 Bedroom Apartment,7350000.0,3.0,4.0,3.0,,"4 Plantations, 67 Tinderwood Close",
1 Bedroom Apartment,450000.0,1.0,1.0,1.0,,,
2 Bedroom Apartment,660000.0,2.0,1.0,1.0,,,
3 Bedroom House,4950000.0,3.0,35.0,6.0,673.0,"109 Westbrook Beach Club, 109 Flatcrown Circle",
3 Bedroom Townhouse,810000.0,3.0,2.0,1.0,185000.0,,
1.5 Bedroom Apartment,1250000.0,15.0,15.0,1.0,,,
1 Bedroom Apartment,495000.0,1.0,1.0,1.0,,,
3 Bedroom Townhouse,1350000.0,3.0,2.0,2.0,12361.0,,
3 Bedroom Apartment,3100000.0,3.0,3.0,2.0,,,
3 Bedroom House,890000.0,3.0,1.0,3.0,331.0,,
3 Bedroom House,3295000.0,3.0,2.0,2.0,300.0,,
2 Bedroom Apartment,750000.0,2.0,1.0,2.0,,,
3 Bedroom Townhouse,1350000.0,3.0,2.0,2.0,12361.0,,
3 Bedroom Townhouse,1399000.0,3.0,2.0,3.0,,,
3 Bedroom House,1450000.0,3.0,1.0,1.0,2529.0,,
3 Bedroom House,1500000.0,3.0,2.0,12.0,,42484 Mngadi Road,
4 Bedroom House,1250000.0,4.0,3.0,2.0,203.0,,
1 Bedroom Apartment,1650000.0,1.0,1.0,1.0,,,
4 Bedroom Townhouse,9790000.0,4.0,4.0,4.0,,,
3 Bedroom Apartment,1495000.0,3.0,25.0,3.0,,,
1.5 Bedroom Apartment,950000.0,15.0,15.0,,,,
2 Bedroom Apartment,1420000.0,2.0,2.0,,,,
2 Bedroom Apartment,1595000.0,2.0,2.0,2.0,,,
8 Bedroom House,3950000.0,8.0,6.0,6.0,744.0,,
2 Bedroom Apartment,2795000.0,2.0,2.0,2.0,,,
2 Bedroom Apartment,1899900.0,2.0,1.0,1.0,,,
3 Bedroom Townhouse,4200000.0,3.0,2.0,2.0,41.0,,
2 Bedroom Apartment,550000.0,2.0,1.0,1.0,,,
2 Bedroom Apartment,550000.0,2.0,1.0,1.0,,,
3 Bedroom Apartment,2100000.0,3.0,2.0,2.0,,,
4 Bedroom Townhouse,1300000.0,4.0,2.0,3.0,102674.0,,
2 Bedroom Apartment,1550000.0,2.0,2.0,2.0,,,
2 Bedroom Apartment,695000.0,2.0,15.0,1.0,,,
2 Bedroom Townhouse,550000.0,2.0,1.0,1.0,32853.0,,
0.5 Bedroom Apartment,410000.0,5.0,1.0,,,,
2 Bedroom Apartment,972000.0,2.0,2.0,1.0,,,
3 Bedroom Apartment,5695000.0,3.0,3.0,2.0,,,
2 Bedroom Apartment,699000.0,2.0,2.0,,,,
4 Bedroom House,7475000.0,4.0,4.0,2.0,739.0,,
3 Bedroom House,1350000.0,3.0,25.0,1.0,929.0,,
3 Bedroom House,4700000.0,3.0,2.0,3.0,951.0,,
3 Bedroom Apartment,1650000.0,3.0,25.0,1.0,,,
3 Bedroom Townhouse,7350000.0,3.0,3.0,2.0,6675.0,,
3 Bedroom Apartment,865000.0,3.0,1.0,,,,
1 Bedroom Apartment,325000.0,1.0,1.0,,,,
2 Bedroom Apartment,995000.0,2.0,1.0,1.0,,,
4 Bedroom House,3495000.0,4.0,2.0,2.0,1591.0,,
2 Bedroom Apartment,6600000.0,2.0,2.0,2.0,,,
3 Bedroom Apartment,1550000.0,3.0,1.0,1.0,,,
2 Bedroom Apartment,2900000.0,2.0,2.0,2.0,,,
3 Bedroom Townhouse,1275000.0,3.0,2.0,2.0,,,
6 Bedroom Apartment,1450000.0,6.0,2.0,3.0,,,
2 Bedroom Townhouse,705000.0,2.0,1.0,2.0,1898.0,,
4 Bedroom House,9495000.0,4.0,45.0,4.0,6188.0,,
3 Bedroom Townhouse,3750000.0,3.0,2.0,3.0,5401.0,,
3 Bedroom Apartment,620000.0,3.0,2.0,1.0,,,
2 Bedroom Apartment,3495000.0,2.0,25.0,2.0,,,
3 Bedroom Townhouse,4250000.0,3.0,2.0,4.0,,,
2 Bedroom Apartment,3300000.0,2.0,2.0,2.0,,,
3 Bedroom Apartment,1670000.0,3.0,15.0,2.0,,,
1 Bedroom Apartment,740000.0,1.0,1.0,1.0,,,
2 Bedroom Apartment,989000.0,2.0,1.0,1.0,,,
2 Bedroom Apartment,989000.0,2.0,1.0,1.0,,,
3 Bedroom Apartment,2700000.0,3.0,2.0,2.0,,,
2 Bedroom Apartment,700000.0,2.0,2.0,1.0,,,
2 Bedroom Apartment,1050000.0,2.0,1.0,1.0,,66 Musgrave Road,
3 Bedroom Apartment,2799000.0,3.0,2.0,2.0,,,
2 Bedroom Apartment,1250000.0,2.0,1.0,1.0,,,
3 Bedroom Apartment,2799000.0,3.0,2.0,2.0,,,
2 Bedroom Apartment,1295000.0,2.0,1.0,1.0,,,
1 Bedroom Apartment,790000.0,1.0,1.0,1.0,,,
2 Bedroom Apartment,1250000.0,2.0,1.0,1.0,,,
5 Bedroom House,15400000.0,5.0,55.0,3.0,1586.0,,
2 Bedroom Apartment,590000.0,2.0,1.0,,,,
3 Bedroom Apartment,2650000.0,3.0,2.0,2.0,,,
2 Bedroom Apartment,1200000.0,2.0,2.0,2.0,,,
2 Bedroom Townhouse,3650000.0,2.0,2.0,2.0,,,
1 Bedroom Apartment,1250000.0,1.0,1.0,1.0,,,
3 Bedroom House,350000.0,3.0,3.0,2.0,,,
1.5 Bedroom Apartment,1499999.0,15.0,1.0,,,,
3 Bedroom Apartment,980000.0,3.0,2.0,2.0,,,
3 Bedroom Apartment,800000.0,3.0,2.0,1.0,,,
2 Bedroom Apartment,1421000.0,2.0,2.0,1.0,,,
2 Bedroom Apartment,1695000.0,2.0,2.0,1.0,,,
2 Bedroom House,1500000.0,2.0,2.0,2.0,2589.0,,
5 Bedroom House,15995000.0,5.0,5.0,7.0,1259.0,89 Forest Drive,
4 Bedroom House,4975000.0,4.0,35.0,4.0,,13 Hillside Avenue,
3 Bedroom Townhouse,1750000.0,3.0,4.0,3.0,9975.0,,
3 Bedroom House,2680000.0,3.0,2.0,4.0,5349.0,,
8 Bedroom House,1000000.0,8.0,4.0,3.0,1039.0,7 Robben Road,
2 Bedroom Apartment,3900000.0,2.0,2.0,2.0,,,
2 Bedroom Apartment,850000.0,2.0,2.0,1.0,,"2 Ithaca, 3654 Marine Drive",
3 Bedroom Apartment,850000.0,3.0,2.0,2.0,,"25 Ss Villa Valencia, 73 Scott Street",
3 Bedroom Apartment,1695000.0,3.0,2.0,2.0,,,
6 Bedroom House,8350000.0,6.0,45.0,3.0,3978.0,,
2 Bedroom Apartment,1700000.0,2.0,2.0,2.0,,,
2 Bedroom Townhouse,770000.0,2.0,2.0,2.0,260538.0,,
4 Bedroom Townhouse,2399000.0,4.0,3.0,2.0,,45 Flora Street,
3 Bedroom House,990000.0,3.0,2.0,3.0,250.0,98 Challen Avenue,
4 Bedroom Apartment,1695000.0,4.0,2.0,2.0,,,
3 Bedroom Apartment,7300000.0,3.0,3.0,4.0,,,
4 Bedroom House,2200000.0,4.0,2.0,5.0,1063.0,,
3 Bedroom Townhouse,1699000.0,3.0,2.0,3.0,4167.0,,
3 Bedroom House,2680000.0,3.0,2.0,4.0,5349.0,,
4 Bedroom Townhouse,5350000.0,4.0,3.0,8.0,1272.0,,
1 Bedroom Apartment,,1.0,1.0,,,264 Musgrave Road,
3 Bedroom Townhouse,1450000.0,3.0,2.0,3.0,12319.0,"8 Ss Cranbrooke Mews, 262 Shad Avenue",
3 Bedroom Townhouse,1980000.0,3.0,2.0,2.0,4786.0,,
3 Bedroom House,1675000.0,3.0,1.0,4.0,1118.0,,
3 Bedroom House,1675000.0,3.0,2.0,2.0,1805.0,19 Dennis Circle,
2 Bedroom House,795000.0,2.0,1.0,10.0,,,
4 Bedroom House,2350000.0,4.0,3.0,8.0,909.0,,
2 Bedroom Apartment,1100000.0,2.0,1.0,1.0,,69 Meridian Dr,
4 Bedroom House,1500000.0,4.0,4.0,2.0,464.0,,
2 Bedroom House,890000.0,2.0,1.0,4.0,450.0,,
3 Bedroom Apartment,950000.0,3.0,,1.0,,,
3 Bedroom House,2550000.0,3.0,3.0,4.0,1572.0,,
3 Bedroom House,1380000.0,3.0,2.0,6.0,2606.0,132 Hill Drive,
5 Bedroom House,1450000.0,5.0,4.0,4.0,609.0,,
3 Bedroom Apartment,1100000.0,3.0,2.0,2.0,,29 Marine Drive,
4 Bedroom Apartment,3900000.0,4.0,3.0,3.0,,,
2 Bedroom House,795000.0,2.0,1.0,3.0,129.0,,
2 Bedroom House,750000.0,2.0,2.0,2.0,115.0,,
3 Bedroom Apartment,7800000.0,3.0,3.0,2.0,,,
1 Bedroom Apartment,795000.0,1.0,1.0,1.0,,,
4 Bedroom Apartment,3900000.0,4.0,3.0,3.0,,,
4 Bedroom House,7800000.0,4.0,4.0,4.0,695.0,,
3 Bedroom House,1650000.0,3.0,2.0,2.0,,422 Esther Roberts Road,
3 Bedroom Apartment,1739000.0,3.0,3.0,1.0,,,
2 Bedroom Apartment,995000.0,2.0,2.0,1.0,,,
5 Bedroom House,11990000.0,5.0,5.0,2.0,1257.0,,
2 Bedroom Apartment,995000.0,2.0,2.0,1.0,,,
3 Bedroom House,1150000.0,3.0,1.0,3.0,951.0,,
2 Bedroom Apartment,2000000.0,2.0,2.0,1.0,,,
3 Bedroom House,1360000.0,3.0,25.0,2.0,689.0,,
4 Bedroom Apartment,4795000.0,4.0,2.0,2.0,,,
2 Bedroom Townhouse,870000.0,2.0,2.0,1.0,,,
1 Bedroom Apartment,1900000.0,1.0,1.0,2.0,,,
3 Bedroom Townhouse,690000.0,3.0,3.0,4.0,200.0,,
2 Bedroom Apartment,3400000.0,2.0,2.0,2.0,,,
2 Bedroom Townhouse,650000.0,2.0,1.0,2.0,259567.0,,
3 Bedroom House,1700000.0,3.0,3.0,5.0,1676.0,,
3 Bedroom House,2750000.0,3.0,2.0,3.0,6140.0,103 Enfield Drive,
3 Bedroom Apartment,970000.0,3.0,2.0,1.0,,,
3 Bedroom House,1730000.0,3.0,2.0,4.0,,,
3 Bedroom House,1900000.0,3.0,2.0,2.0,1264.0,,
2 Bedroom House,1575000.0,2.0,2.0,2.0,1000.0,,
2 Bedroom Apartment,3113478.0,2.0,2.0,2.0,,,
3 Bedroom Apartment,1550000.0,3.0,2.0,1.0,,,
2 Bedroom Apartment,1190000.0,2.0,1.0,2.0,,,
1 Bedroom Apartment,920000.0,1.0,1.0,1.0,,,
1.5 Bedroom Apartment,900000.0,15.0,1.0,1.0,,,
3 Bedroom Townhouse,1800000.0,3.0,2.0,2.0,,,
3 Bedroom House,1495000.0,3.0,2.0,2.0,929.0,,
3 Bedroom House,780000.0,3.0,3.0,4.0,692.0,,
2 Bedroom Apartment,675000.0,2.0,1.0,1.0,,,
4 Bedroom House,890000.0,4.0,2.0,2.0,4043.0,,
3 Bedroom Townhouse,4400000.0,3.0,2.0,3.0,,,
Apartment,795000.0,,,,,,
1 Bedroom Apartment,595000.0,1.0,1.0,1.0,,,
3 Bedroom Apartment,3150000.0,3.0,2.0,2.0,,,
4 Bedroom Apartment,2900000.0,4.0,2.0,1.0,6958.0,,
7 Bedroom House,,7.0,3.0,3.0,,,
3 Bedroom Townhouse,4650000.0,3.0,3.0,3.0,,,
2 Bedroom Apartment,750000.0,2.0,1.0,1.0,,,
4 Bedroom Apartment,2900000.0,4.0,2.0,1.0,6958.0,,
4 Bedroom House,1500000.0,4.0,2.0,2.0,,,
3 Bedroom House,1199000.0,3.0,2.0,3.0,1111.0,,
2 Bedroom Townhouse,570000.0,2.0,1.0,1.0,,76 Marine Drive,
2 Bedroom Apartment,3690000.0,2.0,2.0,4.0,,,
4 Bedroom Apartment,1250000.0,4.0,2.0,6.0,,,
3 Bedroom Townhouse,1350000.0,3.0,1.0,1.0,,,
3 Bedroom House,700000.0,3.0,1.0,3.0,,,
2 Bedroom House,3650000.0,2.0,2.0,1.0,463.0,,
1 Bedroom Apartment,1560000.0,1.0,1.0,1.0,,,
2 Bedroom Apartment,1400000.0,2.0,2.0,2.0,,,
2 Bedroom House,750000.0,2.0,1.0,4.0,1445.0,,
3 Bedroom Townhouse,1075000.0,3.0,25.0,2.0,,,
1 Bedroom Apartment,1300000.0,1.0,1.0,1.0,,,
6 Bedroom House,1790000.0,6.0,2.0,1.0,1113.0,,
3 Bedroom Apartment,1395000.0,3.0,2.0,2.0,,,
2 Bedroom Apartment,1250000.0,2.0,1.0,1.0,,,
3 Bedroom Townhouse,1350000.0,3.0,1.0,1.0,,,
8 Bedroom House,,8.0,9.0,14.0,3083.0,,
2 Bedroom Apartment,1150000.0,2.0,1.0,2.0,,,
4 Bedroom Townhouse,7200000.0,4.0,3.0,4.0,10803.0,,
2 Bedroom Apartment,750000.0,2.0,1.0,2.0,,12 Dassiedal Bend,
2 Bedroom Apartment,1150000.0,2.0,1.0,1.0,,,
3 Bedroom House,2000000.0,3.0,2.0,3.0,1301.0,,
2 Bedroom Apartment,800000.0,2.0,2.0,1.0,,,
Apartment,525000.0,,1.0,,,,
3 Bedroom Apartment,1395000.0,3.0,2.0,2.0,,,
3 Bedroom Apartment,3700000.0,3.0,2.0,2.0,,,
3 Bedroom Townhouse,4490000.0,3.0,35.0,6.0,202.0,,
House,650000.0,,,5.0,1138.0,,
2 Bedroom Townhouse,1345000.0,2.0,1.0,2.0,115.0,,
1.5 Bedroom Apartment,950000.0,15.0,1.0,2.0,,,
3 Bedroom Townhouse,645000.0,3.0,1.0,2.0,,,
2 Bedroom Apartment,863000.0,2.0,2.0,1.0,,,
Apartment,525000.0,,1.0,,,,
4 Bedroom House,2395000.0,4.0,2.0,5.0,1052.0,,
1.5 Bedroom Apartment,800000.0,15.0,1.0,,,,
2 Bedroom Apartment,3495000.0,2.0,2.0,2.0,,,
1 Bedroom Apartment,599000.0,1.0,1.0,2.0,,,
1 Bedroom Apartment,1200000.0,1.0,1.0,1.0,,,
3 Bedroom House,1450000.0,3.0,2.0,3.0,,,
2 Bedroom Apartment,4600000.0,2.0,2.0,1.0,,,
2 Bedroom Apartment,1150000.0,2.0,2.0,2.0,,,
2 Bedroom Apartment,1199000.0,2.0,1.0,2.0,,,
4 Bedroom Apartment,1850000.0,4.0,2.0,2.0,,,
2.5 Bedroom Apartment,1050000.0,25.0,15.0,1.0,,,
2.5 Bedroom Apartment,1495000.0,25.0,1.0,2.0,,,
2 Bedroom Apartment,850000.0,2.0,1.0,1.0,,,
2 Bedroom House,500000.0,2.0,1.0,1.0,323.0,120 Jupiter Drive,
5 Bedroom House,4495000.0,5.0,5.0,7.0,1181.0,,
3 Bedroom House,2950000.0,3.0,4.0,2.0,2125.0,,
2 Bedroom Apartment,3400000.0,2.0,1.0,1.0,,,
3 Bedroom House,2895000.0,3.0,2.0,3.0,425.0,20 Leighorne Place,
3 Bedroom Apartment,1250000.0,3.0,2.0,3.0,67.0,,
3 Bedroom House,1400000.0,3.0,1.0,3.0,316.0,,
6 Bedroom House,2800000.0,6.0,7.0,9.0,2797.0,,
1 Bedroom Apartment,1900000.0,1.0,1.0,2.0,,4 Heleza Boulevard,
4 Bedroom House,1350000.0,4.0,2.0,3.0,1317.0,,
4 Bedroom House,11999000.0,4.0,4.0,6.0,,,
3 Bedroom Townhouse,3950000.0,3.0,2.0,2.0,,,
3 Bedroom House,900000.0,3.0,2.0,2.0,305.0,,
3 Bedroom Apartment,720000.0,3.0,1.0,1.0,,,
3 Bedroom House,2950000.0,3.0,4.0,2.0,2125.0,,
4 Bedroom House,1050000.0,4.0,2.0,2.0,975.0,,
4 Bedroom House,1679000.0,4.0,45.0,4.0,1363.0,,
2 Bedroom Apartment,2300000.0,2.0,1.0,1.0,,,
3 Bedroom Apartment,950000.0,3.0,2.0,1.0,,,
3 Bedroom Townhouse,2060000.0,3.0,2.0,4.0,1471.0,,
4 Bedroom Apartment,5500000.0,4.0,4.0,2.0,,,
2 Bedroom Apartment,3500000.0,2.0,2.0,1.0,,,
2 Bedroom Apartment,1480000.0,2.0,15.0,10.0,896.0,,
1 Bedroom Apartment,680000.0,1.0,1.0,1.0,,,
7 Bedroom House,2500000.0,7.0,5.0,3.0,,,
3 Bedroom Townhouse,1450000.0,3.0,2.0,3.0,4623.0,,
2 Bedroom Apartment,1699000.0,2.0,2.0,2.0,,,
1 Bedroom Apartment,350000.0,1.0,1.0,,,,
4 Bedroom House,2782000.0,4.0,3.0,3.0,7145.0,14 Novar Street,
4 Bedroom Apartment,5500000.0,4.0,4.0,2.0,,,
3 Bedroom Apartment,1450000.0,3.0,2.0,1.0,,86 Lilliecrona Boulevard,
3 Bedroom Apartment,1050000.0,3.0,2.0,1.0,,,
3 Bedroom Apartment,820000.0,3.0,2.0,2.0,,,
2 Bedroom Apartment,4400000.0,2.0,2.0,1.0,,,
3 Bedroom House,1150000.0,3.0,2.0,2.0,945.0,,
5 Bedroom House,11500000.0,5.0,4.0,2.0,1257.0,,
4 Bedroom House,4395000.0,4.0,35.0,4.0,,,
3 Bedroom House,1195000.0,3.0,2.0,6.0,1983.0,,
4 Bedroom Townhouse,1999000.0,4.0,2.0,,1375.0,,
3 Bedroom House,1953000.0,3.0,2.0,2.0,2023.0,,
2 Bedroom Apartment,860000.0,2.0,2.0,,,,
4 Bedroom House,850000.0,4.0,2.0,2.0,353.0,,
2.5 Bedroom Townhouse,1495000.0,25.0,2.0,3.0,2220.0,,
2 Bedroom Apartment,750000.0,2.0,15.0,1.0,,,
3 Bedroom Apartment,1340000.0,3.0,2.0,2.0,,105 Marine Drive,
2 Bedroom House,1100000.0,2.0,2.0,,1577.0,10 Fair Way,
5 Bedroom House,2650000.0,5.0,4.0,12.0,1322.0,27 Radhakrishna Drive,
4 Bedroom Apartment,1595000.0,4.0,2.0,4.0,,2 Wartski Drive,
3 Bedroom Townhouse,3650000.0,3.0,2.0,3.0,,"23 The Woods, 23 The Woods",
3 Bedroom House,2900000.0,3.0,2.0,2.0,759.0,,
3 Bedroom House,2900000.0,3.0,2.0,2.0,758.0,,
4 Bedroom House,1695000.0,4.0,3.0,,2511.0,7 Annette Avenue,
4 Bedroom Townhouse,7950000.0,4.0,4.0,4.0,9049.0,"6 Ss Zimbali Hills 1, 127 Waterwood Drive, Unit 6 Zimbali Hills",
4 Bedroom Townhouse,8950000.0,4.0,4.0,1.0,,,
3 Bedroom Apartment,3200000.0,3.0,2.0,2.0,,,
3 Bedroom Townhouse,8950000.0,3.0,35.0,2.0,6198.0,"26 Ss Oceans Edge, 15-17 Leadwood Loop, Unit 26 Oceans Edge",
1 Bedroom Apartment,385000.0,1.0,1.0,,,48 Diakonia Ave,
2 Bedroom Apartment,780000.0,2.0,1.0,2.0,,,
4 Bedroom House,850000.0,4.0,2.0,2.0,353.0,,
4 Bedroom House,1550000.0,4.0,25.0,6.0,975.0,,
2 Bedroom Apartment,1285000.0,2.0,2.0,2.0,,,
Apartment,400000.0,,1.0,,,,
3 Bedroom House,3995000.0,3.0,35.0,4.0,1048.0,,
2 Bedroom Apartment,1000000.0,2.0,1.0,2.0,,,
5 Bedroom House,1800000.0,5.0,3.0,6.0,479.0,,
3 Bedroom Townhouse,2395000.0,3.0,2.0,3.0,9635.0,"13 Ss Sagewood Mews, 47 Sagewood Way",
3 Bedroom Apartment,1290000.0,3.0,15.0,3.0,,,
2 Bedroom Apartment,3080000.0,2.0,2.0,2.0,,,
4 Bedroom Apartment,4745000.0,4.0,25.0,2.0,,,
3 Bedroom House,849000.0,3.0,2.0,2.0,,,
5 Bedroom House,4975000.0,5.0,3.0,8.0,668.0,167 Venice Road,
1 Bedroom Apartment,380000.0,1.0,1.0,1.0,,"7 Laager Centre, 88 Church Street",
3 Bedroom Townhouse,2650000.0,3.0,2.0,2.0,2564.0,,
2 Bedroom Apartment,1000000.0,2.0,1.0,2.0,,,
3 Bedroom House,1350000.0,3.0,1.0,2.0,1558.0,,
3 Bedroom House,1279000.0,3.0,2.0,4.0,1903.0,24 Dan Pienaar Road,
4 Bedroom House,2650000.0,4.0,5.0,9.0,,,
3 Bedroom Apartment,2250000.0,3.0,3.0,1.0,,,
2 Bedroom Apartment,760000.0,2.0,1.0,1.0,,,
4 Bedroom Townhouse,5800000.0,4.0,45.0,2.0,7439.0,105 Yellowwood Drive,
2 Bedroom Apartment,5200000.0,2.0,2.0,1.0,,"502 The Pearls, 6 Lagoon Drive",
3 Bedroom Townhouse,970000.0,3.0,2.0,1.0,3279.0,,
3 Bedroom Apartment,759000.0,3.0,2.0,2.0,,"11 Ss Bloomlea, 86 Fenniscowles Road",
4 Bedroom House,695000.0,4.0,2.0,,286.0,,
4 Bedroom House,1350000.0,4.0,35.0,4.0,1304.0,,
4 Bedroom House,1350000.0,4.0,35.0,4.0,1304.0,,
2 Bedroom Apartment,900000.0,2.0,1.0,2.0,,,
1 Bedroom Apartment,950000.0,1.0,1.0,1.0,,,
14 Bedroom House,10800000.0,14.0,14.0,1.0,2040.0,,
2 Bedroom House,3500000.0,2.0,2.0,3.0,2067.0,869 Marine Drive,
4 Bedroom Townhouse,2200000.0,4.0,35.0,3.0,4042.0,,
2 Bedroom Apartment,969000.0,2.0,2.0,2.0,,,
3 Bedroom Apartment,2580000.0,3.0,2.0,1.0,,,
2 Bedroom Apartment,1419600.0,2.0,1.0,1.0,,,
3 Bedroom Townhouse,1470000.0,3.0,2.0,2.0,,,
2 Bedroom Apartment,2395000.0,2.0,1.0,3.0,,"7 Ss Palma Nova, 79 Lagoon Drive",
2 Bedroom Apartment,1895000.0,2.0,2.0,1.0,,,
3 Bedroom Townhouse,1545000.0,3.0,2.0,1.0,128.0,,
2 Bedroom Apartment,750000.0,2.0,1.0,1.0,,"Grand Birches, 142 Entabeni Road",
4 Bedroom Townhouse,7200000.0,4.0,5.0,3.0,,"5 Ilala Views - Section No. 48, (the Bahia Club),, 15 Ilala Drive",
1 Bedroom Apartment,550000.0,1.0,1.0,1.0,,C/o Cordiner & Marine Terrace,
2 Bedroom Apartment,2050000.0,2.0,,2.0,73.0,,
3 Bedroom Townhouse,2399000.0,3.0,25.0,10.0,3858.0,,
1 Bedroom Apartment,520000.0,1.0,1.0,1.0,,39 South Beach Avenue,
2 Bedroom House,700000.0,2.0,1.0,2.0,,"38 Ss Anchors Aweigh, 705 Ashford Road",
3 Bedroom Apartment,900000.0,3.0,2.0,1.0,,"703 Carillon, 22 Prince Street",
2 Bedroom House,1695000.0,2.0,2.0,,,,
3 Bedroom House,650000.0,3.0,1.0,2.0,360.0,,
4 Bedroom Townhouse,9950000.0,4.0,4.0,2.0,,,
2 Bedroom Apartment,1600000.0,2.0,2.0,2.0,,,
3 Bedroom Townhouse,1000000.0,3.0,2.0,3.0,14349.0,,
2 Bedroom Apartment,695000.0,2.0,15.0,1.0,,,
3 Bedroom Townhouse,695000.0,3.0,3.0,3.0,80.0,"67 Ss Koelwaters, 167 Kolgans Road",
4 Bedroom House,1700000.0,4.0,2.0,4.0,1908.0,,
4 Bedroom House,950000.0,4.0,2.0,6.0,948.0,,
3 Bedroom Townhouse,695000.0,3.0,3.0,3.0,80.0,"67 Ss Koelwaters, 167 Kolgans Road",
3 Bedroom House,1550000.0,3.0,1.0,2.0,483.0,66 Glenwood Drive,
3 Bedroom Apartment,1650000.0,3.0,2.0,3.0,,59 Marine Drive,
2 Bedroom Apartment,3375000.0,2.0,2.0,1.0,,"207 Ernie Els Suites, 500 Zimbali Lakes Resort",
3 Bedroom Townhouse,1315000.0,3.0,2.0,1.0,,,
4 Bedroom House,4250000.0,4.0,25.0,2.0,1024.0,16 Miller Grove,
1 Bedroom Apartment,1640000.0,1.0,1.0,1.0,,"3 Musgrave Towers, 115 Musgrave Road",
3 Bedroom Apartment,6995000.0,3.0,2.0,4.0,,"26 Luxe, 26 Zimbali",
2 Bedroom Apartment,3150000.0,2.0,2.0,4.0,,,
Apartment,425000.0,,1.0,,,,
3 Bedroom House,1250000.0,3.0,2.0,3.0,240.0,,
2.5 Bedroom Apartment,695000.0,25.0,1.0,1.0,,,
3 Bedroom House,700000.0,3.0,2.0,1.0,,,
6 Bedroom House,1850000.0,6.0,4.0,3.0,2463.0,,
1 Bedroom Apartment,1150000.0,1.0,1.0,1.0,,,
1 Bedroom Apartment,1150000.0,1.0,1.0,1.0,,,
3 Bedroom House,3400000.0,3.0,2.0,2.0,1658.0,,
2 Bedroom Apartment,1250000.0,2.0,1.0,,,,
2.5 Bedroom Apartment,650000.0,25.0,1.0,,,,
3 Bedroom House,1150000.0,3.0,2.0,6.0,1050.0,,
2 Bedroom Townhouse,690000.0,2.0,2.0,1.0,20257.0,,
3 Bedroom Apartment,,3.0,3.0,,,30 Erskine Terrace,
2 Bedroom Townhouse,690000.0,2.0,2.0,1.0,20257.0,,
6 Bedroom Apartment,8500000.0,6.0,5.0,3.0,,,
3 Bedroom Apartment,1500000.0,3.0,2.0,2.0,,,
3 Bedroom House,5200000.0,3.0,2.0,10.0,1257.0,,
3 Bedroom Apartment,10500000.0,3.0,3.0,2.0,,,
3 Bedroom House,900000.0,3.0,2.0,,336.0,,
3 Bedroom House,1950000.0,3.0,3.0,3.0,1084.0,,
0.5 Bedroom Apartment,1650000.0,5.0,1.0,2.0,,"H10 Ocean Club, 1 Ocean Club Drive",
3 Bedroom House,350000.0,3.0,2.0,1.0,,,
3 Bedroom Townhouse,4500000.0,3.0,2.0,1.0,,"4 Ferox, P474 Sheffield Beach Road",
3 Bedroom Townhouse,1199000.0,3.0,2.0,3.0,2797.0,Windsor Place 19 Windsor Avenue,
4 Bedroom Apartment,5499000.0,4.0,3.0,3.0,,"502 Colonial Sands, 23 Lagoon Road",
5 Bedroom House,495000.0,5.0,3.0,,272.0,,
4 Bedroom House,870000.0,4.0,2.0,1.0,1143.0,,
1 Bedroom Apartment,710000.0,1.0,1.0,1.0,,6 Lagoon Road,
3 Bedroom Apartment,1820000.0,3.0,2.0,2.0,,"7 Aqua Surf, 1821 Queen Street",
1 Bedroom Apartment,400000.0,1.0,1.0,1.0,,,
3 Bedroom Townhouse,1065000.0,3.0,2.0,2.0,9801.0,,
2 Bedroom Townhouse,5750000.0,2.0,2.0,2.0,,,
2 Bedroom Apartment,2660000.0,2.0,2.0,2.0,,74 Elaleni,
2 Bedroom Apartment,3000000.0,2.0,2.0,1.0,,32 Sheffield,
2 Bedroom Townhouse,930000.0,2.0,1.0,1.0,126.0,25 Gemsbok Avenue,
2 Bedroom Apartment,550000.0,2.0,1.0,1.0,,Krizann 9 Hibiscus Avenue,
3 Bedroom Townhouse,1065000.0,3.0,2.0,2.0,9801.0,,
2 Bedroom Townhouse,900000.0,2.0,2.0,,,,
1 Bedroom Apartment,1400000.0,1.0,1.0,1.0,,"32 Manor Estates, 44 Old Main Road",
3 Bedroom House,5500000.0,3.0,25.0,2.0,500.0,,
0.5 Bedroom Apartment,1500000.0,5.0,1.0,2.0,,"219 Ss Zimbali Boulevard Suites, 1 Albizia Drive, Unit 219 Boulevard Suites",
3 Bedroom Apartment,850000.0,3.0,15.0,3.0,,"Shelly Sands, 1118 Smuts Street",
2 Bedroom Apartment,470000.0,2.0,1.0,2.0,,,
3 Bedroom House,1690000.0,3.0,2.0,2.0,2023.0,,
1 Bedroom Apartment,1295000.0,1.0,1.0,1.0,,22 East Row,
3 Bedroom Apartment,1499000.0,3.0,15.0,2.0,,"8 Somerset, 530 Currie Road",
5 Bedroom House,,5.0,4.0,3.0,1431.0,15 South Ridge Road,
4 Bedroom House,3950000.0,4.0,35.0,6.0,4373.0,,
6 Bedroom House,2990000.0,6.0,5.0,1.0,1459.0,19 Kinsey Drive,
2 Bedroom House,1595000.0,2.0,2.0,2.0,2746.0,117 Cotswold Fenns,
4 Bedroom Apartment,1150000.0,4.0,2.0,3.0,,,
5 Bedroom House,3295000.0,5.0,3.0,2.0,630.0,,
2 Bedroom Apartment,1350000.0,2.0,2.0,2.0,,,
3 Bedroom Townhouse,995000.0,3.0,3.0,4.0,,,
5 Bedroom House,13950000.0,5.0,7.0,2.0,2550.0,,
2 Bedroom Townhouse,1895000.0,2.0,15.0,3.0,,,
4 Bedroom House,2150000.0,4.0,2.0,2.0,2023.0,,
3 Bedroom House,1450000.0,3.0,2.0,4.0,676.0,,
6 Bedroom House,13800000.0,6.0,6.0,9.0,1329.0,13 Yellowwood,
4 Bedroom House,2695000.0,4.0,1.0,9.0,2025.0,84 Manors Road,
3 Bedroom Apartment,1499000.0,3.0,15.0,2.0,,"8 Somerset, 530 Currie Road",
3 Bedroom House,1350000.0,3.0,2.0,2.0,781067.0,,
3 Bedroom Apartment,2490000.0,3.0,2.0,2.0,,"2 Hills Avenue, Ballito",
1 Bedroom Apartment,1200000.0,1.0,1.0,1.0,,,
3 Bedroom Apartment,2000000.0,3.0,2.0,1.0,,,
2 Bedroom Apartment,595000.0,2.0,2.0,1.0,,,
1 Bedroom Apartment,900000.0,1.0,1.0,1.0,64.0,,
3 Bedroom House,890000.0,3.0,3.0,3.0,153.0,,
3 Bedroom Townhouse,1450000.0,3.0,2.0,2.0,7090.0,,
7 Bedroom House,16000000.0,7.0,6.0,6.0,2687.0,,
5 Bedroom House,,5.0,4.0,2.0,3600.0,,
2 Bedroom Apartment,675000.0,2.0,1.0,1.0,,,
6 Bedroom House,3700000.0,6.0,65.0,3.0,677.0,,
1 Bedroom Apartment,599000.0,1.0,1.0,1.0,,,
4 Bedroom House,1250000.0,4.0,3.0,,696.0,32 Veerappa Road,
4 Bedroom House,1650000.0,4.0,2.0,1.0,1180.0,,
11 Bedroom House,2500000.0,11.0,6.0,6.0,557.0,,
1 Bedroom Apartment,599000.0,1.0,1.0,1.0,,,
3 Bedroom Townhouse,3000000.0,3.0,2.0,4.0,,,
1 Bedroom Apartment,795000.0,1.0,1.0,2.0,,,
4 Bedroom Townhouse,,4.0,4.0,1.0,,7 Barrier Drive,
1 Bedroom Apartment,535000.0,1.0,1.0,2.0,,,
3 Bedroom House,1150000.0,3.0,15.0,7.0,270.0,,
4 Bedroom House,4990000.0,4.0,4.0,4.0,1154.0,,
5 Bedroom House,2295000.0,5.0,25.0,9.0,79145.0,,
3 Bedroom House,1425000.0,3.0,15.0,2.0,930.0,,
2 Bedroom Apartment,900000.0,2.0,1.0,,,,
3 Bedroom House,2300000.0,3.0,2.0,9.0,5107.0,,
2 Bedroom Apartment,995000.0,2.0,2.0,2.0,,,
2 Bedroom Apartment,1799000.0,2.0,2.0,,,,
1.5 Bedroom Apartment,660000.0,15.0,1.0,1.0,,,
4 Bedroom Apartment,1800000.0,4.0,2.0,1.0,,,
1 Bedroom Apartment,1250000.0,1.0,1.0,1.0,,,
4 Bedroom House,2600000.0,4.0,3.0,3.0,44000.0,,
5 Bedroom House,2295000.0,5.0,25.0,9.0,79145.0,,
1 Bedroom House,,1.0,1.0,2.0,,Nr 11 Of Golden Land Estate - Catalina Road,
10 Bedroom House,2700000.0,10.0,9.0,6.0,1641.0,,
4 Bedroom House,2545000.0,4.0,3.0,7.0,1500.0,,
1 Bedroom Apartment,1950000.0,1.0,1.0,,,,
3 Bedroom Apartment,3190000.0,3.0,2.0,2.0,,,
5 Bedroom House,1250000.0,5.0,3.0,3.0,1224.0,39 Kingfish Road,
3 Bedroom Apartment,3250000.0,3.0,3.0,2.0,,,
2 Bedroom Apartment,1049000.0,2.0,2.0,2.0,,,
2 Bedroom Apartment,655000.0,2.0,1.0,,,,
3 Bedroom House,2500000.0,3.0,2.0,4.0,1072.0,,
3 Bedroom Apartment,3795000.0,3.0,2.0,1.0,,"111 Ss Longbeach, 6 Marine Drive",
3 Bedroom Apartment,1375000.0,3.0,2.0,2.0,,,
2 Bedroom Apartment,860000.0,2.0,25.0,1.0,,"3 Ss Ocean Gardens, 522 Bidstone Road",
1 Bedroom Apartment,695000.0,1.0,1.0,1.0,70.0,,
4 Bedroom House,4500000.0,4.0,4.0,2.0,522.0,25 Lake Anie,
3 Bedroom House,1595000.0,3.0,4.0,9.0,957.0,9 Dahlia Rd,
4 Bedroom House,4500000.0,4.0,4.0,2.0,522.0,25 Lake Anie,
2 Bedroom Apartment,790000.0,2.0,1.0,1.0,,,
2 Bedroom Apartment,650000.0,2.0,15.0,1.0,,,
2.5 Bedroom Townhouse,1750000.0,25.0,2.0,2.0,,,
2 Bedroom Apartment,3000000.0,2.0,2.0,2.0,,2 Heheza Boulevard,
3 Bedroom House,1895000.0,3.0,2.0,5.0,2988.0,,
3 Bedroom House,2900000.0,3.0,2.0,10.0,2671.0,,
3 Bedroom Apartment,1475000.0,3.0,2.0,3.0,,,
2 Bedroom Apartment,2000000.0,2.0,2.0,1.0,,,
4 Bedroom House,1095000.0,4.0,2.0,3.0,1092.0,,
2 Bedroom Apartment,850000.0,2.0,1.0,1.0,,,
3 Bedroom Townhouse,1650000.0,3.0,2.0,2.0,89896.0,,
4 Bedroom House,1450000.0,4.0,3.0,5.0,636.0,,
3 Bedroom House,3025000.0,3.0,2.0,2.0,5260.0,21 Ashton Road,
1 Bedroom Apartment,679000.0,1.0,15.0,1.0,,,
5 Bedroom House,3700000.0,5.0,4.0,8.0,3807.0,,
2 Bedroom Apartment,2995000.0,2.0,2.0,1.0,,,
5 Bedroom House,9200000.0,5.0,5.0,3.0,,,
3 Bedroom House,800000.0,3.0,2.0,6.0,,,
4 Bedroom House,3200000.0,4.0,2.0,1.0,1151.0,,
1 Bedroom Apartment,280000.0,1.0,1.0,,,,
3 Bedroom House,2950000.0,3.0,4.0,4.0,2125.0,,
1 Bedroom Apartment,490000.0,1.0,1.0,1.0,,,
2 Bedroom Apartment,10000000.0,2.0,2.0,2.0,,,
5 Bedroom House,1670000.0,5.0,2.0,7.0,954.0,,
1 Bedroom Apartment,475000.0,1.0,1.0,,,,
3 Bedroom House,4500000.0,3.0,2.0,4.0,,,
2 Bedroom House,2365000.0,2.0,2.0,2.0,400.0,,
14 Bedroom House,5300000.0,14.0,3.0,4.0,2666.0,,
6 Bedroom House,1650000.0,6.0,6.0,15.0,1130.0,,
3 Bedroom House,1060000.0,3.0,2.0,3.0,,"30 Old Mill Estate, 11 Sugar House, Zsm",
3 Bedroom House,800000.0,3.0,2.0,6.0,,,
3 Bedroom House,,3.0,35.0,4.0,1222.0,,
3 Bedroom House,1900000.0,3.0,2.0,4.0,2545.0,,
3 Bedroom House,1100000.0,3.0,3.0,2.0,1328.0,,
3 Bedroom Apartment,1715000.0,3.0,2.0,1.0,,,
2 Bedroom Apartment,599000.0,2.0,15.0,2.0,78.0,,
2 Bedroom Apartment,640000.0,2.0,2.0,1.0,,"1801 Ss Kingsford, 87 Victoria Embankment Avenue",
3 Bedroom Townhouse,2800000.0,3.0,2.0,4.0,,,
3 Bedroom Apartment,1500000.0,3.0,1.0,1.0,,,
2 Bedroom Apartment,799000.0,2.0,1.0,1.0,,,
1.5 Bedroom Apartment,990000.0,15.0,1.0,1.0,,,
4 Bedroom Townhouse,3650000.0,4.0,3.0,2.0,,,
3 Bedroom House,5150000.0,3.0,35.0,3.0,910.0,,
5 Bedroom House,1650000.0,5.0,2.0,4.0,,105 Balhambra Way,
2 Bedroom House,875000.0,2.0,3.0,3.0,151.0,,
4 Bedroom House,4250000.0,4.0,35.0,4.0,984.0,,
3 Bedroom Apartment,8500000.0,3.0,35.0,4.0,,,
5 Bedroom House,,5.0,3.0,1.0,1079.0,,
4 Bedroom Apartment,2480000.0,4.0,2.0,2.0,,,
5 Bedroom House,1650000.0,5.0,2.0,4.0,,105 Balhambra Way,
3 Bedroom House,750000.0,3.0,1.0,2.0,372.0,,
1 Bedroom Apartment,650000.0,1.0,1.0,1.0,,,
3 Bedroom Apartment,702000.0,3.0,25.0,1.0,,,
2 Bedroom Apartment,1599000.0,2.0,2.0,2.0,,,
3 Bedroom House,600000.0,3.0,2.0,1.0,,,
2 Bedroom Townhouse,950000.0,2.0,2.0,1.0,46262.0,,
3 Bedroom Apartment,2900000.0,3.0,2.0,2.0,,,
13 Bedroom Apartment,3795000.0,13.0,10.0,,,,
117 Bedroom Apartment,35000000.0,117.0,49.0,,932.0,,
1 Bedroom Apartment,1000000.0,1.0,1.0,2.0,,,
3 Bedroom Townhouse,1050000.0,3.0,2.0,1.0,3722.0,,
3 Bedroom Townhouse,5200000.0,3.0,35.0,1.0,207.0,,
2 Bedroom Apartment,550000.0,2.0,1.0,1.0,,,
4 Bedroom House,13100000.0,4.0,45.0,6.0,37000.0,,
2 Bedroom Apartment,1100000.0,2.0,1.0,1.0,,,
5 Bedroom House,8500000.0,5.0,35.0,8.0,1482.0,,
3 Bedroom House,1113750.0,3.0,2.0,,1994.0,12 Middleton Road,
117 Bedroom Apartment,35000000.0,117.0,49.0,,932.0,,
4 Bedroom House,4999000.0,4.0,4.0,2.0,,,
2 Bedroom Apartment,795000.0,2.0,1.0,1.0,,,
2 Bedroom Apartment,2350000.0,2.0,2.0,2.0,,,
2 Bedroom Apartment,680000.0,2.0,1.0,1.0,,"10np Villa Grace, 4np Mill Road",
3 Bedroom Apartment,990000.0,3.0,,1.0,,,
4 Bedroom Apartment,1970000.0,4.0,2.0,2.0,,,
3 Bedroom Townhouse,2990000.0,3.0,2.0,2.0,,,
3 Bedroom Apartment,950000.0,3.0,2.0,1.0,82.0,,
3 Bedroom House,1630000.0,3.0,2.0,1.0,901.0,,
3 Bedroom House,980000.0,3.0,1.0,2.0,734.0,,
4 Bedroom House,4200000.0,4.0,25.0,4.0,1152.0,,
2 Bedroom Townhouse,1245000.0,2.0,25.0,2.0,7808.0,548 Marine Drive,
3 Bedroom House,1270000.0,3.0,3.0,4.0,660.0,,
3 Bedroom Apartment,2990000.0,3.0,2.0,3.0,,251 Peter Mokaba Ridge Road,
0.5 Bedroom Apartment,1450000.0,5.0,1.0,2.0,,,
4 Bedroom House,1330000.0,4.0,3.0,,406.0,,
3 Bedroom Apartment,1340000.0,3.0,2.0,1.0,,,
3 Bedroom House,1395000.0,3.0,2.0,2.0,918.0,,
3 Bedroom House,2150000.0,3.0,2.0,1.0,,,
2 Bedroom Apartment,1090000.0,2.0,1.0,2.0,,,
4 Bedroom House,1900000.0,4.0,2.0,3.0,538.0,,
3 Bedroom House,2150000.0,3.0,2.0,1.0,,,
2 Bedroom Apartment,2495000.0,2.0,2.0,,,45 North Beach Road,
1 Bedroom Apartment,810000.0,1.0,1.0,1.0,,37 Zenith Drive,
1 Bedroom Apartment,750000.0,1.0,1.0,1.0,,"2 Ss Gleneryhoff, 10 Springfield Crescent",
3 Bedroom House,1850000.0,3.0,2.0,3.0,1832.0,,
3 Bedroom Apartment,850000.0,3.0,1.0,1.0,,,
3 Bedroom House,5999000.0,3.0,25.0,2.0,493.0,59 Plantations,
3 Bedroom Apartment,1090000.0,3.0,2.0,2.0,,"2 Ss Chesapeake Bay, 143 Marine Drive",
1 Bedroom Apartment,2795000.0,1.0,1.0,1.0,,5 Corkwood Drive,
3 Bedroom Apartment,5295000.0,3.0,2.0,,,,
3 Bedroom House,2010000.0,3.0,2.0,4.0,968.0,,
3 Bedroom House,3150000.0,3.0,3.0,4.0,3600.0,R22 Sodwana Road,
3 Bedroom Apartment,4200000.0,3.0,2.0,1.0,,,
3 Bedroom House,1350000.0,3.0,2.0,5.0,1000.0,,
4 Bedroom House,2300000.0,4.0,2.0,1.0,1039.0,,
4 Bedroom House,3795000.0,4.0,3.0,2.0,572.0,2 Summit Road,
4 Bedroom Apartment,1850000.0,4.0,2.0,2.0,,12 Middleton Road,
1 Bedroom Apartment,1495000.0,1.0,1.0,1.0,,,
2 Bedroom Townhouse,895000.0,2.0,1.0,,,,
1 Bedroom Apartment,1650000.0,1.0,1.0,1.0,,,
5 Bedroom House,3495000.0,5.0,4.0,7.0,2179.0,,
4 Bedroom Apartment,5900000.0,4.0,3.0,2.0,,"12 Ss Luxe Zimbali, 2 Yellowwood Drive, 12 Luxe Zimbali",
3 Bedroom Townhouse,1950000.0,3.0,2.0,4.0,776.0,,
2 Bedroom Apartment,845000.0,2.0,1.0,1.0,,,
2 Bedroom Apartment,1090000.0,2.0,2.0,1.0,,,
4 Bedroom House,1390000.0,4.0,15.0,4.0,649.0,,
3 Bedroom Townhouse,3895000.0,3.0,25.0,2.0,450.0,1 Zululami Boulevard,
2 Bedroom Townhouse,1195000.0,2.0,2.0,2.0,,,
3 Bedroom Townhouse,1950000.0,3.0,2.0,4.0,776.0,,
6 Bedroom House,1400000.0,6.0,45.0,1.0,669.0,,
1 Bedroom Apartment,1650000.0,1.0,1.0,1.0,58.0,,
3 Bedroom House,665000.0,3.0,1.0,2.0,,,
3 Bedroom House,380000.0,3.0,2.0,,,,
3 Bedroom House,350000.0,3.0,1.0,,850.0,,
1 Bedroom Apartment,350000.0,1.0,1.0,,,,
4 Bedroom House,660000.0,4.0,2.0,2.0,,,
12 Bedroom House,9500000.0,12.0,8.0,,,,
4 Bedroom House,450000.0,4.0,1.0,2.0,378.0,,
3 Bedroom House,1350000.0,3.0,2.0,5.0,2855.0,2 Middel,
2 Bedroom Apartment,850000.0,2.0,1.0,2.0,,,
3 Bedroom House,950000.0,3.0,2.0,5.0,1500.0,,
1 Bedroom Apartment,395000.0,1.0,1.0,,,,
2.5 Bedroom Apartment,1198000.0,25.0,15.0,1.0,117.0,,
4 Bedroom House,1699000.0,4.0,,4.0,1670.0,,
4 Bedroom House,1700000.0,4.0,2.0,4.0,1598.0,,
1 Bedroom Apartment,380000.0,1.0,1.0,,,,
3 Bedroom House,370000.0,3.0,3.0,5.0,,,
4 Bedroom House,450000.0,4.0,1.0,2.0,378.0,,
6 Bedroom House,2244000.0,6.0,9.0,10.0,1057.0,,
53 Bedroom House,6500000.0,53.0,4.0,,,,
3 Bedroom Apartment,1650000.0,3.0,2.0,1.0,,,
3 Bedroom House,895000.0,3.0,2.0,4.0,372.0,,
9 Bedroom House,1495000.0,9.0,8.0,4.0,429.0,,
2 Bedroom Apartment,980000.0,2.0,2.0,2.0,,,
6 Bedroom House,1950000.0,6.0,3.0,23.0,1821.0,,
6 Bedroom House,7400000.0,6.0,55.0,13.0,1468.0,,
3 Bedroom House,1250000.0,3.0,2.0,5.0,1872.0,,
1 Bedroom House,325000.0,1.0,1.0,,196.0,,
6 Bedroom House,7400000.0,6.0,55.0,13.0,1468.0,,
3 Bedroom Townhouse,2600000.0,3.0,3.0,2.0,,,
3 Bedroom House,1130000.0,3.0,2.0,3.0,1022.0,,
7 Bedroom House,4395000.0,7.0,7.0,,2023.0,,
2 Bedroom Apartment,930000.0,2.0,1.0,1.0,,,
3 Bedroom Apartment,3250000.0,3.0,2.0,4.0,,"77 Ilala, 3 Sicklebush Lane",
1 Bedroom House,385000.0,1.0,1.0,,3088.0,,
4 Bedroom House,4800000.0,4.0,5.0,11.0,1012.0,,
1 Bedroom Apartment,795000.0,1.0,1.0,1.0,,124 Tenth Avenue,
3 Bedroom House,1850000.0,3.0,2.0,1.0,,,
2 Bedroom Apartment,850000.0,2.0,1.0,1.0,18557.0,,
3 Bedroom Apartment,4450000.0,3.0,2.0,2.0,,,
3 Bedroom House,1150000.0,3.0,2.0,2.0,208.0,,
5 Bedroom House,19900000.0,5.0,5.0,6.0,1236.0,,
3 Bedroom Apartment,2490000.0,3.0,2.0,2.0,,,
2 Bedroom Apartment,3060000.0,2.0,2.0,2.0,,12 Simbithi Verve,
5 Bedroom House,5000000.0,5.0,35.0,6.0,1841.0,,
4 Bedroom House,2199000.0,4.0,3.0,8.0,1457.0,,
1 Bedroom Apartment,850000.0,1.0,1.0,1.0,,,
3 Bedroom Townhouse,2495000.0,3.0,2.0,4.0,9078.0,"29 Assagay Cres, Silver Oaks Estate, 13 Chestnut Grove",
2 Bedroom Townhouse,1850000.0,2.0,2.0,1.0,,"13 Ss St Tropez, 5 Belmont Gardens",
3 Bedroom House,5450000.0,3.0,35.0,4.0,20007.0,"9 Brettenwood Lakes, 9 Honey Guide",
3 Bedroom House,1650000.0,3.0,25.0,7.0,4116.0,,
13 Bedroom House,5795000.0,13.0,135.0,10.0,1533.0,,
2 Bedroom Townhouse,1375000.0,2.0,15.0,2.0,,"D6 Ferncrest, 10 Gillitt Road",
6 Bedroom House,2200000.0,6.0,2.0,7.0,1367.0,,
3 Bedroom House,995000.0,3.0,2.0,2.0,348.0,,
2 Bedroom Apartment,2850000.0,2.0,2.0,1.0,,2 Ocean Way,
2 Bedroom Apartment,1335000.0,2.0,2.0,2.0,,,
2 Bedroom Apartment,750000.0,2.0,1.0,,,,
3 Bedroom Apartment,649000.0,3.0,2.0,2.0,,,
1 Bedroom Apartment,1175000.0,1.0,1.0,1.0,,"8 Ss Montpelier Court, 276 Montpelier Road",
2 Bedroom Apartment,980000.0,2.0,1.0,2.0,,"48 Ss Eden Dunes, 1130 East Street",
3 Bedroom House,995000.0,3.0,2.0,2.0,348.0,,
2 Bedroom Apartment,2550000.0,2.0,2.0,2.0,,"414 Shoreline, 46 Heleza Road",
1 Bedroom Apartment,600000.0,1.0,1.0,,,,
2 Bedroom Apartment,799000.0,2.0,1.0,1.0,,,
3 Bedroom House,2380000.0,3.0,2.0,1.0,434.0,"Serenity Hills, 2 Sanctuary Crescent",
1 Bedroom Apartment,460000.0,1.0,1.0,1.0,,Solano 6 Bank Street,
4 Bedroom House,2700000.0,4.0,2.0,7.0,3742.0,64 Grimthorpe Avenue,
3 Bedroom House,860000.0,3.0,2.0,2.0,1710.0,,
3 Bedroom Apartment,4299000.0,3.0,3.0,4.0,,,
4 Bedroom Apartment,1700000.0,4.0,3.0,2.0,,40 Collison Street,
4 Bedroom House,2050000.0,4.0,2.0,2.0,1127.0,,
3 Bedroom House,2795000.0,3.0,2.0,9.0,1160.0,,
3 Bedroom House,5300000.0,3.0,3.0,2.0,1028.0,14 Highgate Wine Estate,
4 Bedroom House,3180000.0,4.0,3.0,3.0,809.0,,
3 Bedroom House,3600000.0,3.0,25.0,5.0,994.0,,
3 Bedroom House,1625000.0,3.0,2.0,2.0,650.0,,
3 Bedroom Apartment,1425000.0,3.0,1.0,2.0,,,
2 Bedroom Apartment,580000.0,2.0,15.0,1.0,,,
3 Bedroom Apartment,1425000.0,3.0,1.0,2.0,,,
2 Bedroom Apartment,900000.0,2.0,1.0,1.0,,,
1 Bedroom Apartment,720000.0,1.0,1.0,,,,
3 Bedroom Townhouse,1199000.0,3.0,25.0,2.0,,35 Rif Road,
3 Bedroom Townhouse,1285000.0,3.0,2.0,2.0,,,
4 Bedroom Townhouse,760000.0,4.0,2.0,2.0,945.0,,
4 Bedroom Townhouse,6500000.0,4.0,4.0,4.0,325.0,,
3 Bedroom House,2600000.0,3.0,2.0,2.0,1800.0,14a Anthony Drive,
3 Bedroom House,700000.0,3.0,2.0,6.0,1066.0,,
4 Bedroom Apartment,1820000.0,4.0,3.0,3.0,,,
3 Bedroom House,700000.0,3.0,2.0,6.0,1066.0,,
1 Bedroom Apartment,450000.0,1.0,1.0,,,,
2 Bedroom Apartment,840000.0,2.0,1.0,1.0,,,
3 Bedroom House,1660000.0,3.0,1.0,1.0,1022.0,,
4 Bedroom House,8250000.0,4.0,45.0,2.0,1455.0,"95 Kingfisher, 95 Kingfisher Boulevard",
6 Bedroom House,1800000.0,6.0,4.0,4.0,2023.0,8 Perth Road,
2 Bedroom Apartment,600000.0,2.0,1.0,1.0,,,
2 Bedroom Apartment,1100000.0,2.0,2.0,1.0,,,
3 Bedroom House,10775000.0,3.0,35.0,4.0,901.0,1 Zululami,
3 Bedroom Apartment,1695000.0,3.0,2.0,2.0,,,
5 Bedroom House,,5.0,,,272962.0,"General Janssens St, Palm Beach, Port Edward",
3 Bedroom Apartment,1395000.0,3.0,3.0,1.0,,,
3 Bedroom Townhouse,1295000.0,3.0,25.0,3.0,,,
3 Bedroom House,800000.0,3.0,1.0,4.0,468.0,,
4 Bedroom House,1750000.0,4.0,25.0,2.0,,20 Tedder Avenue,
3 Bedroom Townhouse,3395000.0,3.0,2.0,1.0,,,
3 Bedroom Townhouse,3595000.0,3.0,2.0,4.0,19502.0,,
2 Bedroom Apartment,1730000.0,2.0,2.0,2.0,,,
3 Bedroom Apartment,3450000.0,3.0,2.0,3.0,,,
2 Bedroom Townhouse,920000.0,2.0,2.0,3.0,116.0,,
2 Bedroom Apartment,795000.0,2.0,1.0,2.0,,,
2 Bedroom Apartment,975000.0,2.0,1.0,1.0,,,
2 Bedroom Townhouse,760000.0,2.0,1.0,3.0,38508.0,,
2 Bedroom Apartment,1490000.0,2.0,2.0,2.0,,,
2 Bedroom Townhouse,725000.0,2.0,1.0,1.0,,"123 Tafta Park Retirement Village, 28 Greenwich Avenue",
3 Bedroom Townhouse,1495000.0,3.0,25.0,1.0,,,
4 Bedroom House,8995000.0,4.0,45.0,6.0,1040.0,,
3 Bedroom House,2300000.0,3.0,2.0,6.0,857.0,,
3 Bedroom Townhouse,1725000.0,3.0,2.0,4.0,,,
3 Bedroom Townhouse,1575000.0,3.0,2.0,4.0,,,
1.5 Bedroom Apartment,1700000.0,15.0,1.0,1.0,,,
4 Bedroom House,8950000.0,4.0,5.0,4.0,1445.0,,
3 Bedroom Townhouse,3640000.0,3.0,2.0,2.0,,,
4 Bedroom House,2200000.0,4.0,3.0,,2020.0,54 Valley Road,
2 Bedroom Apartment,795000.0,2.0,1.0,2.0,,,
3 Bedroom Townhouse,2200000.0,3.0,2.0,2.0,,,
3 Bedroom Apartment,1250000.0,3.0,2.0,,24553.0,,
1 Bedroom Apartment,415000.0,1.0,1.0,1.0,,,
3 Bedroom Apartment,925000.0,3.0,2.0,2.0,,,
3 Bedroom Apartment,3400000.0,3.0,25.0,2.0,,,
2 Bedroom Apartment,690000.0,2.0,2.0,2.0,,,
4 Bedroom House,1600000.0,4.0,2.0,2.0,2232.0,,
2 Bedroom Apartment,1490000.0,2.0,2.0,1.0,,,
2 Bedroom Townhouse,595000.0,2.0,2.0,2.0,64097.0,,
2 Bedroom Apartment,890000.0,2.0,2.0,1.0,,,
2 Bedroom House,960000.0,2.0,2.0,5.0,257.0,,
3 Bedroom House,750000.0,3.0,25.0,2.0,,31 Mattison Drive,
3 Bedroom Apartment,1750000.0,3.0,2.0,,,,
3 Bedroom House,830000.0,3.0,1.0,2.0,727.0,,
3 Bedroom House,2150000.0,3.0,2.0,5.0,965.0,,
2 Bedroom Apartment,500000.0,2.0,1.0,,,,
2 Bedroom Apartment,799000.0,2.0,2.0,1.0,,,
2 Bedroom Apartment,1396000.0,2.0,2.0,1.0,,,
4 Bedroom Townhouse,8950000.0,4.0,45.0,2.0,,,
2 Bedroom Apartment,650000.0,2.0,1.0,2.0,,,
2 Bedroom Apartment,799000.0,2.0,2.0,1.0,,,
2 Bedroom Apartment,699000.0,2.0,1.0,1.0,,,
3 Bedroom House,3750000.0,3.0,2.0,2.0,1782.0,,
3 Bedroom Apartment,1350000.0,3.0,2.0,2.0,,,
5 Bedroom House,1250000.0,5.0,2.0,2.0,1396.0,,
5 Bedroom House,1250000.0,5.0,2.0,2.0,1396.0,,
4 Bedroom House,2195000.0,4.0,3.0,6.0,,1086 Harrison Drive,
4 Bedroom House,1875000.0,4.0,25.0,,,104 Winifred Drive,
4 Bedroom Townhouse,5495000.0,4.0,15.0,4.0,1083.0,1370 Cobbins Close,
2 Bedroom Apartment,2800000.0,2.0,2.0,2.0,,,
2 Bedroom Apartment,1070000.0,2.0,2.0,1.0,,73 Beach Road,
2 Bedroom Apartment,1280000.0,2.0,15.0,,77.0,,
4 Bedroom House,8990000.0,4.0,45.0,2.0,904.0,,
4 Bedroom Townhouse,6800000.0,4.0,4.0,2.0,6160.0,,
1 Bedroom Apartment,900000.0,1.0,1.0,1.0,3827.0,,
1 Bedroom Apartment,950000.0,1.0,1.0,1.0,3827.0,,
2 Bedroom Apartment,1100000.0,2.0,2.0,1.0,3827.0,,
2 Bedroom Apartment,1250000.0,2.0,2.0,1.0,3827.0,,
3 Bedroom House,795000.0,3.0,2.0,6.0,355.0,,
3 Bedroom House,895000.0,3.0,15.0,3.0,464.0,,
3 Bedroom Apartment,5295000.0,3.0,2.0,1.0,,,
3 Bedroom Apartment,1299000.0,3.0,2.0,1.0,,1278 Marine Drive,
1 Bedroom Apartment,590000.0,1.0,1.0,1.0,,,
5 Bedroom Townhouse,2899000.0,5.0,35.0,2.0,,"4 Ss 16 Aberfeldy, 18 Aberfeldy Road",
2 Bedroom Townhouse,3199000.0,2.0,2.0,1.0,113.0,,
2 Bedroom Townhouse,975000.0,2.0,15.0,1.0,1850.0,,
3 Bedroom House,1750000.0,3.0,2.0,2.0,1116.0,,
2 Bedroom House,800000.0,2.0,1.0,1.0,35272.0,,
3 Bedroom House,750000.0,3.0,1.0,3.0,309.0,,
4 Bedroom House,2495000.0,4.0,3.0,5.0,1394.0,10 Medwood Place,
5 Bedroom House,3150000.0,5.0,25.0,4.0,783.0,71 Princess Alice Avenue,
3 Bedroom House,1495000.0,3.0,2.0,2.0,,,
3 Bedroom Townhouse,1075000.0,3.0,3.0,1.0,,,
3 Bedroom House,2500000.0,3.0,2.0,2.0,1124.0,,
2 Bedroom Townhouse,925000.0,2.0,2.0,2.0,5061.0,"2 Corriedale Place, 2 Frank Road",
4 Bedroom Townhouse,3390000.0,4.0,2.0,6.0,,,
2 Bedroom House,800000.0,2.0,1.0,1.0,35272.0,,
1 Bedroom Apartment,1480000.0,1.0,1.0,1.0,,,
4 Bedroom House,700000.0,4.0,3.0,4.0,332.0,30 Damorosa Crescent,
3 Bedroom Apartment,1150000.0,3.0,2.0,2.0,,"307 Margate Boulevard, 1 Panorama Parade",
3 Bedroom House,1200000.0,3.0,1.0,2.0,292.0,,
5 Bedroom House,2750000.0,5.0,2.0,10.0,2271.0,8 Beryldene Road,
4 Bedroom House,1750000.0,4.0,3.0,5.0,1844.0,,
2 Bedroom Apartment,899000.0,2.0,1.0,1.0,,,
3 Bedroom Apartment,3150000.0,3.0,2.0,2.0,,,
2 Bedroom Apartment,3100000.0,2.0,2.0,2.0,,,
3 Bedroom House,1150000.0,3.0,3.0,4.0,1410.0,381 Von Baumbach Avenue,
8 Bedroom House,7500000.0,8.0,85.0,6.0,2063.0,,
3 Bedroom Townhouse,880000.0,3.0,2.0,2.0,35539.0,"87 Ss Widenham Resort, 2 Cheltenham Road",
3 Bedroom Townhouse,1595000.0,3.0,2.0,4.0,,,
1.5 Bedroom Apartment,750000.0,15.0,15.0,1.0,,"21 Ss Speedwell Court, 70 Innes Road",
3 Bedroom House,2699999.0,3.0,2.0,,,15 Swallowfield,
2 Bedroom Apartment,7174440.0,2.0,2.0,1.0,,,
3 Bedroom House,480000.0,3.0,,1.0,320.0,,
2 Bedroom House,2650000.0,2.0,25.0,2.0,,"3 The Abrey, 120 Abrey Road",
2 Bedroom Townhouse,1275000.0,2.0,1.0,3.0,,"45 Ss Greenwich Village, 88 45th Avenue",
3 Bedroom Apartment,4200000.0,3.0,3.0,2.0,,,
4 Bedroom House,1695000.0,4.0,2.0,2.0,1977.0,,
3 Bedroom House,1285000.0,3.0,25.0,3.0,,19 Manjee Place,
2 Bedroom Townhouse,850000.0,2.0,1.0,1.0,10300.0,"16 Ss THE Wilds, 26 Cowry Drive",
2 Bedroom Apartment,7174440.0,2.0,2.0,1.0,,,
2 Bedroom Apartment,849000.0,2.0,1.0,1.0,,,
2 Bedroom House,5400000.0,2.0,2.0,4.0,,"3 Oceans On Main, 1 Main Road",
3 Bedroom House,4400000.0,3.0,2.0,2.0,400.0,,
3 Bedroom Apartment,2080000.0,3.0,2.0,2.0,,111 Marine Drive,
1 Bedroom Apartment,2250000.0,1.0,1.0,1.0,,,
3 Bedroom House,890000.0,3.0,1.0,1.0,263.0,,
3 Bedroom Apartment,1040000.0,3.0,2.0,2.0,,,
2 Bedroom Apartment,980000.0,2.0,15.0,1.0,,,
1 Bedroom Apartment,675000.0,1.0,1.0,1.0,,,
2 Bedroom House,2695000.0,2.0,2.0,2.0,136800.0,,
3 Bedroom Townhouse,3590000.0,3.0,2.0,2.0,,,
2 Bedroom Apartment,6500000.0,2.0,2.0,2.0,,"2403 Pearls Of Umhlanga, 6 Lagoon Drive",
2 Bedroom Apartment,730000.0,2.0,2.0,1.0,,,
3 Bedroom House,,3.0,2.0,1.0,450.0,,
2 Bedroom House,2695000.0,2.0,2.0,2.0,136800.0,,
1 Bedroom Apartment,525000.0,1.0,1.0,,,,
3 Bedroom Apartment,1045000.0,3.0,15.0,2.0,,,
1 Bedroom Apartment,557500.0,1.0,1.0,1.0,,,
4 Bedroom Apartment,5125000.0,4.0,3.0,1.0,,,
1 Bedroom Apartment,1198000.0,1.0,1.0,1.0,,,
3 Bedroom House,1050000.0,3.0,15.0,3.0,375.0,,
3 Bedroom Apartment,2100000.0,3.0,2.0,1.0,,,
3 Bedroom Townhouse,1250000.0,3.0,2.0,2.0,,,
4 Bedroom House,5950000.0,4.0,3.0,5.0,26900.0,,
4 Bedroom House,1350000.0,4.0,2.0,4.0,1320.0,,
3 Bedroom Apartment,4750000.0,3.0,2.0,1.0,,,
3 Bedroom Apartment,3290000.0,3.0,2.0,2.0,,"15 Lands End, 4 Gazelle Road",
8 Bedroom House,3800000.0,8.0,8.0,4.0,1321.0,,
4 Bedroom Apartment,7499000.0,4.0,4.0,4.0,,"7 Ss Hertford, 747 Musgrave Road",
2 Bedroom Apartment,610000.0,2.0,2.0,1.0,,"10 Ss Mer Bleue, 2 Dean Street",
2 Bedroom Apartment,600000.0,2.0,2.0,1.0,,51 Marine Drive,
4 Bedroom House,4850000.0,4.0,4.0,2.0,3600.0,R22 Sodwana Road,
7 Bedroom House,5800000.0,7.0,7.0,13.0,1338.0,,
3 Bedroom Apartment,1275000.0,3.0,2.0,2.0,,15 Berriedale Road,
4 Bedroom House,2950000.0,4.0,35.0,2.0,,,
6 Bedroom House,5995000.0,6.0,2.0,5.0,1001.0,,
5 Bedroom House,1500000.0,5.0,3.0,3.0,1243.0,,
3 Bedroom Apartment,1275000.0,3.0,2.0,2.0,,15 Berriedale Road,
3 Bedroom Apartment,2150000.0,3.0,2.0,1.0,,,
3 Bedroom Townhouse,1495000.0,3.0,1.0,3.0,,,
3 Bedroom Townhouse,1750000.0,3.0,25.0,3.0,9740.0,59 Netford Road,
4 Bedroom Townhouse,1250000.0,4.0,2.0,4.0,2539.0,,
1 Bedroom Apartment,450000.0,1.0,1.0,,,,
2 Bedroom Apartment,2550000.0,2.0,2.0,2.0,,"65 Lush Apartments, 1 P474 Road",
2 Bedroom Apartment,3000000.0,2.0,2.0,2.0,,"27 Forest View Apartments, 1 P474 Road",
Apartment,300000.0,,1.0,,,107 Anton Lembede Street,
3 Bedroom Apartment,5395000.0,3.0,3.0,2.0,,,
4 Bedroom Apartment,3150000.0,4.0,2.0,1.0,,,
2 Bedroom Townhouse,1700000.0,2.0,2.0,3.0,,,
2 Bedroom Apartment,1275000.0,2.0,1.0,1.0,,,
2 Bedroom Apartment,756000.0,2.0,1.0,,,,
2 Bedroom Apartment,2850000.0,2.0,2.0,1.0,,,
4 Bedroom House,2600000.0,4.0,3.0,2.0,2079.0,,
4 Bedroom House,2950000.0,4.0,35.0,2.0,,,
3 Bedroom Apartment,800000.0,3.0,2.0,2.0,,,
3 Bedroom House,850000.0,3.0,2.0,,363.0,,
3 Bedroom House,3575000.0,3.0,35.0,4.0,744.0,,
3 Bedroom House,1295000.0,3.0,2.0,2.0,989.0,,
6 Bedroom House,950000.0,6.0,4.0,5.0,608.0,,
4 Bedroom House,14000000.0,4.0,4.0,4.0,,,
3 Bedroom Apartment,2400000.0,3.0,2.0,3.0,,,
3 Bedroom Apartment,5799000.0,3.0,3.0,3.0,,,
2 Bedroom Apartment,2850000.0,2.0,2.0,1.0,,,
2 Bedroom Apartment,1250000.0,2.0,1.0,1.0,,,
1 Bedroom Apartment,1099000.0,1.0,1.0,1.0,,,
2 Bedroom Apartment,895000.0,2.0,1.0,1.0,,,
3 Bedroom Townhouse,3750000.0,3.0,3.0,3.0,,,
3 Bedroom House,1995000.0,3.0,2.0,5.0,1861.0,,
5 Bedroom House,7990000.0,5.0,5.0,3.0,200.0,"10 San Lameer, Lower South Coast Road N2s R61, San Lameer, San Lameer",
4 Bedroom House,4500000.0,4.0,3.0,4.0,593.0,,
2 Bedroom Apartment,650000.0,2.0,2.0,2.0,,7 Uplands Road,
3 Bedroom Apartment,1250000.0,3.0,2.0,2.0,,,
4 Bedroom House,2495000.0,4.0,2.0,1.0,912.0,,
2 Bedroom Apartment,1895000.0,2.0,2.0,2.0,,"402 98 On Gordon, 98 Gordon Road",
3 Bedroom Apartment,1990000.0,3.0,25.0,2.0,,,
3 Bedroom House,4250000.0,3.0,2.0,6.0,785.0,,
3 Bedroom House,1720000.0,3.0,3.0,4.0,1279.0,,
4 Bedroom House,8950000.0,4.0,3.0,6.0,800.0,9 Sahara Close,
1 Bedroom Apartment,1700000.0,1.0,1.0,2.0,,,
4 Bedroom House,4500000.0,4.0,3.0,4.0,593.0,,
4 Bedroom House,2750000.0,4.0,3.0,5.0,4047.0,,
5 Bedroom House,6900000.0,5.0,3.0,3.0,,,
6 Bedroom House,1995000.0,6.0,4.0,2.0,1483.0,10 Park Street,
3 Bedroom Townhouse,1250000.0,3.0,25.0,2.0,,,
3 Bedroom Apartment,5250000.0,3.0,35.0,2.0,,15 Marine Drive,
4 Bedroom House,1250000.0,4.0,2.0,1.0,459.0,,
3 Bedroom House,2250000.0,3.0,2.0,4.0,2041.0,,
1.5 Bedroom Apartment,1285000.0,15.0,1.0,,,,
3 Bedroom Apartment,3399000.0,3.0,2.0,2.0,,"17 Marine Terraces, 17 Marine Drive",
1.5 Bedroom Apartment,790000.0,15.0,1.0,2.0,,,
2 Bedroom Apartment,825000.0,2.0,1.0,1.0,,,
4 Bedroom House,1595000.0,4.0,2.0,3.0,1400.0,760 Louis Botha Avenue,
2 Bedroom Apartment,750000.0,2.0,1.0,1.0,,"1 Capital Hill Dr, Surrey Park, Pietermaritzburg, 3201",
1 Bedroom Apartment,580000.0,1.0,1.0,3.0,,"1 Capital Hill Dr, Surrey Park, Pietermaritzburg, 3201",
1 Bedroom Apartment,350000.0,1.0,1.0,1.0,,88 Church Street,
5 Bedroom House,1200000.0,5.0,2.0,1.0,2202.0,,
4 Bedroom House,2100000.0,4.0,3.0,3.0,2887.0,,
3 Bedroom Apartment,2350000.0,3.0,2.0,2.0,,,
2 Bedroom Apartment,370000.0,2.0,1.0,1.0,,,
3 Bedroom Apartment,4095000.0,3.0,2.0,2.0,,,
3 Bedroom House,,3.0,2.0,2.0,,,
2 Bedroom Apartment,780000.0,2.0,1.0,1.0,,,
5 Bedroom House,2100000.0,5.0,4.0,4.0,2169.0,1260 Shirley Ave,
3 Bedroom House,1299000.0,3.0,2.0,1.0,487.0,,
3 Bedroom Apartment,3950000.0,3.0,3.0,4.0,,"25 Jacana Eco Estate, 23 Hayfields Road",
2 Bedroom Apartment,742000.0,2.0,1.0,1.0,,,
3 Bedroom House,650000.0,3.0,1.0,4.0,260.0,,
3 Bedroom House,650000.0,3.0,1.0,4.0,260.0,,
4 Bedroom House,4800000.0,4.0,4.0,2.0,3773.0,,
2 Bedroom Apartment,1040000.0,2.0,1.0,1.0,,,
3 Bedroom House,4295000.0,3.0,2.0,10.0,,,
2 Bedroom Apartment,750000.0,2.0,2.0,1.0,,,
6 Bedroom House,2500000.0,6.0,5.0,12.0,600.0,,
3 Bedroom Apartment,11750000.0,3.0,3.0,4.0,,,
3 Bedroom Apartment,12535250.0,3.0,3.0,2.0,,,
2 Bedroom Apartment,915000.0,2.0,2.0,1.0,,,
3 Bedroom House,2800000.0,3.0,2.0,2.0,1127.0,,
2 Bedroom Apartment,4895000.0,2.0,2.0,1.0,,,
2 Bedroom Apartment,820000.0,2.0,2.0,1.0,,,
8 Bedroom House,2500000.0,8.0,3.0,7.0,,,
4 Bedroom House,2930000.0,4.0,25.0,5.0,5281.0,,
3 Bedroom House,1100000.0,3.0,1.0,3.0,904.0,,
1 Bedroom Apartment,840000.0,1.0,1.0,1.0,,,
3 Bedroom Townhouse,1500000.0,3.0,2.0,2.0,,,
2 Bedroom Apartment,820000.0,2.0,2.0,1.0,,,
2 Bedroom Townhouse,1900000.0,2.0,2.0,2.0,,,
2 Bedroom Apartment,3950000.0,2.0,2.0,2.0,,,
2 Bedroom Apartment,699000.0,2.0,15.0,2.0,,,
3 Bedroom Apartment,995000.0,3.0,2.0,1.0,,69 Beach Road,
3 Bedroom Townhouse,1249000.0,3.0,2.0,2.0,,,
3 Bedroom Apartment,1300000.0,3.0,2.0,4.0,,,
3 Bedroom Apartment,2300000.0,3.0,2.0,2.0,,,
5 Bedroom House,4100000.0,5.0,3.0,2.0,1012.0,50 Laughton Avenue,
3 Bedroom Apartment,2300000.0,3.0,2.0,2.0,,,
1 Bedroom Apartment,650000.0,1.0,1.0,1.0,,,
4 Bedroom House,7475000.0,4.0,3.0,2.0,1022.0,,
5 Bedroom House,1200000.0,5.0,2.0,3.0,,,
3 Bedroom Townhouse,1200000.0,3.0,2.0,2.0,5669.0,,
1 Bedroom Apartment,735000.0,1.0,1.0,1.0,,,
4 Bedroom House,1570000.0,4.0,2.0,6.0,1373.0,,
3 Bedroom Apartment,1350000.0,3.0,15.0,2.0,,,
1.5 Bedroom Apartment,649999.0,15.0,1.0,,670.0,75 Smiso Nkwanyana Road,
4 Bedroom House,1550000.0,4.0,25.0,2.0,1350.0,,
3 Bedroom House,1550000.0,3.0,1.0,8.0,470.0,,
3 Bedroom Townhouse,1685000.0,3.0,2.0,6.0,89896.0,,
2 Bedroom Apartment,600000.0,2.0,1.0,1.0,,,
3 Bedroom Apartment,1450000.0,3.0,2.0,2.0,,"18 Malaba Hills, 222 South Beach Road",
3 Bedroom Apartment,5295000.0,3.0,2.0,1.0,,,
2 Bedroom Apartment,2929000.0,2.0,2.0,2.0,,,
2 Bedroom Apartment,750000.0,2.0,1.0,1.0,,,
3 Bedroom Apartment,2950000.0,3.0,2.0,2.0,,,
2 Bedroom Apartment,1955000.0,2.0,2.0,2.0,,"Summerpark, 2426 - 146 The High Street",
2 Bedroom Townhouse,720000.0,2.0,1.0,1.0,,,
4 Bedroom House,1150000.0,4.0,2.0,5.0,555.0,,
3 Bedroom Apartment,1030000.0,3.0,2.0,1.0,,52 Panorama Parade,
3 Bedroom Apartment,860000.0,3.0,2.0,2.0,,,
3 Bedroom Townhouse,1250000.0,3.0,1.0,2.0,,,
4 Bedroom House,950000.0,4.0,25.0,3.0,370.0,416 Blinkbonnie Road,
3 Bedroom Apartment,3895000.0,3.0,2.0,2.0,,"84 Ss Lush Condos, 1 Ingwe Drive, Unit 84 Lush Condos",
3 Bedroom Townhouse,3000000.0,3.0,25.0,2.0,22197.0,"33 Ss Aura, 1 Langa",
7 Bedroom House,1345000.0,7.0,4.0,4.0,1360.0,375 Macdonald Avenue,
2 Bedroom Apartment,775000.0,2.0,2.0,2.0,,,
3 Bedroom Townhouse,3950000.0,3.0,25.0,2.0,,,
1 Bedroom Apartment,1800000.0,1.0,1.0,1.0,,Izinga Eco Estates,
3 Bedroom House,1149000.0,3.0,2.0,2.0,284.0,,
3 Bedroom Apartment,3100000.0,3.0,2.0,2.0,,,
4 Bedroom House,6800000.0,4.0,35.0,7.0,27730.0,813 Monty Sawyer Drive,
2 Bedroom Apartment,1955000.0,2.0,2.0,2.0,,"Summerpark, 2426 - 146 The High Street",
2 Bedroom Apartment,1700000.0,2.0,2.0,1.0,,341 Ballitovillage,
3 Bedroom Townhouse,2850000.0,3.0,25.0,2.0,,,
2 Bedroom House,1299999.0,2.0,1.0,2.0,463.0,,
4 Bedroom House,1399999.0,4.0,2.0,3.0,400.0,,
3 Bedroom Townhouse,1900000.0,3.0,3.0,2.0,8976.0,18 The Skippers Of Shelly 2/2094 Mitchell Street,
3 Bedroom Apartment,1100000.0,3.0,3.0,2.0,,35 Grindewald Drive,
2 Bedroom Apartment,820000.0,2.0,1.0,1.0,,1240 Marine Drive,
3 Bedroom Townhouse,1200000.0,3.0,2.0,2.0,31027.0,10 Commercial Road,
3 Bedroom House,1650000.0,3.0,2.0,9.0,1012.0,,
2 Bedroom Apartment,1295000.0,2.0,1.0,1.0,,,
4 Bedroom House,1595000.0,4.0,15.0,20.0,1181.0,69 Baines Road,
4 Bedroom Townhouse,4500000.0,4.0,35.0,4.0,25371.0,"Unit 2 Rose Glen, 11 Penhill Pl",
4 Bedroom House,2899999.0,4.0,25.0,8.0,934.0,6 Kew Road,
3 Bedroom House,2495000.0,3.0,2.0,12.0,2415.0,90a Methven Road,
2 Bedroom Apartment,1750000.0,2.0,2.0,1.0,,"C313 Ss THE Sails, 14 Timeball Boulevard",
2 Bedroom Apartment,1295000.0,2.0,2.0,1.0,,,
3 Bedroom Townhouse,1595000.0,3.0,2.0,4.0,45963.0,1 Olive Road,
6 Bedroom House,14000000.0,6.0,8.0,6.0,1597.0,467 Shad Street,
3 Bedroom Apartment,1100000.0,3.0,2.0,2.0,,1 Streetdavids Lane,
3 Bedroom Townhouse,1195000.0,3.0,2.0,3.0,,"1 Ss Barossa, 14 Sutton Crescent",
2 Bedroom Apartment,1299000.0,2.0,1.0,3.0,,"2 Ss Springbok Court, 31 Bornick Road",
3 Bedroom Apartment,4295000.0,3.0,2.0,3.0,,"24 Sandwood Hills, 1 Salt Rock Road",
2 Bedroom Apartment,899000.0,2.0,2.0,1.0,,,
3 Bedroom Apartment,4295000.0,3.0,2.0,3.0,,"24 Sandwood Hills, 1 Salt Rock Road",
4 Bedroom House,3199000.0,4.0,25.0,14.0,2637.0,12 Westbrook Avenue,
4 Bedroom House,6050000.0,4.0,4.0,3.0,,"8 Norfolk, 1 Kindlewood Drive",
2 Bedroom House,2345000.0,2.0,2.0,2.0,,,
1.5 Bedroom Apartment,500000.0,15.0,1.0,2.0,62.0,,
2 Bedroom Apartment,680000.0,2.0,1.0,1.0,,,
3 Bedroom House,1400000.0,3.0,2.0,5.0,2844.0,,
2 Bedroom Apartment,740000.0,2.0,1.0,1.0,,,
2 Bedroom Apartment,1099000.0,2.0,2.0,1.0,,,
3 Bedroom Apartment,660000.0,3.0,1.0,3.0,,,
3 Bedroom Apartment,4499000.0,3.0,3.0,2.0,,,
2 Bedroom Apartment,1850000.0,2.0,2.0,2.0,,"36 Morningside Ridge, 10 Burman Drive",
1.5 Bedroom Apartment,432000.0,15.0,1.0,,,,
3 Bedroom Apartment,1275000.0,3.0,1.0,1.0,,,
3 Bedroom House,1750000.0,3.0,2.0,2.0,1125.0,,
3 Bedroom Apartment,2399000.0,3.0,2.0,2.0,,,
4 Bedroom House,32000000.0,4.0,5.0,7.0,2645.0,,
3 Bedroom House,1295000.0,3.0,2.0,1.0,955.0,,
3 Bedroom Apartment,1275000.0,3.0,1.0,1.0,,,
3 Bedroom Apartment,4250000.0,3.0,1.0,2.0,,,
3 Bedroom Apartment,1550000.0,3.0,2.0,1.0,,,
House,430000.0,,,,22.0,,
3 Bedroom Townhouse,2095000.0,3.0,2.0,2.0,,,
3 Bedroom House,1680000.0,3.0,2.0,1.0,547.0,51 Holmes Road,
3 Bedroom Apartment,760000.0,3.0,2.0,2.0,,,
6 Bedroom House,1900000.0,6.0,4.0,7.0,1241.0,,
3 Bedroom House,3495000.0,3.0,2.0,3.0,,"15 The Woodland, 2 Woodlands Close",
3 Bedroom House,800000.0,3.0,2.0,2.0,1062.0,,
3 Bedroom House,1699000.0,3.0,2.0,6.0,1000.0,,
3 Bedroom House,3850000.0,3.0,3.0,1.0,516.0,1 Sunrise Blvd,
4 Bedroom Townhouse,3950000.0,4.0,4.0,2.0,,Unit 11 Bayview,
5 Bedroom House,16000000.0,5.0,5.0,3.0,1411.0,9 Royal Palm Avenue,
4 Bedroom Townhouse,5500000.0,4.0,4.0,3.0,10112.0,,
4 Bedroom House,2250000.0,4.0,25.0,4.0,760.0,,
3 Bedroom House,2700000.0,3.0,3.0,3.0,1109.0,,
3 Bedroom House,3495000.0,3.0,2.0,3.0,,"15 The Woodland, 2 Woodlands Close",
5 Bedroom Townhouse,,5.0,5.0,3.0,7983.0,,
7 Bedroom House,2500000.0,7.0,3.0,2.0,598.0,,
5 Bedroom House,2100000.0,5.0,1.0,3.0,1504.0,,
1 Bedroom Apartment,975000.0,1.0,1.0,1.0,,,
2 Bedroom Apartment,1599000.0,2.0,2.0,2.0,,,
3 Bedroom House,6495000.0,3.0,3.0,4.0,691.0,,
1 Bedroom Apartment,648000.0,1.0,1.0,1.0,,,
3 Bedroom House,1380000.0,3.0,1.0,,1800.0,,
3 Bedroom Apartment,1580000.0,3.0,2.0,2.0,,,
4 Bedroom House,1470000.0,4.0,3.0,11.0,,,
2 Bedroom Apartment,899000.0,2.0,15.0,2.0,,"140 Oaklands Drive Dawncrest Verulam, Sash On Oaks Complex",
3 Bedroom House,2300000.0,3.0,2.0,4.0,1192.0,,
3 Bedroom House,1060000.0,3.0,3.0,1.0,,,
3 Bedroom House,3450000.0,3.0,2.0,2.0,461.0,,
2 Bedroom Apartment,1650000.0,2.0,1.0,1.0,,,
3 Bedroom House,1350000.0,3.0,2.0,1.0,445.0,,
4 Bedroom Townhouse,4950000.0,4.0,35.0,2.0,15390.0,,
3 Bedroom Townhouse,1295000.0,3.0,2.0,5.0,370.0,A Dickenson Ave,
3 Bedroom House,1150000.0,3.0,2.0,4.0,410.0,,
2 Bedroom Townhouse,1912680.0,2.0,1.0,2.0,,,
3 Bedroom House,3450000.0,3.0,2.0,2.0,461.0,,
4 Bedroom House,1600000.0,4.0,1.0,2.0,2383.0,,
7 Bedroom House,4250000.0,7.0,65.0,14.0,1354.0,,
2 Bedroom Townhouse,760000.0,2.0,2.0,2.0,107969.0,244 Ramsey Avenue,
2 Bedroom Townhouse,1150000.0,2.0,2.0,1.0,107969.0,244 Ramsey Avenue,
3 Bedroom Apartment,4195000.0,3.0,2.0,2.0,,,
2 Bedroom Apartment,750000.0,2.0,2.0,1.0,,,
3 Bedroom Apartment,2225250.0,3.0,2.0,2.0,,"16 Acacia Place, 51 Acacia Crescent",
1 Bedroom Apartment,1950000.0,1.0,1.0,1.0,,,
4 Bedroom Apartment,6790000.0,4.0,25.0,2.0,,Sicklebush Ln Simbithi Eco Estate,
3 Bedroom Apartment,2527125.0,3.0,25.0,2.0,,,
3 Bedroom House,950000.0,3.0,2.0,1.0,1195.0,,
4 Bedroom House,2950000.0,4.0,3.0,2.0,3339.0,,
1 Bedroom House,595000.0,1.0,1.0,1.0,,,
2 Bedroom Apartment,4950000.0,2.0,25.0,2.0,,,
1 Bedroom House,595000.0,1.0,1.0,1.0,,,
2 Bedroom Apartment,3499000.0,2.0,2.0,1.0,,14 Timeball Boulevard,
4 Bedroom House,9950000.0,4.0,3.0,2.0,751.0,,
3 Bedroom Apartment,1545000.0,3.0,2.0,1.0,,2 Uvongo Beach Road,
2 Bedroom Apartment,865000.0,2.0,2.0,1.0,,"74 Eden Wilds, 1 Eden Wilds Street",
2 Bedroom Apartment,1260000.0,2.0,15.0,,,"12 Ss Montezuma, 117 Snell Parade",
4 Bedroom House,4995000.0,4.0,4.0,2.0,2164.0,,
4 Bedroom House,1800000.0,4.0,3.0,4.0,1200.0,,
4 Bedroom Apartment,2200000.0,4.0,2.0,2.0,,,
3 Bedroom House,3190000.0,3.0,25.0,3.0,,"19 Rivermead, 37 Westriding Rad",
2 Bedroom Apartment,980000.0,2.0,2.0,,,,
2 Bedroom Apartment,1599000.0,2.0,2.0,2.0,,,
2 Bedroom Apartment,2000000.0,2.0,2.0,2.0,,"3 Ss Santana Pebbles, 164 South Beach Road, Unit 3 Santana Pebbles",
3 Bedroom Apartment,1545000.0,3.0,2.0,3.0,,,
2 Bedroom Apartment,870000.0,2.0,1.0,2.0,,,
3 Bedroom House,1400000.0,3.0,2.0,3.0,812.0,,
3 Bedroom House,2695000.0,3.0,2.0,2.0,1153.0,,
1 Bedroom Apartment,599000.0,1.0,1.0,1.0,,48 Prince Street,
2 Bedroom Townhouse,800000.0,2.0,1.0,1.0,35272.0,,
5 Bedroom House,1790000.0,5.0,5.0,3.0,1066.0,,
4 Bedroom House,8350000.0,4.0,4.0,5.0,1301.0,,
5 Bedroom House,2350000.0,5.0,3.0,4.0,1372.0,,
6 Bedroom House,5440000.0,6.0,4.0,7.0,1012.0,,
3 Bedroom Townhouse,1399990.0,3.0,2.0,3.0,7927.0,,
2 Bedroom Apartment,1575000.0,2.0,2.0,2.0,61.0,,
3 Bedroom Townhouse,1085000.0,3.0,2.0,2.0,2534.0,,
1.5 Bedroom Apartment,950000.0,15.0,2.0,,,,
2 Bedroom Apartment,1150000.0,2.0,1.0,1.0,,,
6 Bedroom House,1500000.0,6.0,3.0,12.0,929.0,,
4 Bedroom Townhouse,13500000.0,4.0,4.0,6.0,,,
3 Bedroom Townhouse,1085000.0,3.0,2.0,2.0,2534.0,,
7 Bedroom House,1950000.0,7.0,5.0,6.0,1012.0,,
2 Bedroom Apartment,630000.0,2.0,2.0,2.0,,,
2 Bedroom Apartment,2500000.0,2.0,2.0,1.0,,,
3 Bedroom House,7500000.0,3.0,35.0,4.0,1100.0,,
2 Bedroom Apartment,595000.0,2.0,1.0,2.0,,,
4 Bedroom House,3250000.0,4.0,25.0,4.0,1569.0,,
3 Bedroom Townhouse,1300000.0,3.0,25.0,2.0,6294.0,,
3 Bedroom House,,3.0,3.0,4.0,1012.0,,
3 Bedroom House,1195000.0,3.0,3.0,5.0,967.0,,
4 Bedroom House,3800000.0,4.0,2.0,4.0,1651.0,,
5 Bedroom House,3800000.0,5.0,4.0,6.0,1035.0,,
3 Bedroom House,1800000.0,3.0,3.0,3.0,673.0,,
3 Bedroom Townhouse,1595000.0,3.0,2.0,4.0,,,
4 Bedroom Apartment,7250000.0,4.0,45.0,4.0,,"8 Altura, 550 Zimbali Lakes",
3 Bedroom Townhouse,795000.0,3.0,2.0,4.0,927.0,,
4 Bedroom Townhouse,4500000.0,4.0,4.0,4.0,1471.0,,
2 Bedroom Apartment,2785000.0,2.0,2.0,1.0,,"14 Ss Husk, 511 Langa Ridge , Husk Apartments",
3 Bedroom House,2875000.0,3.0,35.0,3.0,735.0,,
3 Bedroom Townhouse,1900000.0,3.0,2.0,1.0,,"1 Ss Amourette, 615 Currie Road",
2 Bedroom Apartment,630000.0,2.0,2.0,1.0,,3 Malcolm Avenue,
2 Bedroom Apartment,845000.0,2.0,2.0,1.0,,154 Scott Street,
5 Bedroom House,5500000.0,5.0,4.0,4.0,1055.0,,
2 Bedroom Apartment,1150000.0,2.0,1.0,1.0,,,
6 Bedroom House,4400000.0,6.0,6.0,3.0,2013.0,,
3 Bedroom House,,3.0,3.0,4.0,1012.0,,
2 Bedroom House,875000.0,2.0,1.0,1.0,549.0,,
2 Bedroom House,795000.0,2.0,1.0,2.0,358.0,,
2 Bedroom Apartment,1250000.0,2.0,2.0,2.0,,"14 Musgrave Heights, 132 Musgrave Avenue",
3 Bedroom House,1195000.0,3.0,2.0,5.0,315.0,,
3 Bedroom House,1220000.0,3.0,1.0,4.0,31359.0,,
3 Bedroom Apartment,5295000.0,3.0,2.0,2.0,,,
3 Bedroom Apartment,1080000.0,3.0,2.0,1.0,,,
5 Bedroom House,12075000.0,5.0,5.0,2.0,1012.0,195 Sea View Drive,
2 Bedroom Apartment,895000.0,2.0,1.0,2.0,,,
Apartment,750000.0,,,,,,
9 Bedroom House,2650000.0,9.0,9.0,1.0,2000.0,4 Margate Drive,
2 Bedroom Townhouse,995000.0,2.0,1.0,1.0,1120.0,,
1 Bedroom Apartment,850000.0,1.0,1.0,,,,
2 Bedroom Apartment,750000.0,2.0,1.0,1.0,,,
3 Bedroom Apartment,1080000.0,3.0,2.0,1.0,,,
4 Bedroom House,2400000.0,4.0,3.0,1.0,419927.0,,
3 Bedroom House,795000.0,3.0,2.0,4.0,465.0,,
3 Bedroom House,930000.0,3.0,1.0,1.0,1005.0,,
2 Bedroom Apartment,690000.0,2.0,1.0,1.0,,,
3 Bedroom House,1400000.0,3.0,2.0,,1605.0,,
2 Bedroom Apartment,740000.0,2.0,1.0,2.0,,,
3 Bedroom House,5520000.0,3.0,2.0,4.0,770.0,1995 Marine Drive,
4 Bedroom House,3800000.0,4.0,2.0,6.0,1570.0,,
3 Bedroom House,950000.0,3.0,15.0,2.0,212.0,,
5 Bedroom House,4240000.0,5.0,5.0,3.0,1155.0,,
2 Bedroom House,,2.0,1.0,1.0,116.0,"Flat No 36, Lighthouse, 14 Chartwell Drive, Umhlanga Rocks,",
3 Bedroom House,1199000.0,3.0,1.0,5.0,419.0,,
3 Bedroom House,1585000.0,3.0,2.0,3.0,934.0,,
1 Bedroom Apartment,535000.0,1.0,1.0,1.0,,,
3 Bedroom Apartment,2200000.0,3.0,2.0,2.0,,,
4 Bedroom House,1650000.0,4.0,2.0,6.0,756.0,,
3 Bedroom House,1675000.0,3.0,2.0,6.0,1806.0,,
2 Bedroom House,3200000.0,2.0,2.0,2.0,,,
2.5 Bedroom Townhouse,,25.0,1.0,1.0,20050.0,,
3 Bedroom Apartment,995000.0,3.0,2.0,,,,
2 Bedroom House,1425000.0,2.0,2.0,8.0,418.0,,
5 Bedroom House,1890000.0,5.0,25.0,3.0,1499.0,400 Selkirk Place,
3 Bedroom Apartment,995000.0,3.0,2.0,3.0,,,
3 Bedroom House,1675000.0,3.0,2.0,6.0,1806.0,,
1 Bedroom Apartment,819000.0,1.0,1.0,1.0,,,
5 Bedroom House,2799000.0,5.0,4.0,8.0,2025.0,,
2 Bedroom Apartment,780000.0,2.0,2.0,1.0,,395 Andrew Zondo Road,
3 Bedroom House,1050000.0,3.0,1.0,2.0,307.0,,
1 Bedroom Apartment,1425000.0,1.0,1.0,2.0,,"10 Bentley Estate, 10 Dolphin Crescent",
5 Bedroom House,2490000.0,5.0,3.0,,2818.0,,
4 Bedroom Townhouse,1600000.0,4.0,2.0,2.0,89897.0,,
3 Bedroom House,600000.0,3.0,2.0,1.0,492.0,,
2 Bedroom Apartment,1950000.0,2.0,2.0,2.0,,,
3 Bedroom House,1720000.0,3.0,2.0,10.0,495.0,,
2 Bedroom Apartment,1127675.0,2.0,2.0,2.0,,,
2 Bedroom Townhouse,1400000.0,2.0,2.0,2.0,,"2 Ss Wharncliffe, 84 Gordon Road",
3 Bedroom House,2400000.0,3.0,2.0,2.0,423.0,,
2 Bedroom Apartment,875000.0,2.0,1.0,2.0,,,
4 Bedroom Apartment,5500000.0,4.0,3.0,3.0,,,
4 Bedroom House,3300000.0,4.0,2.0,2.0,1300.0,,
3 Bedroom House,950000.0,3.0,1.0,,669.0,,
1 Bedroom Apartment,2325000.0,1.0,1.0,1.0,,,
3 Bedroom House,3200000.0,3.0,2.0,3.0,415.0,29 Kilburn Avenue,
10 Bedroom House,3600000.0,10.0,2.0,6.0,858.0,469 King Dinuzulu Road,
3 Bedroom House,899000.0,3.0,1.0,6.0,344.0,,
3 Bedroom Apartment,1000000.0,3.0,15.0,1.0,,"1 Beacon Hill, 32 Roberts Road",
4 Bedroom House,1850000.0,4.0,1.0,3.0,1024.0,,
3 Bedroom House,2400000.0,3.0,2.0,2.0,423.0,,
1 Bedroom Apartment,725000.0,1.0,1.0,1.0,,,
1 Bedroom Apartment,530000.0,1.0,1.0,1.0,,,
3 Bedroom House,550000.0,3.0,1.0,4.0,413.0,,
2 Bedroom Townhouse,770000.0,2.0,2.0,4.0,,,
3 Bedroom Apartment,1490000.0,3.0,2.0,1.0,,,
1 Bedroom Apartment,525000.0,1.0,1.0,,,,
6 Bedroom House,795000.0,6.0,2.0,1.0,1848.0,,
House,360000.0,,,,,,
4 Bedroom House,1900000.0,4.0,2.0,1.0,1100.0,,
6 Bedroom House,2000000.0,6.0,2.0,1.0,1391.0,,
15 Bedroom Apartment,2500000.0,15.0,10.0,5.0,,,
1 Bedroom Apartment,525000.0,1.0,1.0,,,,
1 Bedroom House,195000.0,1.0,1.0,4.0,,,
0.5 Bedroom Apartment,450000.0,5.0,1.0,,,,
3 Bedroom Apartment,762000.0,3.0,2.0,1.0,,,
3 Bedroom Apartment,3995000.0,3.0,2.0,1.0,,,
House,3000000.0,,,,1824.0,,
1 Bedroom Apartment,1049000.0,1.0,1.0,1.0,,"47 Henderson Road, Athlone, Pietermaritzburg",
2 Bedroom Apartment,650000.0,2.0,2.0,1.0,,,
6 Bedroom House,1340000.0,6.0,3.0,2.0,1190.0,,
3 Bedroom House,,3.0,1.0,,608.0,,
1.5 Bedroom Apartment,680000.0,15.0,1.0,1.0,,,
2 Bedroom Apartment,685000.0,2.0,1.0,1.0,,,
2 Bedroom Apartment,2785000.0,2.0,2.0,2.0,,,
4 Bedroom House,1795000.0,4.0,2.0,4.0,360.0,,
3 Bedroom House,3850000.0,3.0,25.0,2.0,,"Type B1 Edgecliff Views, 2a Edgecliff Drive",
3 Bedroom Apartment,3200000.0,3.0,2.0,2.0,,,
4 Bedroom House,14500000.0,4.0,35.0,6.0,1414.0,,
3 Bedroom Apartment,2195000.0,3.0,2.0,1.0,,,
1 Bedroom Apartment,750000.0,1.0,1.0,1.0,,,
2 Bedroom Apartment,2750000.0,2.0,2.0,2.0,,,
2 Bedroom Apartment,950000.0,2.0,1.0,1.0,,,
2 Bedroom Townhouse,1150000.0,2.0,1.0,1.0,,,
4 Bedroom Townhouse,7800000.0,4.0,3.0,4.0,,,
1 Bedroom Apartment,805000.0,1.0,1.0,1.0,,"275 Gladys Manzini Road, 5122 Hesketh Estate",
3 Bedroom Apartment,1950000.0,3.0,2.0,1.0,,,
4 Bedroom House,2180000.0,4.0,3.0,3.0,810.0,,
3 Bedroom House,1150000.0,3.0,1.0,3.0,735.0,,
3 Bedroom Apartment,4800000.0,3.0,2.0,1.0,,,
3 Bedroom Apartment,3200000.0,3.0,2.0,2.0,,,
1 Bedroom Apartment,550000.0,1.0,1.0,,,,
3 Bedroom Townhouse,2695000.0,3.0,2.0,2.0,,,
3 Bedroom Townhouse,965000.0,3.0,2.0,2.0,,,
3 Bedroom Townhouse,2900000.0,3.0,4.0,4.0,4053.0,,
3 Bedroom Apartment,1350000.0,3.0,2.0,1.0,,,
3 Bedroom House,850000.0,3.0,1.0,4.0,509.0,,
5 Bedroom House,800000.0,5.0,2.0,2.0,450.0,,
4 Bedroom House,1020000.0,4.0,2.0,2.0,232.0,,
4 Bedroom House,2250000.0,4.0,3.0,,1519.0,,
1 Bedroom Apartment,6500000.0,1.0,1.0,1.0,,,
1 Bedroom Apartment,380000.0,1.0,1.0,1.0,,,
4 Bedroom Townhouse,8500000.0,4.0,4.0,4.0,5929.0,246 Yellowwood Drive,
3 Bedroom Townhouse,4025000.0,3.0,2.0,3.0,,,
2 Bedroom Apartment,3950000.0,2.0,2.0,4.0,,P228 Sheffield Beach Road,
3 Bedroom House,699000.0,3.0,2.0,,,,
2 Bedroom Townhouse,240000.0,2.0,1.0,1.0,6371.0,,
3 Bedroom House,975000.0,3.0,2.0,2.0,,,
3 Bedroom House,2950000.0,3.0,2.0,2.0,,21 Malcolm Welfare Circle,
3 Bedroom House,3150000.0,3.0,2.0,2.0,350.0,68 Kariba Crescent,
3 Bedroom House,975000.0,3.0,2.0,2.0,,,
1 Bedroom Apartment,565000.0,1.0,1.0,1.0,,"47 Agulhas, 3 Topham Road",
3 Bedroom Apartment,1100000.0,3.0,2.0,2.0,,23 Lagoon Road,
4 Bedroom House,,4.0,5.0,6.0,6069.0,,
24 Bedroom House,6200000.0,24.0,22.0,10.0,848.0,,
6 Bedroom House,1650000.0,6.0,2.0,4.0,456.0,,
3 Bedroom House,830000.0,3.0,1.0,4.0,434.0,,
3 Bedroom House,2500000.0,3.0,25.0,2.0,1468.0,,
7 Bedroom House,1999000.0,7.0,4.0,6.0,991.0,,
2 Bedroom Townhouse,1170000.0,2.0,1.0,1.0,9380.0,"17 Ss Marabou Estate, 42 Pipit Place",
5 Bedroom House,3500000.0,5.0,45.0,,1036.0,,
4 Bedroom House,1695000.0,4.0,3.0,8.0,1091.0,,
4 Bedroom House,3295000.0,4.0,3.0,3.0,979.0,,
12 Bedroom House,8995000.0,12.0,10.0,3.0,1132.0,,
2 Bedroom Apartment,895000.0,2.0,2.0,2.0,,,
6 Bedroom House,1850000.0,6.0,2.0,8.0,979.0,,
1 Bedroom Apartment,490000.0,1.0,1.0,,,,
6 Bedroom House,1850000.0,6.0,2.0,8.0,979.0,,
4 Bedroom House,1125000.0,4.0,2.0,2.0,1250.0,,
2 Bedroom House,2975000.0,2.0,2.0,4.0,195.0,,
3 Bedroom House,1450000.0,3.0,2.0,4.0,1088.0,,
3 Bedroom Apartment,2800000.0,3.0,2.0,1.0,,,
2 Bedroom Apartment,675000.0,2.0,2.0,1.0,,1 Uplands Road,
2 Bedroom Townhouse,2400000.0,2.0,2.0,2.0,,2 Weaver Crescent Drive,
2 Bedroom Apartment,715000.0,2.0,1.0,1.0,,176 Blamey Road,
3 Bedroom Townhouse,1060000.0,3.0,3.0,1.0,,,
2 Bedroom Apartment,1650000.0,2.0,15.0,,,,
2 Bedroom Apartment,765000.0,2.0,2.0,1.0,,,
3 Bedroom Townhouse,950000.0,3.0,2.0,1.0,260538.0,,
3 Bedroom House,4350000.0,3.0,2.0,2.0,,,
2 Bedroom Apartment,2750000.0,2.0,2.0,2.0,,,
4 Bedroom House,850000.0,4.0,3.0,,1020.0,,
3 Bedroom House,1350000.0,3.0,2.0,4.0,598.0,,
5 Bedroom House,1180000.0,5.0,35.0,2.0,605.0,,
3 Bedroom House,4350000.0,3.0,2.0,2.0,,,
4 Bedroom House,1620000.0,4.0,2.0,3.0,2023.0,,
3 Bedroom House,1950000.0,3.0,2.0,1.0,167.0,,
10 Bedroom House,3200000.0,10.0,10.0,6.0,1267.0,,
2 Bedroom Apartment,450000.0,2.0,1.0,,,,
1 Bedroom Apartment,839500.0,1.0,1.0,1.0,,,
1 Bedroom Apartment,500000.0,1.0,1.0,,54.0,,
3 Bedroom House,4100000.0,3.0,2.0,5.0,4047.0,,
4 Bedroom House,3200000.0,4.0,25.0,2.0,944.0,,
4 Bedroom House,2350000.0,4.0,2.0,2.0,732.0,,
Townhouse,8000000.0,,,,3695.0,,
9 Bedroom House,7900000.0,9.0,6.0,8.0,17260.0,,
3 Bedroom House,1650000.0,3.0,2.0,2.0,418.0,,
3.5 Bedroom Apartment,1395000.0,35.0,25.0,2.0,,,
3 Bedroom Apartment,756000.0,3.0,1.0,1.0,,,
4 Bedroom House,2790000.0,4.0,2.0,3.0,2546.0,,
2 Bedroom Apartment,2785000.0,2.0,2.0,1.0,,,
3 Bedroom House,1200000.0,3.0,2.0,4.0,,,
6 Bedroom House,1595000.0,6.0,5.0,5.0,703.0,,
3 Bedroom Apartment,2150000.0,3.0,2.0,1.0,,,
2 Bedroom Apartment,625000.0,2.0,1.0,1.0,,,
5 Bedroom House,780000.0,5.0,3.0,1.0,360.0,,
2 Bedroom Apartment,570000.0,2.0,1.0,1.0,,,
1 Bedroom Apartment,620000.0,1.0,1.0,1.0,,,
2 Bedroom Apartment,685000.0,2.0,1.0,1.0,,,
2 Bedroom Apartment,882000.0,2.0,2.0,1.0,,,
15 Bedroom Apartment,4500000.0,15.0,15.0,,,,
2 Bedroom Apartment,1595000.0,2.0,1.0,2.0,,,
2 Bedroom Apartment,630000.0,2.0,2.0,2.0,,,
2 Bedroom Apartment,2785000.0,2.0,2.0,1.0,,,
2 Bedroom Townhouse,590000.0,2.0,1.0,1.0,1893.0,,
2 Bedroom Apartment,1200000.0,2.0,1.0,1.0,,,
2 Bedroom House,760000.0,2.0,2.0,1.0,184559.0,,
2 Bedroom Apartment,1595000.0,2.0,1.0,2.0,,,
3 Bedroom Apartment,3700000.0,3.0,3.0,,133.0,74 Aurora Drive,
2 Bedroom Apartment,1095000.0,2.0,1.0,1.0,,,
3 Bedroom Apartment,3650000.0,3.0,2.0,2.0,,,
4 Bedroom House,1800000.0,4.0,1.0,1.0,1600.0,,
3 Bedroom House,900000.0,3.0,1.0,1.0,69.0,,
2 Bedroom House,475000.0,2.0,1.0,6.0,226.0,52 Sarojini Road,
4 Bedroom House,1800000.0,4.0,1.0,3.0,1208.0,,
2 Bedroom Apartment,745000.0,2.0,1.0,,,,
4.5 Bedroom House,2495000.0,45.0,4.0,3.0,,,
4 Bedroom House,1999000.0,4.0,4.0,3.0,2922.0,,
1 Bedroom Apartment,1575000.0,1.0,1.0,1.0,,,
4 Bedroom House,1449000.0,4.0,3.0,5.0,2023.0,6 Sherwood Crescent,
2 Bedroom Apartment,975000.0,2.0,2.0,1.0,1161.0,40 Sol Harris Crescent,
2 Bedroom Apartment,1365000.0,2.0,1.0,1.0,,,
2 Bedroom Apartment,970000.0,2.0,1.0,,2023.0,,
2 Bedroom House,650000.0,2.0,1.0,2.0,280.0,,
2 Bedroom House,475000.0,2.0,1.0,6.0,226.0,52 Sarojini Road,
8 Bedroom House,30000000.0,8.0,9.0,17.0,,,
3 Bedroom Townhouse,2499000.0,3.0,2.0,4.0,37698.0,,
2 Bedroom Townhouse,5300000.0,2.0,25.0,1.0,,,
4 Bedroom House,1495000.0,4.0,3.0,7.0,704.0,,
1 Bedroom Apartment,750000.0,1.0,2.0,1.0,,,
3 Bedroom House,1700000.0,3.0,2.0,2.0,866.0,,
4 Bedroom House,1800000.0,4.0,3.0,4.0,2195.0,"4 Ss Godshaven, 32 Scotston Road",
3 Bedroom House,2600000.0,3.0,2.0,2.0,372.0,,
4 Bedroom House,1300000.0,4.0,2.0,2.0,1479.0,,
3 Bedroom Apartment,4200000.0,3.0,3.0,3.0,,,
13 Bedroom House,2865000.0,13.0,7.0,2.0,665.0,,
4 Bedroom House,2195000.0,4.0,2.0,5.0,2571.0,,
3 Bedroom Apartment,1500000.0,3.0,3.0,1.0,,,
3 Bedroom House,650000.0,3.0,1.0,1.0,1121.0,,
3 Bedroom Townhouse,1289000.0,3.0,2.0,3.0,386.0,,
4 Bedroom House,930000.0,4.0,2.0,4.0,728.0,,
4 Bedroom House,990000.0,4.0,15.0,3.0,,,
3 Bedroom House,650000.0,3.0,1.0,1.0,1121.0,,
5 Bedroom House,14950000.0,5.0,6.0,4.0,1681.0,"1119 Zululami Luxury Coastal Estate, Sheffield Beach Road",
3 Bedroom House,6379363.0,3.0,2.0,2.0,,,
House,935000.0,,,,,,
4 Bedroom Apartment,4300000.0,4.0,3.0,2.0,,"D47 Sabuti, 4 Sicklebush Lane",
6 Bedroom Apartment,3300000.0,6.0,6.0,4.0,450.0,,
2.5 Bedroom Apartment,1050000.0,25.0,15.0,1.0,,,
2.5 Bedroom Apartment,1495000.0,25.0,1.0,2.0,,,
2 Bedroom Apartment,1298000.0,2.0,2.0,,,,
3 Bedroom Apartment,980000.0,3.0,25.0,3.0,,,
3 Bedroom Townhouse,850000.0,3.0,2.0,2.0,63812.0,,
1 Bedroom Apartment,4500000.0,1.0,1.0,1.0,,,
3 Bedroom Apartment,2650000.0,3.0,2.0,2.0,,,
3 Bedroom Townhouse,1480000.0,3.0,2.0,2.0,23500.0,,
3 Bedroom Apartment,2695000.0,3.0,2.0,2.0,,71 Colin Street,
5 Bedroom House,4800000.0,5.0,25.0,12.0,5275.0,29 + 31 Alida Place,
4 Bedroom Townhouse,2900000.0,4.0,3.0,2.0,3371.0,"432 Harrogate Hall, 432 Stephen Dlamini Road",
4 Bedroom House,2100000.0,4.0,4.0,4.0,599.0,,
3 Bedroom House,5375000.0,3.0,2.0,4.0,752.0,,
2 Bedroom House,1300000.0,2.0,2.0,4.0,1476.0,21 Junonia Road,
7 Bedroom House,2430000.0,7.0,3.0,4.0,1286.0,,
2 Bedroom Apartment,1750000.0,2.0,2.0,2.0,,,
3 Bedroom House,1950000.0,3.0,15.0,1.0,1617.0,10 Knots Landing Street,
1 Bedroom Apartment,4500000.0,1.0,1.0,1.0,,,
5 Bedroom House,8000000.0,5.0,3.0,1.0,1582.0,,
4 Bedroom House,1400000.0,4.0,2.0,2.0,1031.0,,
5 Bedroom Townhouse,5995000.0,5.0,4.0,2.0,1059.0,,
5 Bedroom House,4700000.0,5.0,45.0,6.0,1313.0,379 Wetherly Crescent,
7 Bedroom House,2650000.0,7.0,7.0,6.0,1016.0,,
3 Bedroom Townhouse,1200000.0,3.0,2.0,4.0,3648.0,,
2 Bedroom Apartment,654000.0,2.0,2.0,,,,
3 Bedroom House,890000.0,3.0,1.0,,300.0,39 Elkhorn Grove,
3 Bedroom Townhouse,960000.0,3.0,3.0,2.0,4186.0,,
5 Bedroom House,1250000.0,5.0,4.0,1.0,380.0,,
3 Bedroom Apartment,5695000.0,3.0,35.0,2.0,,1 Tinderwood Loop,
2 Bedroom Apartment,654000.0,2.0,2.0,,,,
3 Bedroom Townhouse,2850000.0,3.0,2.0,4.0,5739.0,,
2 Bedroom Townhouse,585000.0,2.0,1.0,1.0,,,
2 Bedroom Apartment,3700000.0,2.0,2.0,2.0,,,
2 Bedroom Townhouse,880000.0,2.0,2.0,1.0,19052.0,,
4 Bedroom House,1985000.0,4.0,2.0,2.0,1805.0,,
3 Bedroom Townhouse,3490000.0,3.0,25.0,6.0,256.0,,
1 Bedroom Apartment,1670000.0,1.0,1.0,2.0,,,
4 Bedroom Apartment,4700000.0,4.0,3.0,3.0,,,
4 Bedroom House,995000.0,4.0,2.0,5.0,552.0,,
2 Bedroom Townhouse,650000.0,2.0,1.0,1.0,56083.0,,
2 Bedroom Apartment,670000.0,2.0,1.0,1.0,,,
3 Bedroom Apartment,1565000.0,3.0,2.0,1.0,,,
1 Bedroom Apartment,1655375.0,1.0,2.0,1.0,,,
2 Bedroom Townhouse,2350000.0,2.0,2.0,1.0,,,
4 Bedroom House,2900000.0,4.0,2.0,8.0,,33 Woolston Road,
7 Bedroom House,2990000.0,7.0,5.0,2.0,2328.0,,
1 Bedroom Apartment,1380000.0,1.0,1.0,1.0,,"433 San Lameer Lower South Coast Kwa-Zulu Natal N2s R61, San Lameer.",
5 Bedroom House,3500000.0,5.0,4.0,1.0,2499.0,,
3 Bedroom Townhouse,4024000.0,3.0,2.0,2.0,,,
3 Bedroom Apartment,1550000.0,3.0,2.0,2.0,,"52 Ss La Mercy Village, 206 South Beach Road",
4 Bedroom House,1640000.0,4.0,2.0,2.0,1030.0,810 Clacton Crescent,
House,3750000.0,,,,779.0,,
4 Bedroom House,1640000.0,4.0,2.0,2.0,1030.0,810 Clacton Crescent,
2 Bedroom House,700000.0,2.0,1.0,10.0,293.0,,
2 Bedroom House,700000.0,2.0,2.0,2.0,,,
2 Bedroom Apartment,495000.0,2.0,1.0,,,,
3 Bedroom House,1195000.0,3.0,2.0,8.0,465.0,,
4 Bedroom House,1350000.0,4.0,2.0,4.0,924.0,,
3 Bedroom Apartment,2900000.0,3.0,2.0,1.0,,"14 La Colina, Ballito Gardens Estate",
3 Bedroom Apartment,1395000.0,3.0,3.0,1.0,,1130 East Street,
2 Bedroom Apartment,800000.0,2.0,2.0,2.0,,,
4 Bedroom House,5199000.0,4.0,3.0,4.0,,,
1 Bedroom Apartment,950000.0,1.0,1.0,1.0,,,
5 Bedroom House,2300000.0,5.0,3.0,2.0,1334.0,398 Selkirk Place,
3 Bedroom House,1550000.0,3.0,3.0,6.0,,,
3 Bedroom Apartment,890000.0,3.0,2.0,2.0,,1a Ramsay Road,
3 Bedroom Apartment,1200000.0,3.0,2.0,2.0,,3 Siphosethu Road,
8 Bedroom House,1750000.0,8.0,5.0,5.0,1663.0,,
3 Bedroom Apartment,2850000.0,3.0,3.0,2.0,,,
2 Bedroom Apartment,1050000.0,2.0,2.0,1.0,,,
2 Bedroom Apartment,770000.0,2.0,1.0,1.0,,,
3 Bedroom Townhouse,1600000.0,3.0,1.0,2.0,,,
2 Bedroom Apartment,699000.0,2.0,1.0,1.0,62.0,,
3 Bedroom Apartment,1350000.0,3.0,2.0,2.0,,,
2 Bedroom Apartment,650000.0,2.0,1.0,,,,
5 Bedroom Apartment,4990000.0,5.0,5.0,6.0,,,
2 Bedroom Apartment,640000.0,2.0,1.0,2.0,,,
8 Bedroom House,1750000.0,8.0,5.0,5.0,1663.0,,
2 Bedroom Apartment,695000.0,2.0,2.0,1.0,,,
4 Bedroom House,1900000.0,4.0,3.0,3.0,1016.0,,
3 Bedroom House,575000.0,3.0,1.0,4.0,260.0,,
3 Bedroom Townhouse,7950000.0,3.0,3.0,2.0,6198.0,,
3 Bedroom House,700000.0,3.0,2.0,7.0,,,
4 Bedroom House,13900000.0,4.0,5.0,2.0,1353.0,1 Blackwood Close,
2 Bedroom Apartment,480000.0,2.0,2.0,,,"124 Rosewood Estate, 70 Jabu Ndlovu Street",
2 Bedroom Apartment,1530000.0,2.0,2.0,1.0,,,
1.5 Bedroom Apartment,1375000.0,15.0,1.0,,,,
3 Bedroom House,3950000.0,3.0,2.0,4.0,532.0,3 Penny Lane,
4 Bedroom House,11500000.0,4.0,45.0,7.0,1332.0,,
3 Bedroom House,2195000.0,3.0,35.0,8.0,1409.0,,
5 Bedroom House,7200000.0,5.0,5.0,5.0,891.0,12 Vuthela Place,
3 Bedroom House,890000.0,3.0,2.0,2.0,,,
3 Bedroom Townhouse,1170000.0,3.0,2.0,2.0,,3 Bosse Street,
1 Bedroom Apartment,1999000.0,1.0,2.0,2.0,,,
House,355000.0,,1.0,1.0,,,
4 Bedroom House,11500000.0,4.0,45.0,7.0,1332.0,,
6 Bedroom House,2950000.0,6.0,55.0,5.0,1328.0,,
4 Bedroom House,1800000.0,4.0,3.0,52.0,1834.0,,
3 Bedroom Townhouse,1390000.0,3.0,25.0,2.0,,,
3 Bedroom Townhouse,4490000.0,3.0,25.0,6.0,,,
3 Bedroom House,850000.0,3.0,2.0,9.0,1144.0,,
3 Bedroom Townhouse,1180000.0,3.0,25.0,1.0,,,
2 Bedroom Apartment,1034317.0,2.0,2.0,1.0,,"Sheffield Beach Rd, Salt Rock, Ballito, 4420",
3 Bedroom House,1790000.0,3.0,25.0,11.0,1008.0,,
3 Bedroom Townhouse,1795000.0,3.0,2.0,2.0,,"1 Floralwood, 17 Inanda Road",
6 Bedroom House,,6.0,5.0,3.0,1256.0,"20 Eastmoor Crescent, Central Umhlanga",
2 Bedroom Townhouse,990000.0,2.0,2.0,4.0,89896.0,,
3 Bedroom House,2700000.0,3.0,2.0,4.0,1014.0,39 Tipuana Drive,
4 Bedroom House,1895000.0,4.0,3.0,3.0,,,
1 Bedroom Apartment,570000.0,1.0,1.0,1.0,,,
5 Bedroom House,4590000.0,5.0,4.0,2.0,1387.0,,
5 Bedroom House,4590000.0,5.0,4.0,2.0,1387.0,,
2 Bedroom Apartment,785000.0,2.0,1.0,1.0,,,
2 Bedroom Apartment,1420000.0,2.0,2.0,1.0,,,
3 Bedroom House,2450000.0,3.0,2.0,3.0,2023.0,,
2 Bedroom Apartment,870000.0,2.0,2.0,1.0,,,
2 Bedroom House,1075000.0,2.0,1.0,1.0,1040.0,,
8 Bedroom Apartment,4000000.0,8.0,8.0,1.0,,,
2 Bedroom Apartment,1550000.0,2.0,2.0,2.0,,,
6 Bedroom House,1300000.0,6.0,3.0,2.0,1341.0,36 Tivoli Gardens,
1 Bedroom Apartment,750000.0,1.0,1.0,2.0,,,
1.5 Bedroom Apartment,450000.0,15.0,1.0,,,,
3 Bedroom House,1820000.0,3.0,2.0,5.0,930.0,,
4 Bedroom House,1150000.0,4.0,2.0,2.0,1325.0,35 Tahiti Drive,
7 Bedroom House,4150000.0,7.0,5.0,12.0,2794.0,,
1 Bedroom Apartment,550000.0,1.0,1.0,1.0,,,
2 Bedroom Apartment,925000.0,2.0,15.0,1.0,,,
3 Bedroom Townhouse,1790000.0,3.0,25.0,,,,
2 Bedroom Townhouse,2950400.0,2.0,2.0,1.0,,,
2 Bedroom Apartment,1950000.0,2.0,2.0,2.0,,,
1 Bedroom Apartment,1800000.0,1.0,1.0,1.0,,,
4 Bedroom House,2295000.0,4.0,3.0,4.0,1013.0,,
2 Bedroom Apartment,2750000.0,2.0,2.0,,,,
3 Bedroom Apartment,1670550.0,3.0,2.0,,,,
2 Bedroom Apartment,1200000.0,2.0,2.0,1.0,,,
1 Bedroom Apartment,550000.0,1.0,1.0,,,189 Prince Street,
House,,,,,463.0,,
5 Bedroom House,900000.0,5.0,2.0,1.0,360.0,,
3 Bedroom House,2800000.0,3.0,3.0,3.0,2872.0,,
4 Bedroom House,2350000.0,4.0,25.0,2.0,880.0,1 Dageraad Street,
2 Bedroom Apartment,1295000.0,2.0,1.0,1.0,,,
4 Bedroom House,,4.0,2.0,3.0,79972.0,Hilldrop Road,
4 Bedroom House,,4.0,2.0,3.0,79972.0,Hilldrop Road,
4 Bedroom House,1099000.0,4.0,2.0,5.0,247.0,,
1 Bedroom Apartment,525000.0,1.0,1.0,,,,
3 Bedroom House,2500000.0,3.0,1.0,1.0,1000.0,103 Krewelkring Street,
3 Bedroom Townhouse,1040000.0,3.0,2.0,3.0,,16 Faux Street,
5 Bedroom House,1995000.0,5.0,4.0,2.0,1112.0,,
4 Bedroom House,3097000.0,4.0,2.0,2.0,643.0,"Bay Hill, 1313 Marine (bay Hill) Drive",
3 Bedroom House,1480000.0,3.0,2.0,1.0,1168.0,,
3 Bedroom House,1480000.0,3.0,2.0,1.0,1168.0,,
3 Bedroom Townhouse,849000.0,3.0,1.0,1.0,,5 Wolseley Road,
2 Bedroom Townhouse,2295000.0,2.0,2.0,1.0,81.0,561 Kassier Road,
3 Bedroom Apartment,450000.0,3.0,1.0,1.0,,,
5 Bedroom House,1495000.0,5.0,2.0,4.0,,,
2 Bedroom Apartment,1380000.0,2.0,2.0,2.0,,"510 Ss Ballito Groves, 1006 Ballito Groves, 510",
2 Bedroom House,2780000.0,2.0,2.0,1.0,332.0,"78, Erf 1496 Lalela Estates",
2 Bedroom Apartment,760000.0,2.0,2.0,2.0,,53 Marine Drive,
3 Bedroom Apartment,4995000.0,3.0,2.0,1.0,,"23 Setai, 1c Forestwood Drive",
2 Bedroom Apartment,760000.0,2.0,2.0,2.0,,"31 Dumela, 1 Manaba Beach Road",
3 Bedroom Townhouse,5195000.0,3.0,3.0,2.0,,67 Tinderwood Close,
3 Bedroom Townhouse,5800000.0,3.0,25.0,4.0,3211.0,,
3 Bedroom Apartment,9950000.0,3.0,3.0,2.0,,"Ss Oyster Schelles, 2c Lighthouse Road",
8 Bedroom House,6900000.0,8.0,3.0,8.0,3167.0,1 Winchester,
3 Bedroom Apartment,10000000.0,3.0,3.0,1.0,,,
3 Bedroom Apartment,1695000.0,3.0,2.0,2.0,,,
1 Bedroom Apartment,750000.0,1.0,1.0,3.0,,,
3 Bedroom House,1300000.0,3.0,2.0,2.0,117.0,,
4 Bedroom House,980000.0,4.0,3.0,1.0,1998.0,,
2 Bedroom Apartment,980000.0,2.0,2.0,2.0,,,
3 Bedroom House,1245000.0,3.0,25.0,5.0,1407.0,,
4 Bedroom House,9000000.0,4.0,5.0,4.0,467.0,,
3 Bedroom Townhouse,1298000.0,3.0,1.0,1.0,,,
3 Bedroom Apartment,1090000.0,3.0,2.0,2.0,,"31 Ss THE Kingfisher, 1111 Marine Drive",
3 Bedroom Apartment,2690000.0,3.0,25.0,2.0,,,
2.5 Bedroom Apartment,1250000.0,25.0,1.0,2.0,,,
3 Bedroom Apartment,4300000.0,3.0,3.0,2.0,,115 Tinderwood Close,
1 Bedroom Apartment,375000.0,1.0,1.0,1.0,,,
3 Bedroom House,795000.0,3.0,1.0,1.0,423.0,,
2.5 Bedroom Apartment,1250000.0,25.0,1.0,2.0,,,
2 Bedroom Apartment,4600000.0,2.0,2.0,1.0,,,
2 Bedroom Townhouse,2121600.0,2.0,1.0,1.0,,2 Country Lane,
5 Bedroom House,8295000.0,5.0,4.0,9.0,24000.0,29 Summerhill Avenue,
3 Bedroom House,900000.0,3.0,15.0,1.0,511.0,,
3 Bedroom House,750000.0,3.0,1.0,3.0,289.0,,
1 Bedroom Apartment,1670000.0,1.0,1.0,1.0,,,
3 Bedroom House,1150000.0,3.0,2.0,6.0,1250.0,,
2 Bedroom House,1000000.0,2.0,2.0,1.0,487.0,,
3 Bedroom Apartment,4400000.0,3.0,2.0,1.0,,"2 Club Ten, 60a Compensation Beach Road",
1.5 Bedroom Apartment,795000.0,15.0,1.0,2.0,,,
3 Bedroom Townhouse,800000.0,3.0,15.0,1.0,10220.0,3 Tagora Street,
3 Bedroom Apartment,1595000.0,3.0,25.0,2.0,,,
5 Bedroom House,2595000.0,5.0,4.0,8.0,5886.0,,
2 Bedroom Apartment,6975000.0,2.0,2.0,1.0,5024.0,,
2 Bedroom Apartment,6885000.0,2.0,2.0,1.0,5024.0,,
3 Bedroom Apartment,7850000.0,3.0,3.0,2.0,5024.0,,
3 Bedroom Apartment,1500000.0,3.0,2.0,1.0,,111 Marine Drive,
2 Bedroom Apartment,1465000.0,2.0,1.0,2.0,,103 Zenith Drive,
4 Bedroom House,1980000.0,4.0,3.0,7.0,1210.0,,
2 Bedroom Apartment,6975000.0,2.0,2.0,1.0,5024.0,,
2 Bedroom Apartment,700000.0,2.0,2.0,1.0,,203 Helen Joseph Road,
3 Bedroom House,3200000.0,3.0,3.0,3.0,900.0,,
2 Bedroom Apartment,1090000.0,2.0,2.0,2.0,,,
2 Bedroom Apartment,920000.0,2.0,1.0,2.0,,,
3 Bedroom House,3200000.0,3.0,2.0,2.0,890.0,,
1 Bedroom Apartment,550000.0,1.0,1.0,1.0,,,
3 Bedroom Apartment,1780000.0,3.0,2.0,3.0,,,
2 Bedroom Apartment,550000.0,2.0,1.0,1.0,,38 Dunne Road,
7 Bedroom House,4495000.0,7.0,5.0,4.0,557.0,,
4 Bedroom House,1250000.0,4.0,3.0,4.0,201.0,,
2 Bedroom Apartment,875000.0,2.0,1.0,1.0,,1 Mayville Terrace,
4 Bedroom Apartment,4250000.0,4.0,3.0,4.0,,,
2 Bedroom Apartment,2500000.0,2.0,1.0,1.0,147.0,,
1 Bedroom Apartment,999000.0,1.0,1.0,,,,
3 Bedroom Townhouse,4780000.0,3.0,25.0,1.0,41.0,2 Marula Close,
3 Bedroom House,1495000.0,3.0,2.0,2.0,284.0,,
7 Bedroom House,5600000.0,7.0,6.0,5.0,2807.0,,
3 Bedroom Apartment,1980000.0,3.0,2.0,1.0,,1 Simbithi Drive,
2 Bedroom Apartment,1295000.0,2.0,2.0,2.0,,,
3 Bedroom Townhouse,1570000.0,3.0,2.0,5.0,1815.0,,
3 Bedroom Apartment,950000.0,3.0,2.0,3.0,,"4 Ss Villa Cordoba, 23 Crown Road",
3 Bedroom House,460000.0,3.0,2.0,1.0,,,
3 Bedroom House,800000.0,3.0,1.0,1.0,746.0,,
4 Bedroom House,1590000.0,4.0,3.0,2.0,1007.0,,
3 Bedroom House,1890000.0,3.0,2.0,4.0,,,
4 Bedroom House,1395000.0,4.0,2.0,2.0,374.0,,
3 Bedroom Apartment,4500000.0,3.0,25.0,2.0,,"12 Ss Pallazzo De Marina, 9 Ilala Drive",
2 Bedroom Apartment,2450000.0,2.0,2.0,2.0,,,
2 Bedroom Apartment,1295000.0,2.0,2.0,2.0,,,
2 Bedroom Apartment,6336500.0,2.0,2.0,2.0,,,
5 Bedroom House,1495000.0,5.0,4.0,8.0,655.0,,
5 Bedroom House,4250000.0,5.0,4.0,7.0,945.0,,
4 Bedroom Apartment,3990000.0,4.0,2.0,3.0,,,
3 Bedroom House,3150000.0,3.0,2.0,2.0,,,
4 Bedroom House,969000.0,4.0,2.0,7.0,518.0,,
2 Bedroom Apartment,590000.0,2.0,1.0,1.0,,,
1 Bedroom Apartment,280000.0,1.0,1.0,,,,
5 Bedroom House,1400000.0,5.0,2.0,3.0,,,
1 Bedroom House,350000.0,1.0,1.0,4.0,224.0,,
4 Bedroom House,3500000.0,4.0,3.0,2.0,,,
2 Bedroom Apartment,445000.0,2.0,1.0,,,,
3 Bedroom House,849000.0,3.0,1.0,6.0,,,
4 Bedroom House,1700000.0,4.0,3.0,2.0,,,
1.5 Bedroom Apartment,690000.0,15.0,15.0,1.0,75.0,,
2 Bedroom House,930000.0,2.0,2.0,2.0,,,
1.5 Bedroom Apartment,850000.0,15.0,1.0,1.0,71.0,,
3 Bedroom House,975000.0,3.0,1.0,5.0,,,
4 Bedroom House,595000.0,4.0,2.0,,,,
4 Bedroom House,4399999.0,4.0,3.0,2.0,674.0,6 Kotecha Place,
3 Bedroom House,975000.0,3.0,1.0,5.0,,,
3 Bedroom Apartment,2895000.0,3.0,2.0,,2225.0,,
3 Bedroom House,1280000.0,3.0,2.0,1.0,890.0,,
House,250000.0,,,,,,
2 Bedroom Apartment,995000.0,2.0,1.0,,,,
3 Bedroom Townhouse,1600000.0,3.0,2.0,4.0,7657.0,"5 Ss Serenity, 13 Cowry Drive",
1 Bedroom Apartment,650000.0,1.0,1.0,1.0,,,
4 Bedroom Townhouse,2950000.0,4.0,3.0,4.0,2000.0,,
5 Bedroom House,10495000.0,5.0,4.0,4.0,,,
5 Bedroom House,2499000.0,5.0,3.0,6.0,5565.0,,
2 Bedroom Apartment,745000.0,2.0,1.0,1.0,,,
3 Bedroom House,1030000.0,3.0,25.0,2.0,1012.0,,
2 Bedroom Apartment,640000.0,2.0,1.0,,78.0,275 Che Guevara Road,
3 Bedroom Apartment,1800000.0,3.0,2.0,1.0,,,
2 Bedroom Apartment,650000.0,2.0,15.0,1.0,,"24 Cybelle, 29 Teignmouth Road",
3 Bedroom House,850000.0,3.0,2.0,1.0,287.0,,
2 Bedroom House,1245000.0,2.0,1.0,8.0,1010.0,,
2 Bedroom Apartment,1150000.0,2.0,1.0,1.0,,,
3 Bedroom House,975000.0,3.0,1.0,1.0,1378.0,,
3 Bedroom House,720000.0,3.0,1.0,3.0,,40 Oosthysen Drive Suburb,
4 Bedroom House,3790000.0,4.0,2.0,8.0,2525.0,,
2 Bedroom Townhouse,695000.0,2.0,15.0,2.0,,,
3 Bedroom Apartment,1630000.0,3.0,2.0,1.0,,,
1 Bedroom Apartment,650000.0,1.0,1.0,1.0,,,
2 Bedroom Apartment,950000.0,2.0,2.0,2.0,,,
3 Bedroom House,3100000.0,3.0,2.0,2.0,1496.0,,
4 Bedroom House,2850000.0,4.0,35.0,2.0,3743.0,,
3 Bedroom House,1275000.0,3.0,1.0,,898.0,,
1 Bedroom Apartment,895000.0,1.0,1.0,1.0,,,
2 Bedroom Apartment,1500000.0,2.0,2.0,1.0,,,
3 Bedroom House,1895000.0,3.0,2.0,6.0,861.0,,
3 Bedroom House,350000.0,3.0,1.0,,1300.0,,
2 Bedroom Apartment,689000.0,2.0,2.0,1.0,,70 Connor Rd,
3 Bedroom Apartment,3500000.0,3.0,2.0,4.0,,,
4 Bedroom Apartment,1300000.0,4.0,2.0,3.0,102674.0,,
2 Bedroom Apartment,1350000.0,2.0,2.0,2.0,,,
3 Bedroom Townhouse,870000.0,3.0,15.0,1.0,,,
2 Bedroom Apartment,3050000.0,2.0,2.0,2.0,,"53 Lush Condos, Elaleni Coastal Forest Estate",
3 Bedroom House,660000.0,3.0,1.0,,,,
4 Bedroom House,9950000.0,4.0,4.0,10.0,2057.0,,
Apartment,750000.0,,1.0,,,,
4 Bedroom House,4299000.0,4.0,5.0,3.0,1444.0,,
2 Bedroom Apartment,850000.0,2.0,2.0,1.0,,,
1 Bedroom Apartment,1950000.0,1.0,1.0,,,,
3 Bedroom House,1400000.0,3.0,1.0,2.0,483.0,,
4 Bedroom Apartment,1300000.0,4.0,2.0,3.0,102674.0,,
5 Bedroom House,,5.0,4.0,4.0,1400.0,,
3 Bedroom House,1740000.0,3.0,3.0,1.0,,,
3 Bedroom House,1590000.0,3.0,2.0,4.0,,,
1 Bedroom Apartment,1700000.0,1.0,1.0,1.0,,,
2 Bedroom Apartment,1899000.0,2.0,2.0,2.0,,,
1 Bedroom House,1199000.0,1.0,1.0,,1.0,,
2 Bedroom Apartment,3500000.0,2.0,2.0,2.0,,"203 Rixos, 315 Zimbali Lakes",
3 Bedroom House,2200000.0,3.0,2.0,7.0,464.0,,
Apartment,1500000.0,,1.0,,,1 Main Road,
3 Bedroom House,1300000.0,3.0,2.0,,910.0,,
1 Bedroom Apartment,495000.0,1.0,1.0,,,,
3 Bedroom House,1330000.0,3.0,2.0,2.0,1463.0,,
4 Bedroom House,5200000.0,4.0,5.0,4.0,899.0,,
2 Bedroom Apartment,980000.0,2.0,2.0,2.0,,12 Casuarina Road,
3 Bedroom House,900000.0,3.0,2.0,1.0,394.0,4 Deodar Place,
3 Bedroom Apartment,1290000.0,3.0,2.0,1.0,,,
3 Bedroom Apartment,990000.0,3.0,2.0,1.0,,,
2 Bedroom Apartment,650000.0,2.0,2.0,2.0,,51 Marine Drive,
2 Bedroom House,600000.0,2.0,1.0,1.0,450.0,,
2 Bedroom Apartment,1750000.0,2.0,2.0,3.0,,,
3 Bedroom Apartment,1290000.0,3.0,2.0,1.0,,,
3 Bedroom Townhouse,3598000.0,3.0,2.0,2.0,,1 St Malo 17 1st Avenue,
3 Bedroom Townhouse,2650000.0,3.0,2.0,4.0,,"1 San Michelle, . Pascal Road",
3 Bedroom Townhouse,1180000.0,3.0,25.0,1.0,8600.0,,
3 Bedroom House,1370000.0,3.0,2.0,2.0,1214.0,,
1 Bedroom Apartment,695000.0,1.0,1.0,1.0,,,
3 Bedroom Townhouse,1180000.0,3.0,25.0,1.0,8600.0,,
3 Bedroom Townhouse,7950000.0,3.0,3.0,2.0,6687.0,1 Tinderwood Close,
3 Bedroom Apartment,2499000.0,3.0,2.0,2.0,,"142 Barrington, 1 Gazelle Road",
2 Bedroom Apartment,1600000.0,2.0,2.0,1.0,,The Madison 22 Umhlanga Ridge Boulevard,
3 Bedroom Apartment,2590000.0,3.0,3.0,2.0,,,
3 Bedroom Apartment,3125000.0,3.0,3.0,4.0,,1 Cockleshell,
3 Bedroom Townhouse,1500000.0,3.0,2.0,1.0,38390.0,"47 Mtunzi Park, 26 Bermuda Way",
2 Bedroom House,630000.0,2.0,1.0,,,,
2 Bedroom Apartment,1600000.0,2.0,2.0,1.0,,,
3 Bedroom House,1495000.0,3.0,2.0,3.0,1115.0,,
1 Bedroom Apartment,490000.0,1.0,1.0,,,,
5 Bedroom House,7999999.0,5.0,5.0,10.0,897.0,"Kindlewood Estate, 8 Vuthela Place",
2 Bedroom Apartment,3300000.0,2.0,2.0,2.0,,,
3 Bedroom Apartment,1625000.0,3.0,2.0,2.0,,"29 Ss Sahiti Gardens, 2 Dolphin Avenue, Unit 29 Sahiti Gardens",
3 Bedroom House,1950000.0,3.0,2.0,1.0,640.0,9486 Mamisa Avenue,
3 Bedroom House,2895000.0,3.0,2.0,6.0,426.0,"205 Dragontree, Westwood Quarter",
4 Bedroom House,2335000.0,4.0,35.0,2.0,1795.0,,
5 Bedroom House,10950000.0,5.0,55.0,9.0,800.0,,
5 Bedroom House,3199000.0,5.0,4.0,7.0,462.0,,
4 Bedroom House,1400000.0,4.0,2.0,3.0,2024.0,,
3 Bedroom House,1450000.0,3.0,2.0,,1300.0,,
2 Bedroom House,1390000.0,2.0,2.0,2.0,468.0,"4 Hilltop Farm Estate, 4 Kamberg",
1 Bedroom Apartment,3900000.0,1.0,1.0,1.0,,,
1 Bedroom Apartment,1020000.0,1.0,1.0,,,8 Palm Boulevard,
3 Bedroom Apartment,1565000.0,3.0,2.0,1.0,,,
5 Bedroom House,4800000.0,5.0,3.0,6.0,1097.0,105 Glendrive,
3 Bedroom House,600000.0,3.0,2.0,1.0,14183.0,,
3 Bedroom Townhouse,820000.0,3.0,2.0,2.0,205.0,,
3 Bedroom Townhouse,1890000.0,3.0,2.0,4.0,,,
3 Bedroom Apartment,2950000.0,3.0,2.0,1.0,,,
11 Bedroom House,14250000.0,11.0,95.0,11.0,2831.0,,
4 Bedroom Apartment,12500000.0,4.0,4.0,2.0,,,
2 Bedroom Townhouse,530000.0,2.0,2.0,2.0,40272.0,,
2 Bedroom Apartment,4250000.0,2.0,2.0,2.0,,,
3 Bedroom Apartment,12695000.0,3.0,4.0,2.0,,,
3 Bedroom Apartment,3450000.0,3.0,2.0,2.0,,,
3 Bedroom Townhouse,820000.0,3.0,2.0,2.0,205.0,,
10 Bedroom House,4100000.0,10.0,10.0,8.0,785.0,,
2 Bedroom Apartment,1465000.0,2.0,1.0,1.0,,95 Zenith Drive,
3 Bedroom Apartment,2550000.0,3.0,2.0,8.0,,,
12 Bedroom House,16000000.0,12.0,12.0,32.0,19760.0,,
3 Bedroom House,1150000.0,3.0,2.0,2.0,495.0,,
2 Bedroom Townhouse,799000.0,2.0,2.0,2.0,1556.0,138 Wood Road,
3 Bedroom Townhouse,1799000.0,3.0,2.0,4.0,3416.0,"1 Ss Queenville Heights, 2 Thornbury Way",
3 Bedroom Apartment,2700000.0,3.0,2.0,1.0,,,
3 Bedroom Apartment,990000.0,3.0,1.0,1.0,,92 Main Road,
2 Bedroom House,650000.0,2.0,1.0,3.0,979.0,Azad Road,
3 Bedroom Apartment,1495000.0,3.0,2.0,3.0,,,
3 Bedroom House,5250000.0,3.0,3.0,1.0,,1 Ferox,
2 Bedroom Apartment,1750000.0,2.0,1.0,2.0,,"78 Augusta Ridge Eco Estate, 1 Worlds View Drive",
1.5 Bedroom Apartment,750000.0,15.0,1.0,2.0,,"8 Ss Lutton, 6 Philip Avenue",
2.5 Bedroom Apartment,975000.0,25.0,1.0,,,,
4 Bedroom Townhouse,9575000.0,4.0,4.0,4.0,6188.0,,
2 Bedroom Townhouse,950000.0,2.0,1.0,2.0,,,
3 Bedroom House,1150000.0,3.0,2.0,5.0,274.0,,
2.5 Bedroom Apartment,975000.0,25.0,1.0,,,,
1 Bedroom Apartment,740000.0,1.0,1.0,1.0,,,
8 Bedroom House,3950000.0,8.0,6.0,1.0,1968.0,,
3 Bedroom House,1700000.0,3.0,2.0,3.0,342.0,,
4 Bedroom House,2950000.0,4.0,2.0,7.0,708.0,126 Venice Road,
4 Bedroom House,4000000.0,4.0,45.0,,3000.0,15 Weavers Nature Park,
1 Bedroom Apartment,1350000.0,1.0,1.0,1.0,,,
4 Bedroom House,6800000.0,4.0,4.0,4.0,657.0,65 Flatcrown Circle,
3 Bedroom Townhouse,7950000.0,3.0,35.0,2.0,6198.0,"27 Ss Oceans Edge, 15-17 Leadwood Loop, Unit 27 Oceans Edge",
2 Bedroom Apartment,890000.0,2.0,15.0,1.0,,,
4 Bedroom House,480000.0,4.0,2.0,7.0,1000.0,,
2 Bedroom Apartment,900000.0,2.0,1.0,2.0,,71 Fyfe Road,
2 Bedroom Apartment,1090000.0,2.0,2.0,2.0,,"47 Ss Amandonia, 25 Beach Road",
3 Bedroom Townhouse,1350000.0,3.0,25.0,2.0,7240.0,15 Challenor Ridge,
3 Bedroom House,2575000.0,3.0,2.0,7.0,3607.0,21 Clement Stott Road,
3 Bedroom Apartment,9585000.0,3.0,35.0,2.0,,"703 The Skye Ridgeside, 1 Vuna Close",
3 Bedroom Apartment,8701050.0,3.0,35.0,2.0,,"503 The Skye Ridgeside, 1 Vuna Close",
3 Bedroom Apartment,7680000.0,3.0,35.0,2.0,,"303 The Skye Ridgeside, 1 Vuna Close",
3 Bedroom House,1199000.0,3.0,2.0,4.0,2480.0,,
1 Bedroom Apartment,1350000.0,1.0,1.0,1.0,,,
3 Bedroom Apartment,1499900.0,3.0,2.0,2.0,,,
2 Bedroom Apartment,2850000.0,2.0,2.0,2.0,,17 Forest View,
3 Bedroom House,2495000.0,3.0,2.0,3.0,1296.0,,
House,1320000.0,,,,,,
3 Bedroom House,595000.0,3.0,1.0,,,,
1 Bedroom Apartment,500000.0,1.0,1.0,1.0,,"25 Ss Tremley, 15 Ebor Avenue",
2 Bedroom Apartment,950000.0,2.0,1.0,,,,
3 Bedroom Townhouse,4500000.0,3.0,2.0,2.0,,2 Marula Close,
3 Bedroom House,1180000.0,3.0,2.0,2.0,2276.0,,
3 Bedroom Apartment,995000.0,3.0,2.0,2.0,,,
3 Bedroom House,1195000.0,3.0,2.0,4.0,1584.0,,
4 Bedroom House,8995000.0,4.0,3.0,4.0,1115.0,,
3 Bedroom Apartment,3400000.0,3.0,25.0,2.0,,,
7 Bedroom House,3295000.0,7.0,5.0,5.0,2023.0,23 Homestead Avenue,
3 Bedroom House,890000.0,3.0,2.0,2.0,274.0,,
4 Bedroom House,4500000.0,4.0,3.0,8.0,1194.0,124 Round The Green Street,
1 Bedroom Apartment,525000.0,1.0,15.0,1.0,,,
2 Bedroom Townhouse,1650000.0,2.0,2.0,2.0,,107 Padfield Road,
3 Bedroom Townhouse,2350000.0,3.0,2.0,1.0,380.0,,
5 Bedroom House,14900000.0,5.0,5.0,5.0,1270.0,,
3 Bedroom House,1650000.0,3.0,1.0,2.0,2044.0,,
4 Bedroom House,4500000.0,4.0,2.0,10.0,1012.0,9 Lindsay Drive,
4 Bedroom Apartment,4350000.0,4.0,3.0,2.0,14426.0,,
3 Bedroom Apartment,895000.0,3.0,2.0,5.0,,,
3 Bedroom Apartment,995000.0,3.0,2.0,2.0,,,
2 Bedroom Apartment,790000.0,2.0,2.0,2.0,,,
5 Bedroom House,1650000.0,5.0,4.0,8.0,724.0,,
2 Bedroom House,650000.0,2.0,1.0,2.0,117.0,,
3 Bedroom House,1250000.0,3.0,2.0,3.0,1017.0,,
3 Bedroom House,975000.0,3.0,2.0,,1264.0,,
3 Bedroom House,2800000.0,3.0,2.0,2.0,49692.0,,
2 Bedroom Apartment,550000.0,2.0,1.0,1.0,,,
3 Bedroom Townhouse,2964000.0,3.0,25.0,,874.0,,
2 Bedroom Apartment,500000.0,2.0,1.0,6.0,,,
2 Bedroom Apartment,680000.0,2.0,1.0,1.0,64.0,,
3 Bedroom House,850000.0,3.0,2.0,4.0,,,
2 Bedroom Apartment,650000.0,2.0,1.0,,,31 Prince Street,
3 Bedroom House,1849000.0,3.0,2.0,4.0,1354.0,,
2 Bedroom Apartment,650000.0,2.0,1.0,,,31 Prince Street,
3 Bedroom Apartment,6525000.0,3.0,3.0,4.0,,,
2 Bedroom House,720000.0,2.0,1.0,7.0,,,
4 Bedroom House,1495000.0,4.0,2.0,2.0,725.0,,
3 Bedroom House,499000.0,3.0,1.0,,1293.0,,
4 Bedroom House,1450000.0,4.0,2.0,6.0,1058.0,,
4 Bedroom House,700000.0,4.0,1.0,2.0,322.0,,
3 Bedroom Apartment,3285000.0,3.0,2.0,2.0,,,
3 Bedroom Apartment,2500000.0,3.0,2.0,2.0,,,
1.5 Bedroom Apartment,750000.0,15.0,1.0,1.0,,,
2 Bedroom Apartment,2000000.0,2.0,2.0,1.0,,17 Bellamont Road,
3 Bedroom House,3495000.0,3.0,2.0,2.0,616.0,4 San Zingaro,
3 Bedroom House,3195000.0,3.0,2.0,4.0,1869.0,3 Paradise Place,
3 Bedroom House,4300000.0,3.0,5.0,2.0,652.0,29 Flatcrown Circle,
3 Bedroom Townhouse,1050000.0,3.0,2.0,2.0,83.0,,
2 Bedroom Townhouse,895000.0,2.0,1.0,2.0,,,
2 Bedroom Apartment,775000.0,2.0,2.0,1.0,,,
3 Bedroom House,1450000.0,3.0,2.0,5.0,1024.0,,
2 Bedroom Apartment,1650000.0,2.0,1.0,1.0,,,
2 Bedroom Apartment,750000.0,2.0,1.0,1.0,,,
5 Bedroom House,10500000.0,5.0,5.0,5.0,580.0,,
4 Bedroom Apartment,11995000.0,4.0,5.0,6.0,,,
1 Bedroom Apartment,495000.0,1.0,1.0,1.0,56.0,"1 Ss Pinetown Flats, 144 Josiah Gumede Road",
6 Bedroom House,4495000.0,6.0,7.0,6.0,890.0,,
3 Bedroom Townhouse,1350000.0,3.0,3.0,3.0,4726.0,,
2 Bedroom Apartment,595000.0,2.0,15.0,2.0,,,
2 Bedroom Townhouse,1169000.0,2.0,2.0,1.0,7353.0,"2 Ss La Mer, 12 Kitefish Street",
4 Bedroom House,3800000.0,4.0,3.0,2.0,1042.0,,
5 Bedroom House,10500000.0,5.0,5.0,5.0,580.0,,
5 Bedroom House,1995000.0,5.0,35.0,8.0,1263.0,17 Alpine Way,
4 Bedroom Townhouse,1795000.0,4.0,25.0,3.0,,,
5 Bedroom House,4678000.0,5.0,4.0,2.0,1517.0,29 William Campbell Drive,
3 Bedroom Townhouse,1299000.0,3.0,2.0,1.0,,,
4 Bedroom House,5199000.0,4.0,3.0,4.0,525.0,,
3 Bedroom Apartment,2645000.0,3.0,25.0,2.0,,,
1 Bedroom Townhouse,670000.0,1.0,1.0,1.0,30.0,,
7 Bedroom House,2640000.0,7.0,6.0,9.0,1073.0,,
2 Bedroom Apartment,1700000.0,2.0,2.0,2.0,,,
2 Bedroom Apartment,1800000.0,2.0,2.0,1.0,,,
5 Bedroom House,1680000.0,5.0,25.0,2.0,2994.0,,
3 Bedroom Apartment,1850000.0,3.0,2.0,2.0,,1 Konrad Drive,
3 Bedroom House,1600000.0,3.0,1.0,3.0,,,
2 Bedroom Apartment,1800000.0,2.0,2.0,1.0,,,
3 Bedroom House,1300000.0,3.0,2.0,1.0,934.0,,
3 Bedroom Apartment,2495000.0,3.0,2.0,2.0,,,
7 Bedroom House,3250000.0,7.0,6.0,12.0,605.0,20 Blackhurst Avenue,
3 Bedroom House,1390000.0,3.0,2.0,1.0,1800.0,7 Ridge Road,
1 Bedroom Apartment,2500000.0,1.0,1.0,2.0,,"A6 Ss Ocean Club Zimbali, 1 Ocean Club Drive",
2 Bedroom Townhouse,850000.0,2.0,1.0,3.0,2205.0,,
3 Bedroom Townhouse,2150000.0,3.0,2.0,6.0,273.0,,
2 Bedroom Apartment,950000.0,2.0,1.0,,,,
2.5 Bedroom Apartment,,25.0,2.0,1.0,,Claridge Court 4 Anton Lembede Street,
2 Bedroom Apartment,1295000.0,2.0,1.0,2.0,,"1 Grove Hurst, 30 Hurst Grove",
1 Bedroom Apartment,840000.0,1.0,1.0,1.0,,46 Musgrave Road,
4 Bedroom House,3600000.0,4.0,5.0,7.0,,,
2 Bedroom Apartment,550000.0,2.0,1.0,1.0,,,
2 Bedroom Apartment,1900000.0,2.0,1.0,1.0,,"6 Ss Umdloti Holiday Resort, 1 South Beach Road",
2 Bedroom Apartment,650000.0,2.0,1.0,1.0,,,
3 Bedroom Apartment,1200000.0,3.0,2.0,1.0,,,
2 Bedroom Apartment,1295000.0,2.0,2.0,2.0,,,
4 Bedroom Townhouse,7489345.0,4.0,35.0,2.0,400.0,12 Seaton Boulevard,
4 Bedroom Townhouse,1500000.0,4.0,2.0,2.0,4029.0,19 Eden Valley Road,
3 Bedroom House,1320000.0,3.0,1.0,3.0,1094.0,,
4 Bedroom House,1300000.0,4.0,45.0,6.0,566.0,,
4 Bedroom Townhouse,1500000.0,4.0,2.0,2.0,4029.0,19 Eden Valley Road,
3 Bedroom House,799000.0,3.0,1.0,2.0,403.0,,
0.5 Bedroom Apartment,2950000.0,5.0,1.0,1.0,,"8 Lagoon Drive, Umhlanga",
2 Bedroom Apartment,1400000.0,2.0,2.0,4.0,,,
6 Bedroom House,1700000.0,6.0,1.0,8.0,2855.0,9 Kruger Street,
3 Bedroom Apartment,2950000.0,3.0,3.0,3.0,,,
2 Bedroom Apartment,2290000.0,2.0,2.0,1.0,,15 Ocean Way,
3 Bedroom Townhouse,750000.0,3.0,1.0,,6371.0,,
3 Bedroom Townhouse,5695000.0,3.0,35.0,2.0,6675.0,,
5 Bedroom House,2050000.0,5.0,4.0,1.0,,,
3 Bedroom Apartment,2500000.0,3.0,2.0,2.0,,,
3 Bedroom Townhouse,850000.0,3.0,1.0,,99.0,10 Bristow Crescent,
3 Bedroom Townhouse,3000000.0,3.0,2.0,1.0,22096.0,,
3 Bedroom Townhouse,700000.0,3.0,1.0,3.0,,,
4 Bedroom House,1650000.0,4.0,25.0,9.0,1299.0,,
6 Bedroom House,3300000.0,6.0,1.0,5.0,485.0,,
2 Bedroom Apartment,815000.0,2.0,2.0,1.0,,,
3 Bedroom Apartment,2595000.0,3.0,2.0,2.0,,"63 King Shaka Estate, 50 Valley Road",
3 Bedroom Townhouse,850000.0,3.0,1.0,,99.0,10 Bristow Crescent,
3 Bedroom Apartment,790000.0,3.0,1.0,1.0,,,
5 Bedroom House,1600000.0,5.0,3.0,6.0,1375.0,,
2 Bedroom Apartment,1895000.0,2.0,2.0,2.0,,,
3 Bedroom Townhouse,2195000.0,3.0,2.0,2.0,,,
2 Bedroom Apartment,550000.0,2.0,1.0,,,"48 Colchester, 801 Anton Lembede",
3 Bedroom Apartment,780000.0,3.0,2.0,1.0,,,
4 Bedroom House,5800000.0,4.0,3.0,6.0,,,
3 Bedroom Apartment,875000.0,3.0,3.0,6.0,,"11 Krizann, 9 Hibiscus Road",
3 Bedroom Apartment,1600000.0,3.0,3.0,2.0,,,
1 Bedroom Apartment,1550000.0,1.0,1.0,1.0,,,
2 Bedroom House,2150000.0,2.0,1.0,1.0,364897.0,100 Acutt Drive,
2 Bedroom Apartment,5500000.0,2.0,2.0,1.0,,"918 Pearls Of Umhlanga, 6 Lagoon Drive, Unit 918 Pearls Of Umhlanga",
3 Bedroom Townhouse,2600000.0,3.0,2.0,2.0,370.0,"17 Tucano, 20 Warren Heights",
4 Bedroom Townhouse,1700000.0,4.0,2.0,2.0,,5 Angus Drive,
3 Bedroom Apartment,2250000.0,3.0,2.0,2.0,,117 Inanda Road,
4 Bedroom House,9750000.0,4.0,45.0,4.0,1290.0,95 Inanda Road,
3 Bedroom House,5400000.0,3.0,3.0,4.0,670.0,,
4 Bedroom House,1500000.0,4.0,2.0,3.0,1113.0,2 Marche Avenue,
3 Bedroom House,1450000.0,3.0,1.0,2.0,560.0,34 Gower Street,
4 Bedroom House,5695000.0,4.0,3.0,4.0,8118.0,14 Ocean View Drive,
7 Bedroom House,12995000.0,7.0,7.0,5.0,8001.0,6 Acutts Drive,
3 Bedroom Townhouse,1500000.0,3.0,2.0,2.0,2212.0,"Unit 3 Tyburn Views, 1 Tyburn Way",
2 Bedroom Apartment,1560000.0,2.0,1.0,2.0,,"2 Sheffield Gardens, Melinda Lane, Sheffield Beach",
2 Bedroom Apartment,5500000.0,2.0,2.0,1.0,,"918 Pearls Of Umhlanga, 6 Lagoon Drive, Unit 918 Pearls Of Umhlanga",
4 Bedroom House,5400000.0,4.0,4.0,8.0,1035.0,,
4 Bedroom House,2000000.0,4.0,2.0,4.0,1041.0,749 5th 749 5th Avenue,
5 Bedroom House,1895000.0,5.0,2.0,5.0,702.0,,
4 Bedroom House,1395000.0,4.0,1.0,5.0,676.0,,
2 Bedroom Apartment,670000.0,2.0,2.0,,,,
2 Bedroom House,620000.0,2.0,1.0,,,,
5 Bedroom House,4800000.0,5.0,7.0,2.0,1182.0,,
4 Bedroom House,1750000.0,4.0,2.0,5.0,824.0,,
3 Bedroom House,1425000.0,3.0,2.0,5.0,694.0,,
3 Bedroom Apartment,2450000.0,3.0,2.0,2.0,,,
3 Bedroom House,2999000.0,3.0,2.0,2.0,414.0,,
4 Bedroom House,2700000.0,4.0,2.0,8.0,1614.0,,
4 Bedroom House,2700000.0,4.0,2.0,8.0,1614.0,,
2 Bedroom House,1080000.0,2.0,25.0,3.0,1802.0,,
1 Bedroom Apartment,1348500.0,1.0,1.0,1.0,,,
3 Bedroom House,1998000.0,3.0,3.0,6.0,468.0,,
4 Bedroom House,1350000.0,4.0,3.0,6.0,1012.0,,
3 Bedroom House,735000.0,3.0,2.0,,277.0,,
2 Bedroom Townhouse,645000.0,2.0,1.0,2.0,1435.0,,
3 Bedroom House,900000.0,3.0,2.0,1.0,624.0,,
13 Bedroom House,3200000.0,13.0,3.0,3.0,3700.0,,
12 Bedroom House,3500000.0,12.0,12.0,4.0,825.0,,
5 Bedroom House,1625000.0,5.0,4.0,,1358.0,,
2 Bedroom Apartment,895000.0,2.0,2.0,1.0,,,
3 Bedroom House,1250000.0,3.0,2.0,,,,
3 Bedroom House,6250000.0,3.0,3.0,4.0,732.0,"1 The Avenues, 1 Yellowwood Avenue",
1 Bedroom Apartment,645000.0,1.0,1.0,1.0,,,
4 Bedroom House,3200000.0,4.0,2.0,,1278.0,,
2.5 Bedroom Apartment,1280000.0,25.0,1.0,1.0,,,
3 Bedroom Townhouse,5820000.0,3.0,3.0,4.0,,,
1 Bedroom Townhouse,630000.0,1.0,1.0,1.0,,"28 Pinehaven Lodge Retirement Village, 26 Manors Road",
2 Bedroom Apartment,2495000.0,2.0,2.0,2.0,,,
2 Bedroom Apartment,750000.0,2.0,1.0,1.0,82.0,,
4 Bedroom House,5495000.0,4.0,2.0,4.0,550.0,38 Intaba Terrace,
3 Bedroom House,5035000.0,3.0,25.0,3.0,358.0,"12 The Reserve, 1 Zululami",
5 Bedroom House,2595000.0,5.0,4.0,4.0,2685.0,,
3 Bedroom House,6250000.0,3.0,3.0,4.0,732.0,"1 The Avenues, 1 Yellowwood Avenue",
3 Bedroom Townhouse,2500000.0,3.0,3.0,3.0,609.0,145 John Zikhali Road,
2 Bedroom Apartment,3495000.0,2.0,2.0,1.0,,"806 Shoreline, 42 Heleza Blvd",
6 Bedroom House,1595000.0,6.0,2.0,2.0,948.0,,
2 Bedroom Apartment,2785000.0,2.0,2.0,1.0,,,
3 Bedroom Townhouse,3395000.0,3.0,35.0,4.0,6859.0,"9 Fairway Villas, 1 Springwood Drive",
1 Bedroom Apartment,790000.0,1.0,1.0,2.0,,,
3 Bedroom House,2845000.0,3.0,25.0,2.0,1000.0,,
5 Bedroom House,5450000.0,5.0,5.0,2.0,1303.0,,
4 Bedroom House,1800000.0,4.0,2.0,1.0,4047.0,,
4 Bedroom House,1380000.0,4.0,2.0,2.0,1014.0,,
4 Bedroom House,1595000.0,4.0,2.0,4.0,2299.0,,
4 Bedroom House,3950000.0,4.0,2.0,6.0,836.0,47 Shongweni Road,
3 Bedroom Apartment,3800000.0,3.0,2.0,2.0,,,
4 Bedroom House,1800000.0,4.0,2.0,1.0,4047.0,,
3 Bedroom House,850000.0,3.0,2.0,2.0,740.0,,
3 Bedroom Townhouse,3995000.0,3.0,3.0,2.0,,Contact Agent for Address,
3 Bedroom Apartment,3250000.0,3.0,2.0,2.0,,"G09 The Boulders, 84 Compensation Beach Road",
3 Bedroom House,950000.0,3.0,2.0,1.0,300.0,,
4 Bedroom House,935000.0,4.0,3.0,2.0,674.0,,
5 Bedroom House,32000000.0,5.0,5.0,7.0,2190.0,,
2 Bedroom Apartment,2300000.0,2.0,2.0,2.0,,,
1 Bedroom Apartment,945000.0,1.0,1.0,1.0,,,
3 Bedroom Townhouse,1499000.0,3.0,2.0,3.0,155.0,,
2 Bedroom Apartment,1350000.0,2.0,1.0,1.0,,,
2 Bedroom Apartment,3150000.0,2.0,2.0,1.0,,,
3 Bedroom Apartment,6500000.0,3.0,2.0,2.0,,,
3 Bedroom House,1185000.0,3.0,2.0,4.0,,,
3 Bedroom House,355000.0,3.0,1.0,,315.0,,
1 Bedroom Apartment,695000.0,1.0,1.0,1.0,,,
2 Bedroom Townhouse,750000.0,2.0,1.0,1.0,,,
2 Bedroom Apartment,775000.0,2.0,1.0,1.0,,,
4 Bedroom Apartment,10000000.0,4.0,3.0,1.0,276.0,,
2 Bedroom Apartment,660000.0,2.0,1.0,2.0,,,
3 Bedroom Apartment,2950000.0,3.0,3.0,1.0,,21 Umhlanga Boulevard,
3 Bedroom Townhouse,700000.0,3.0,2.0,,,,
3 Bedroom Apartment,750000.0,3.0,1.0,1.0,,55 Morcom Road,
3 Bedroom Townhouse,1550000.0,3.0,15.0,4.0,114.0,,
3 Bedroom Apartment,750000.0,3.0,15.0,1.0,,,
2 Bedroom House,1300000.0,2.0,2.0,2.0,,,
3 Bedroom Apartment,1175000.0,3.0,2.0,2.0,,,
24 Bedroom Apartment,8750000.0,24.0,12.0,12.0,828.0,,
1 Bedroom Apartment,650000.0,1.0,1.0,,,"143 Snell Parade, 143 Snell Parade",
2 Bedroom Apartment,2465000.0,2.0,2.0,2.0,,76 Lush Condos Elaleni Coastal Forest Estate,
6 Bedroom House,3500000.0,6.0,3.0,7.0,1024.0,,
3 Bedroom House,480000.0,3.0,2.0,2.0,338.0,,
2 Bedroom Apartment,500000.0,2.0,1.0,2.0,,,
3 Bedroom House,1295000.0,3.0,2.0,2.0,,,
2 Bedroom House,550000.0,2.0,1.0,1.0,,,
3 Bedroom Apartment,2950000.0,3.0,3.0,1.0,,21 Umhlanga Boulevard,
4 Bedroom House,8885000.0,4.0,3.0,2.0,1494.0,,
2 Bedroom Apartment,1895000.0,2.0,2.0,1.0,,,
2 Bedroom Apartment,2850000.0,2.0,2.0,2.0,,Mount Edgecombe Retirement Village,
3 Bedroom Townhouse,979000.0,3.0,1.0,2.0,79.0,,
3 Bedroom Apartment,1086000.0,3.0,2.0,1.0,,,
2 Bedroom Apartment,695000.0,2.0,2.0,1.0,,1 Sunrise Court4 Moodie Street,
4 Bedroom Apartment,13902000.0,4.0,4.0,3.0,,"801 The Skye Ridgeside, 1 Ncondo Place",
4 Bedroom House,1690000.0,4.0,4.0,2.0,4486.0,134 Edward Avenue,
2.5 Bedroom Apartment,1100000.0,25.0,1.0,,,,
5 Bedroom House,5700000.0,5.0,35.0,4.0,1109.0,,
5 Bedroom House,15495000.0,5.0,4.0,2.0,1770.0,4 Teak Close,
2 Bedroom Apartment,800000.0,2.0,2.0,1.0,,"14 Ss Milkwood Lifestyle Village, 198 Abelia Crescent",
2 Bedroom House,350000.0,2.0,,,300.0,Shayamoya Location,
2 Bedroom Apartment,2550000.0,2.0,2.0,2.0,,"59 Elaleni, 2 Sheffield Main Road",
2 Bedroom Townhouse,699000.0,2.0,2.0,2.0,4598.0,,
3 Bedroom House,1960000.0,3.0,3.0,8.0,1012.0,48 Saville Road,
3 Bedroom Apartment,1780000.0,3.0,2.0,1.0,,55 Queen Street,
3 Bedroom Townhouse,2700000.0,3.0,3.0,1.0,177366.0,1094 Main Road,
2 Bedroom Townhouse,699000.0,2.0,2.0,2.0,4598.0,,
4 Bedroom House,7490000.0,4.0,45.0,2.0,740.0,1 Amen's Corner,
4 Bedroom House,4399000.0,4.0,3.0,20.0,1196.0,124 Round the Green,
3 Bedroom Apartment,1695000.0,3.0,1.0,1.0,,,
4 Bedroom House,1750000.0,4.0,35.0,2.0,1062.0,,
3 Bedroom House,3600000.0,3.0,45.0,3.0,1054.0,,
3 Bedroom House,4750000.0,3.0,3.0,5.0,,,
7 Bedroom House,1800000.0,7.0,2.0,,,,
2 Bedroom Apartment,2035000.0,2.0,2.0,1.0,,,
3 Bedroom House,2250000.0,3.0,3.0,2.0,7598.0,,
2 Bedroom Apartment,795000.0,2.0,1.0,1.0,,,
6 Bedroom House,4700000.0,6.0,35.0,8.0,,,
3 Bedroom House,1580000.0,3.0,2.0,7.0,3499.0,,
2 Bedroom Apartment,620000.0,2.0,1.0,1.0,,,
3 Bedroom House,4750000.0,3.0,3.0,5.0,,,
3 Bedroom Apartment,3455225.0,3.0,2.0,1.0,,,
4 Bedroom Apartment,750000.0,4.0,1.0,1.0,,"61 Thanet House, 164 Langalibalele Street",
3 Bedroom Apartment,650000.0,3.0,1.0,1.0,,,
3 Bedroom House,810000.0,3.0,1.0,,,,
7 Bedroom House,1695000.0,7.0,25.0,16.0,,,
6 Bedroom House,749000.0,6.0,3.0,2.0,338.0,,
4 Bedroom Townhouse,2500000.0,4.0,3.0,8.0,1600.0,,
5 Bedroom House,1750000.0,5.0,3.0,6.0,1502.0,,
10 Bedroom House,12900000.0,10.0,7.0,,9011.0,,
1 Bedroom Apartment,1276125.0,1.0,1.0,1.0,,,
2 Bedroom Townhouse,1795000.0,2.0,25.0,2.0,,,
3 Bedroom Townhouse,2650000.0,3.0,2.0,4.0,450.0,,
2 Bedroom Apartment,780000.0,2.0,15.0,1.0,,,
3 Bedroom Apartment,1545000.0,3.0,2.0,2.0,,,
6 Bedroom House,1250000.0,6.0,2.0,3.0,337.0,,
3 Bedroom Townhouse,990000.0,3.0,2.0,2.0,147.0,,
2 Bedroom Apartment,1290000.0,2.0,1.0,1.0,,259 Sydenham Road,
2 Bedroom Apartment,1150000.0,2.0,1.0,2.0,,,
3 Bedroom Apartment,1545000.0,3.0,2.0,2.0,,,
3 Bedroom House,850000.0,3.0,2.0,1.0,1014.0,,
5 Bedroom House,2300000.0,5.0,4.0,5.0,668.0,,
3 Bedroom House,3295000.0,3.0,2.0,2.0,,Lalela Development House Type D,
4 Bedroom House,1300000.0,4.0,2.0,4.0,1287.0,,
6 Bedroom House,1300000.0,6.0,2.0,3.0,839.0,,
2 Bedroom House,2175000.0,2.0,1.0,,1012.0,19 Price Street,
2 Bedroom Apartment,1289000.0,2.0,2.0,1.0,,,
2 Bedroom Apartment,2900000.0,2.0,2.0,2.0,,,
3 Bedroom Apartment,1650000.0,3.0,2.0,,,,
6 Bedroom House,8950000.0,6.0,35.0,10.0,1394.0,,
4 Bedroom House,5965000.0,4.0,35.0,4.0,585.0,11 Plantations,
3 Bedroom Townhouse,1950000.0,3.0,2.0,2.0,,,
3 Bedroom House,2295000.0,3.0,1.0,12.0,,,
1 Bedroom Apartment,1295000.0,1.0,1.0,1.0,,,
4 Bedroom House,600000.0,4.0,2.0,3.0,358.0,64 Manelisi Grove,
House,7900000.0,,1.0,5.0,800.0,,
2 Bedroom Apartment,1225000.0,2.0,1.0,2.0,,,
6 Bedroom House,4800000.0,6.0,5.0,20.0,1210.0,,
2 Bedroom Townhouse,1055000.0,2.0,1.0,2.0,,,
0.5 Bedroom Apartment,700000.0,5.0,1.0,,,,
5 Bedroom House,1550000.0,5.0,3.0,,309.0,,
2 Bedroom Apartment,865000.0,2.0,2.0,2.0,,,
3 Bedroom Apartment,3795000.0,3.0,2.0,4.0,,,
3 Bedroom House,650000.0,3.0,1.0,2.0,450.0,,
19 Bedroom House,5745000.0,19.0,11.0,6.0,2025.0,,
3 Bedroom Apartment,5295000.0,3.0,3.0,2.0,,,
4 Bedroom House,2700000.0,4.0,25.0,8.0,1300.0,,
4 Bedroom House,1195000.0,4.0,1.0,5.0,451.0,,
4 Bedroom Townhouse,985000.0,4.0,3.0,1.0,64097.0,,
4 Bedroom House,1195000.0,4.0,1.0,5.0,451.0,,
6 Bedroom House,1550000.0,6.0,4.0,6.0,931.0,,
5 Bedroom House,8000000.0,5.0,5.0,4.0,1198.0,,
3 Bedroom Apartment,1495000.0,3.0,2.0,2.0,,,
3 Bedroom House,1290000.0,3.0,2.0,1.0,1347.0,3 Liberty Road,
5 Bedroom House,6500000.0,5.0,4.0,3.0,3774.0,,
3 Bedroom Apartment,1750000.0,3.0,2.0,2.0,,,
2 Bedroom Apartment,2000000.0,2.0,1.0,1.0,,,
5 Bedroom House,1550000.0,5.0,2.0,5.0,931.0,,
3 Bedroom Apartment,3300000.0,3.0,2.0,2.0,,,
2 Bedroom Apartment,850000.0,2.0,2.0,1.0,,,
6 Bedroom House,1695000.0,6.0,3.0,6.0,655.0,,
3 Bedroom Townhouse,2475375.0,3.0,25.0,2.0,4070.0,,
1 Bedroom Apartment,460000.0,1.0,1.0,1.0,,,
5 Bedroom Townhouse,8995000.0,5.0,5.0,4.0,,"6 Ss Sera Bella, 61 Mahogany Road",
3 Bedroom House,1290000.0,3.0,2.0,1.0,1347.0,3 Liberty Road,
2 Bedroom Apartment,1595000.0,2.0,2.0,1.0,,"36 Es Paradis,, 100 South Beach Road",
1 Bedroom Apartment,895000.0,1.0,1.0,1.0,,,
2 Bedroom Apartment,580000.0,2.0,1.0,2.0,,,
2 Bedroom Townhouse,800000.0,2.0,1.0,2.0,,,
2 Bedroom Apartment,550000.0,2.0,1.0,2.0,,,
1 Bedroom Apartment,350000.0,1.0,1.0,,,"3 Tshiamo Building, 161 Langalibalele Street",
4 Bedroom House,875000.0,4.0,15.0,5.0,209.0,,
4 Bedroom House,1495000.0,4.0,2.0,6.0,684.0,,
3 Bedroom Apartment,2950000.0,3.0,2.0,2.0,,,
3 Bedroom House,1850000.0,3.0,2.0,22.0,1221.0,,
3 Bedroom Apartment,1200000.0,3.0,2.0,3.0,,,
2.5 Bedroom Apartment,695000.0,25.0,1.0,,,,
2 Bedroom Apartment,1495000.0,2.0,2.0,1.0,,,
2 Bedroom Townhouse,2590000.0,2.0,2.0,1.0,123.0,,
2 Bedroom Apartment,845000.0,2.0,1.0,2.0,,,
2 Bedroom Apartment,445000.0,2.0,1.0,1.0,,,
4 Bedroom Apartment,1950000.0,4.0,2.0,2.0,,,
3 Bedroom Apartment,1298000.0,3.0,2.0,1.0,,,
12 Bedroom House,4200000.0,12.0,9.0,7.0,1104.0,,
2 Bedroom Apartment,3890000.0,2.0,2.0,4.0,,,
6 Bedroom House,3400000.0,6.0,4.0,4.0,2733.0,,
0.5 Bedroom Apartment,1150000.0,5.0,1.0,2.0,,,
1 Bedroom Apartment,1500000.0,1.0,1.0,2.0,,,
1 Bedroom Apartment,2250000.0,1.0,1.0,2.0,,,
2 Bedroom Apartment,3700000.0,2.0,2.0,2.0,,,
2 Bedroom Apartment,800000.0,2.0,1.0,1.0,,,
3 Bedroom House,800000.0,3.0,2.0,2.0,,,
3 Bedroom Apartment,1298000.0,3.0,2.0,1.0,,,
2 Bedroom Apartment,1150000.0,2.0,1.0,2.0,,,
2 Bedroom Apartment,850000.0,2.0,2.0,1.0,,,
2 Bedroom Apartment,1790000.0,2.0,2.0,2.0,,,
3 Bedroom Apartment,3250000.0,3.0,2.0,2.0,,38 Ilala,
2 Bedroom House,1100000.0,2.0,2.0,3.0,670.0,,
4 Bedroom House,3250000.0,4.0,2.0,3.0,2147.0,,
3 Bedroom Apartment,2100000.0,3.0,2.0,2.0,,"24 Ihlati Lodge, 35 Chapman Drive",
4 Bedroom House,1095000.0,4.0,3.0,3.0,354.0,,
3 Bedroom House,1700000.0,3.0,1.0,1.0,1033.0,,
3 Bedroom Townhouse,3595000.0,3.0,2.0,7.0,1000.0,"4 Kirtlington Park Estate, 56 Inanda Road",
2 Bedroom Apartment,1790000.0,2.0,2.0,2.0,,,
3 Bedroom Townhouse,2500000.0,3.0,2.0,2.0,6244.0,58 Cornubia Drive,
4 Bedroom House,1850000.0,4.0,2.0,8.0,996.0,,
2 Bedroom Apartment,650000.0,2.0,1.0,2.0,,,
1 Bedroom Apartment,415000.0,1.0,1.0,1.0,,,
1 Bedroom Apartment,1050000.0,1.0,1.0,1.0,,,
3 Bedroom House,1675000.0,3.0,2.0,,1275.0,,
4 Bedroom House,6600000.0,4.0,3.0,4.0,950.0,"1026 Cotswold Downs Estate, 93 Inanda Road, Cotswold Downs Estate",
5 Bedroom House,10000000.0,5.0,4.0,8.0,1734.0,5 Shelly Road,
2 Bedroom Townhouse,475000.0,2.0,1.0,1.0,758.0,,
11 Bedroom House,2300000.0,11.0,9.0,11.0,761.0,,
2 Bedroom Apartment,1000000.0,2.0,2.0,2.0,,,
3 Bedroom House,490000.0,3.0,1.0,,415.0,,
3 Bedroom Apartment,5295000.0,3.0,2.0,1.0,,,
2 Bedroom Apartment,600000.0,2.0,1.0,1.0,,,
4 Bedroom House,1300000.0,4.0,2.0,4.0,,,
3 Bedroom Apartment,2250000.0,3.0,2.0,2.0,,,
4 Bedroom House,1300000.0,4.0,2.0,4.0,,,
3 Bedroom Townhouse,1350000.0,3.0,25.0,3.0,,,
2 Bedroom Apartment,1850000.0,2.0,2.0,,,22 Umhlanga Ridge Boulevard,
5 Bedroom House,1495000.0,5.0,3.0,12.0,1834.0,,
4 Bedroom House,1850000.0,4.0,25.0,1.0,1206.0,21 Nunhead Road,
3 Bedroom House,2858000.0,3.0,2.0,1.0,1013.0,,
4 Bedroom House,3150000.0,4.0,2.0,2.0,1620.0,,
3 Bedroom House,1195000.0,3.0,3.0,2.0,670.0,,
5 Bedroom House,5700000.0,5.0,5.0,4.0,1353.0,,
3 Bedroom House,660000.0,3.0,2.0,1.0,300.0,,
3 Bedroom House,2200000.0,3.0,2.0,2.0,,,
1 Bedroom Apartment,580000.0,1.0,1.0,1.0,,"11 Paige Place, 36 Bamboo Lane",
2 Bedroom Apartment,870000.0,2.0,1.0,2.0,,,
6 Bedroom House,3500000.0,6.0,65.0,6.0,3705.0,,
4 Bedroom House,2100000.0,4.0,2.0,2.0,922.0,,
3 Bedroom House,3195000.0,3.0,35.0,3.0,,,
32 Bedroom House,,32.0,32.0,31.0,7977.0,"29,30,31, Inyoni Crescent",
3 Bedroom House,10000000.0,3.0,3.0,4.0,,"1 Beach House, 58a North Beach Road",
4 Bedroom House,1765000.0,4.0,25.0,5.0,2098.0,78 Erica Drive,
6 Bedroom House,1699000.0,6.0,3.0,6.0,2123.0,,
2 Bedroom Apartment,1585000.0,2.0,1.0,2.0,,,
3 Bedroom House,460000.0,3.0,2.0,1.0,200.0,,
5 Bedroom House,4700000.0,5.0,4.0,5.0,1500.0,379 Wetherly Crescent,
2 Bedroom Apartment,1350000.0,2.0,1.0,2.0,,,
1 Bedroom Apartment,770000.0,1.0,1.0,1.0,,,
3 Bedroom House,1800000.0,3.0,1.0,4.0,679.0,,
2 Bedroom Apartment,565000.0,2.0,1.0,1.0,,,
1.5 Bedroom Apartment,895000.0,15.0,1.0,2.0,,,
3 Bedroom Townhouse,4700000.0,3.0,35.0,4.0,6526.0,,
3 Bedroom House,750000.0,3.0,2.0,4.0,,,
3 Bedroom House,1750000.0,3.0,2.0,2.0,468.0,,
3 Bedroom Apartment,,3.0,2.0,1.0,,"Shannon Court, 188 Che Guevara Road",
1.5 Bedroom Apartment,650000.0,15.0,1.0,1.0,,"5 Ss Glenample, 453 Che Guevara Road",
2 Bedroom Apartment,935000.0,2.0,2.0,2.0,,,
5 Bedroom House,13000000.0,5.0,5.0,3.0,1290.0,,
3 Bedroom Townhouse,1250000.0,3.0,2.0,1.0,,100 Entabeni Road,
32 Bedroom House,,32.0,32.0,31.0,7977.0,"29,30,31, Inyoni Crescent",
2 Bedroom Apartment,1150000.0,2.0,1.0,1.0,,,
5 Bedroom House,2500000.0,5.0,3.0,3.0,2064.0,,
7 Bedroom House,4750000.0,7.0,75.0,11.0,2001.0,,
2 Bedroom Apartment,750000.0,2.0,1.0,1.0,,,
5 Bedroom House,2500000.0,5.0,3.0,3.0,2064.0,,
2 Bedroom Apartment,1800000.0,2.0,2.0,1.0,,"A26 Cm, 22 Bellamont Road",
2 Bedroom House,4725000.0,2.0,2.0,2.0,9000.0,,
5 Bedroom House,1400000.0,5.0,35.0,8.0,596.0,80 Kingston Road,
2 Bedroom Apartment,1420000.0,2.0,2.0,4.0,,,
9 Bedroom House,4100000.0,9.0,7.0,8.0,,,
3 Bedroom House,1175000.0,3.0,2.0,8.0,1483.0,7 Pamrose Place,
4 Bedroom House,2650000.0,4.0,2.0,,1839.0,,
1 Bedroom Apartment,1399000.0,1.0,1.0,1.0,,,
4 Bedroom House,6000000.0,4.0,3.0,2.0,402.0,,
2 Bedroom Apartment,3500000.0,2.0,2.0,2.0,,,
3 Bedroom Townhouse,1150000.0,3.0,2.0,2.0,,,
2 Bedroom House,1630000.0,2.0,2.0,1.0,,,
2.5 Bedroom Apartment,1050000.0,25.0,1.0,1.0,,"12 Ss Roof Garden Mansions, 259 John Zikhali Road",
3 Bedroom House,995000.0,3.0,15.0,2.0,650.0,,
1 Bedroom Apartment,850000.0,1.0,1.0,1.0,980.0,,
3 Bedroom Townhouse,780000.0,3.0,25.0,2.0,,,
4 Bedroom House,1650000.0,4.0,2.0,4.0,960.0,,
2 Bedroom Apartment,1450000.0,2.0,1.0,2.0,,"1005 Urban Park, 60 Meridian Drive",
3 Bedroom House,3295000.0,3.0,2.0,2.0,300.0,1460 Lalela Estate,
3 Bedroom Apartment,1340000.0,3.0,2.0,2.0,,,
2 Bedroom Townhouse,860000.0,2.0,15.0,2.0,2427.0,,
3 Bedroom Townhouse,4200000.0,3.0,2.0,2.0,,,
3 Bedroom House,1350000.0,3.0,2.0,6.0,978.0,,
2 Bedroom Apartment,1399000.0,2.0,2.0,2.0,,2 Brackenhill Road,
1 Bedroom Apartment,949000.0,1.0,1.0,1.0,,2 Brackenhill Road,
2 Bedroom Apartment,1675000.0,2.0,2.0,3.0,,,
3 Bedroom House,2195000.0,3.0,25.0,20.0,825.0,,
2 Bedroom Apartment,3900000.0,2.0,1.0,1.0,,2aa Zimbali Hotel & Suites 5 Corkwood Drive,
4 Bedroom House,4495000.0,4.0,35.0,5.0,850.0,,
3 Bedroom House,1495000.0,3.0,2.0,2.0,2397.0,5 Meriel Road,
3 Bedroom Townhouse,4995000.0,3.0,35.0,3.0,,,
2 Bedroom Apartment,2500000.0,2.0,1.0,1.0,,,
1 Bedroom Apartment,1900000.0,1.0,1.0,1.0,,"1 Ss Sea Lodge, 28 Lagoon Drive",
3 Bedroom House,3295000.0,3.0,2.0,2.0,300.0,1460 Lalela Estate,
3 Bedroom Apartment,2100000.0,3.0,2.0,1.0,,"503 Bali Hai, 37 North Beach Road, Unit 503 Bali Hai",
1 Bedroom Apartment,2000000.0,1.0,1.0,2.0,,,
2 Bedroom Townhouse,1290000.0,2.0,15.0,2.0,2282.0,,
1 Bedroom Apartment,1100000.0,1.0,1.0,1.0,,,
2 Bedroom Apartment,1395000.0,2.0,2.0,2.0,,,
2 Bedroom Apartment,1700000.0,2.0,2.0,1.0,,,
5 Bedroom House,9000000.0,5.0,4.0,13.0,9132.0,,
3 Bedroom House,850000.0,3.0,2.0,2.0,373.0,,
1 Bedroom Apartment,885000.0,1.0,1.0,1.0,,,
3 Bedroom Apartment,1900000.0,3.0,2.0,1.0,,,
1 Bedroom Apartment,1450000.0,1.0,1.0,1.0,,,
4 Bedroom House,8950000.0,4.0,4.0,4.0,,,
2 Bedroom House,750000.0,2.0,1.0,3.0,186.0,,
2 Bedroom Apartment,799000.0,2.0,2.0,2.0,,Finnis Rd Margate Beach,
2 Bedroom Apartment,1375000.0,2.0,2.0,1.0,,4075 Les Barnes Boulevard,
3 Bedroom House,1750000.0,3.0,2.0,4.0,1212.0,,
4 Bedroom House,2350000.0,4.0,2.0,4.0,1367.0,1401 Geneva Drive,
3 Bedroom House,1750000.0,3.0,2.0,4.0,1212.0,,
3 Bedroom House,1250000.0,3.0,15.0,4.0,491.0,,
1.5 Bedroom Apartment,525000.0,15.0,1.0,1.0,,,
2 Bedroom Apartment,680000.0,2.0,1.0,1.0,,,
4 Bedroom House,1995000.0,4.0,2.0,10.0,710.0,34 Enniskillen Crescent,
2 Bedroom Apartment,935000.0,2.0,1.0,2.0,,,
3 Bedroom Townhouse,1000000.0,3.0,2.0,2.0,107.0,,
4 Bedroom House,1200000.0,4.0,3.0,1.0,2194.0,,
3 Bedroom House,1550000.0,3.0,35.0,5.0,365.0,,
3 Bedroom Townhouse,1875000.0,3.0,2.0,2.0,,,
4 Bedroom Apartment,4995000.0,4.0,5.0,4.0,,,
3 Bedroom House,2795000.0,3.0,2.0,4.0,,,
3 Bedroom Townhouse,1500000.0,3.0,2.0,4.0,89896.0,"86 Ss Faerie Glen, 00 Faerie Glen Road",
3 Bedroom Apartment,3500000.0,3.0,3.0,2.0,,"6 Ss Sovereign Sands, 20 Salmon Street",
3 Bedroom House,3595000.0,3.0,3.0,4.0,559.0,"Palm Lakes Retirement Village, 09 Strawberry Fields",
3 Bedroom Apartment,6495000.0,3.0,3.0,2.0,,14 Beach Road,
1 Bedroom Apartment,2249000.0,1.0,1.0,1.0,,"1028 Ss Pearls Of Umhlanga, 6 Lagoon Drive",
3 Bedroom Townhouse,2995000.0,3.0,2.0,2.0,,"11 The Dunes, 1431 Avondale Drive",
4 Bedroom Townhouse,6795000.0,4.0,3.0,5.0,11941.0,"25 Santoza, 1048 Dolphin Ridge",
4 Bedroom House,1650000.0,4.0,2.0,12.0,1041.0,,
5 Bedroom House,3250000.0,5.0,35.0,2.0,,,
7 Bedroom House,2950000.0,7.0,4.0,8.0,4048.0,21 Burma Road,
5 Bedroom House,2900000.0,5.0,3.0,6.0,1798.0,,
1 Bedroom Apartment,2249000.0,1.0,1.0,1.0,,"1028 Ss Pearls Of Umhlanga, 6 Lagoon Drive",
2 Bedroom Apartment,1200000.0,2.0,1.0,1.0,,"807 Ballito Groves, 1 Lee Barnes Boulevard",
3 Bedroom Apartment,16300000.0,3.0,2.0,2.0,,,
4 Bedroom House,825000.0,4.0,3.0,2.0,,,
3 Bedroom Apartment,2000000.0,3.0,2.0,1.0,,,
3 Bedroom House,1099000.0,3.0,2.0,3.0,1140.0,,
2 Bedroom Apartment,655000.0,2.0,2.0,1.0,,,
3 Bedroom House,850000.0,3.0,1.0,2.0,154.0,,
2 Bedroom Apartment,895000.0,2.0,1.0,1.0,,,
4 Bedroom House,3700000.0,4.0,3.0,1.0,998.0,,
2 Bedroom Townhouse,1359000.0,2.0,1.0,1.0,,,
7 Bedroom House,1100000.0,7.0,2.0,,,,
3 Bedroom House,1149000.0,3.0,1.0,7.0,,,
3 Bedroom Townhouse,1450000.0,3.0,1.0,1.0,2311.0,,
2 Bedroom Apartment,650000.0,2.0,1.0,,,,
1 Bedroom Apartment,950000.0,1.0,1.0,1.0,,,
3 Bedroom House,899000.0,3.0,1.0,2.0,436.0,26 Katzkop,
1 Bedroom House,320000.0,1.0,1.0,1.0,,,
4 Bedroom House,,4.0,2.0,1.0,677.0,,
4 Bedroom House,1649000.0,4.0,2.0,2.0,1368.0,,
4 Bedroom House,4995000.0,4.0,3.0,2.0,1468.0,,
2 Bedroom Apartment,1700000.0,2.0,2.0,2.0,,,
2 Bedroom House,1200000.0,2.0,1.0,3.0,275.0,,
3 Bedroom House,1590000.0,3.0,2.0,4.0,572.0,,
3 Bedroom Townhouse,6750000.0,3.0,2.0,2.0,193.0,,
1 Bedroom Apartment,950000.0,1.0,1.0,1.0,,,
2 Bedroom House,850000.0,2.0,1.0,4.0,352.0,,
3 Bedroom Apartment,2300000.0,3.0,2.0,2.0,,,
3 Bedroom Apartment,1200000.0,3.0,15.0,2.0,,,
3 Bedroom House,1320000.0,3.0,2.0,3.0,458.0,"2 Loodsvislyn, 1 Loodsvislyn",
2 Bedroom Townhouse,550000.0,2.0,2.0,2.0,2337.0,,
2 Bedroom Apartment,2850000.0,2.0,2.0,1.0,,,
3 Bedroom House,1320000.0,3.0,2.0,3.0,458.0,"2 Loodsvislyn, 1 Loodsvislyn",
3 Bedroom House,825000.0,3.0,3.0,1.0,1318.0,18. Tait Place,
6 Bedroom House,6495000.0,6.0,6.0,4.0,1090.0,,
2 Bedroom Apartment,650000.0,2.0,1.0,1.0,,,
3 Bedroom Apartment,4200000.0,3.0,3.0,2.0,,,
2 Bedroom Apartment,899000.0,2.0,1.0,1.0,,,
1 Bedroom Apartment,735000.0,1.0,1.0,1.0,39.0,,
3 Bedroom House,1100000.0,3.0,1.0,8.0,320.0,,
4 Bedroom House,7999000.0,4.0,4.0,12.0,1347.0,,
2 Bedroom Apartment,699000.0,2.0,1.0,1.0,,,
3 Bedroom Townhouse,999000.0,3.0,2.0,3.0,44388.0,,
5 Bedroom House,5950000.0,5.0,4.0,9.0,,29 Le Shac Marine Drive Shelly Beach,
3 Bedroom Apartment,1745000.0,3.0,2.0,2.0,,,
House,2100000.0,,,,1200.0,,
2 Bedroom Apartment,1895000.0,2.0,1.0,2.0,,,
3 Bedroom Apartment,4500000.0,3.0,3.0,2.0,,8 Glendining Court,
2 Bedroom Townhouse,2950000.0,2.0,25.0,1.0,,"Northfields, 11 The Drive",
3 Bedroom Townhouse,5700000.0,3.0,3.0,2.0,17268.0,"19 Uluwatu, 4 Maple Close, Unit 19 Uluwatu",
5 Bedroom House,7500000.0,5.0,55.0,4.0,6537.0,14 Cliff Road,
3 Bedroom Apartment,2494000.0,3.0,2.0,4.0,,117 Inanda Road,
5 Bedroom House,2395000.0,5.0,4.0,8.0,,10 Homa Road,
2 Bedroom Apartment,1050000.0,2.0,1.0,2.0,,,
3 Bedroom Apartment,2400000.0,3.0,25.0,1.0,,51 O.r. Tambo Parade,
2 Bedroom Apartment,1480000.0,2.0,15.0,4.0,,,
2 Bedroom Apartment,799000.0,2.0,15.0,1.0,,,
4 Bedroom Apartment,3200000.0,4.0,35.0,2.0,,,
2 Bedroom Apartment,570000.0,2.0,2.0,1.0,,Dr 218 51 Marine Drive,
1 Bedroom Apartment,1750000.0,1.0,1.0,1.0,,"Ocean Club, Dolphin Coast",
3 Bedroom Townhouse,2650000.0,3.0,2.0,2.0,4049.0,"4 Ss Mount Alexander, 51 View Road",
3 Bedroom Apartment,3995000.0,3.0,2.0,2.0,,2 Heleza Boulevard,
2 Bedroom Apartment,1050000.0,2.0,1.0,2.0,,,
5 Bedroom House,2100000.0,5.0,3.0,2.0,941.0,86 Dolphin Crescent,
4 Bedroom Apartment,7425000.0,4.0,4.0,4.0,,"7 Ss Hertford, 747 Musgrave Road",
2 Bedroom Apartment,2495000.0,2.0,1.0,2.0,,"4 Ile Coco, 26 Newlands Drive",
5 Bedroom House,13000000.0,5.0,35.0,8.0,2023.0,101 Nkwazi Drive,
2 Bedroom Apartment,4350000.0,2.0,2.0,2.0,,1 Ncondo,
2 Bedroom Apartment,780000.0,2.0,2.0,2.0,,"5 Ss Masada Manor, 1159 Chiddingstone Road",
3 Bedroom House,930000.0,3.0,1.0,,464.0,6303 Osizweni A,
Apartment,16500000.0,,,,,,
4 Bedroom House,1295000.0,4.0,1.0,5.0,850.0,,
3 Bedroom House,1650000.0,3.0,3.0,2.0,1032.0,,
3 Bedroom House,2290000.0,3.0,2.0,8.0,696.0,166 Hillhead Road,
2 Bedroom Apartment,3350000.0,2.0,2.0,2.0,,,
1 Bedroom Apartment,880000.0,1.0,1.0,1.0,,24h Sheffield Manor,
3 Bedroom House,1650000.0,3.0,2.0,,999.0,,
3 Bedroom Apartment,3850000.0,3.0,2.0,2.0,,,
3 Bedroom Apartment,1400000.0,3.0,2.0,1.0,,,
3 Bedroom House,3380000.0,3.0,2.0,9.0,1226.0,,
3 Bedroom House,950000.0,3.0,2.0,2.0,1402.0,,
1 Bedroom Apartment,720000.0,1.0,1.0,1.0,,,
1 Bedroom Apartment,1750000.0,1.0,1.0,,,,
3 Bedroom House,930000.0,3.0,1.0,,464.0,6303 Osizweni A,
3 Bedroom House,1650000.0,3.0,2.0,3.0,988.0,,
4 Bedroom House,1450000.0,4.0,3.0,3.0,1054.0,,
4 Bedroom House,850000.0,4.0,3.0,,214.0,,
2 Bedroom House,1500000.0,2.0,2.0,,90.0,,
3 Bedroom House,1485000.0,3.0,2.0,4.0,,,
3 Bedroom House,1399000.0,3.0,1.0,3.0,209.0,,
3 Bedroom House,949000.0,3.0,15.0,3.0,361.0,,
2 Bedroom Apartment,750000.0,2.0,2.0,2.0,,,
4 Bedroom House,3999000.0,4.0,2.0,2.0,8226.0,,
2 Bedroom Apartment,3200000.0,2.0,2.0,3.0,,,
3 Bedroom Townhouse,2850000.0,3.0,2.0,2.0,,,
3 Bedroom House,1650000.0,3.0,2.0,3.0,3188.0,26 Tugela Mouth Beach,
2 Bedroom Apartment,2800000.0,2.0,2.0,2.0,,,
2 Bedroom Apartment,1350000.0,2.0,1.0,1.0,,,
1 Bedroom Apartment,499000.0,1.0,1.0,2.0,,,
4 Bedroom House,4399000.0,4.0,3.0,14.0,1194.0,,
4 Bedroom House,10495000.0,4.0,4.0,6.0,800.0,,
2 Bedroom Apartment,4295000.0,2.0,2.0,1.0,,,
4 Bedroom Townhouse,4200000.0,4.0,3.0,2.0,5639.0,,
3 Bedroom Townhouse,2850000.0,3.0,2.0,2.0,,,
9 Bedroom House,3750000.0,9.0,9.0,4.0,2547.0,,
4 Bedroom Townhouse,999000.0,4.0,2.0,,238311.0,,
4 Bedroom House,1699000.0,4.0,2.0,2.0,701.0,,
2 Bedroom Apartment,1200000.0,2.0,2.0,1.0,,,
4 Bedroom House,7690000.0,4.0,4.0,5.0,652.0,,
1 Bedroom Apartment,1250000.0,1.0,1.0,1.0,,,
1 Bedroom Apartment,1350000.0,1.0,1.0,1.0,,,
5 Bedroom House,2200000.0,5.0,25.0,4.0,1012.0,,
2 Bedroom Apartment,1399000.0,2.0,1.0,2.0,,"Westwood Estate, 3 S425 Flame Thorn",
0.5 Bedroom Apartment,570000.0,5.0,1.0,,,,
2 Bedroom Apartment,1380000.0,2.0,1.0,2.0,,,
2 Bedroom Apartment,500000.0,2.0,1.0,1.0,,"1505 Ss Haven Court, 2 Fenton Road",
3 Bedroom Apartment,1495000.0,3.0,2.0,2.0,,,
2 Bedroom Apartment,1295000.0,2.0,1.0,1.0,,286 Musgrave Avenue,
4 Bedroom House,2395000.0,4.0,3.0,4.0,1013.0,,
2 Bedroom House,625000.0,2.0,1.0,10.0,200.0,,
3 Bedroom Apartment,3000000.0,3.0,2.0,2.0,,,
3 Bedroom Apartment,3000000.0,3.0,2.0,2.0,,,
3 Bedroom Apartment,1695000.0,3.0,2.0,1.0,,,
4 Bedroom House,4850000.0,4.0,4.0,4.0,1132.0,,
5 Bedroom House,1899000.0,5.0,4.0,10.0,1631.0,,
3 Bedroom Townhouse,1200000.0,3.0,2.0,2.0,4057.0,,
1 Bedroom Apartment,1100000.0,1.0,1.0,1.0,,,
2 Bedroom Apartment,1295000.0,2.0,2.0,2.0,,,
3 Bedroom Apartment,3650000.0,3.0,2.0,3.0,,,
3 Bedroom Apartment,6100000.0,3.0,2.0,2.0,,,
6 Bedroom House,4950000.0,6.0,7.0,6.0,2030.0,58 Monzali Drive,
2 Bedroom Apartment,3595000.0,2.0,2.0,2.0,,,
1 Bedroom Apartment,4200000.0,1.0,1.0,,,,
2 Bedroom Apartment,2950000.0,2.0,2.0,2.0,,,
4 Bedroom Apartment,3300000.0,4.0,45.0,2.0,,,
4 Bedroom House,4500000.0,4.0,3.0,4.0,593.0,,
3 Bedroom Apartment,3250000.0,3.0,25.0,4.0,,,
3 Bedroom Townhouse,3695000.0,3.0,25.0,4.0,14810.0,,
3 Bedroom House,1400000.0,3.0,2.0,2.0,929.0,,
2 Bedroom House,3600000.0,2.0,2.0,2.0,72000.0,,
4 Bedroom House,1350000.0,4.0,2.0,1.0,660.0,5 Crescendo Place,
3 Bedroom Townhouse,5695000.0,3.0,35.0,1.0,,,
2 Bedroom Apartment,690000.0,2.0,2.0,1.0,,,
3 Bedroom Apartment,3250000.0,3.0,25.0,4.0,,,
2 Bedroom Apartment,2350000.0,2.0,2.0,2.0,,,
2 Bedroom House,875000.0,2.0,1.0,2.0,333.0,,
4 Bedroom House,1095000.0,4.0,2.0,3.0,279.0,,
3 Bedroom Townhouse,3795000.0,3.0,2.0,4.0,,,
3 Bedroom House,995000.0,3.0,2.0,3.0,,,
3 Bedroom House,850000.0,3.0,1.0,1.0,661.0,,
5 Bedroom House,2290000.0,5.0,4.0,3.0,528.0,,
3 Bedroom House,4995000.0,3.0,3.0,2.0,290.0,2 Intaba Terrace,
4 Bedroom House,2395000.0,4.0,35.0,13.0,1798.0,12 View Hills Road,
1 Bedroom Apartment,599000.0,1.0,1.0,1.0,,,
5 Bedroom House,9000000.0,5.0,4.0,2.0,2622.0,Flatcrown,
1 Bedroom Apartment,540000.0,1.0,1.0,,,,
2 Bedroom Apartment,580000.0,2.0,1.0,1.0,,,
5 Bedroom House,3450000.0,5.0,5.0,4.0,2108.0,,
2 Bedroom Apartment,689000.0,2.0,1.0,1.0,,,
5 Bedroom House,9000000.0,5.0,4.0,2.0,2622.0,Flatcrown,
5 Bedroom House,1100000.0,5.0,2.0,4.0,966.0,,
3 Bedroom House,1590000.0,3.0,25.0,2.0,1857.0,,
3 Bedroom House,3850000.0,3.0,2.0,2.0,1928.0,,
3 Bedroom House,799000.0,3.0,1.0,1.0,55.0,,
4 Bedroom House,1749000.0,4.0,3.0,6.0,240.0,,
3 Bedroom Apartment,1450000.0,3.0,2.0,2.0,,,
3 Bedroom House,1050000.0,3.0,2.0,4.0,829.0,,
2 Bedroom Apartment,830000.0,2.0,2.0,1.0,,938 Fascadale Rd,
1 Bedroom Apartment,720000.0,1.0,1.0,1.0,,,
2 Bedroom Townhouse,505000.0,2.0,1.0,1.0,109558.0,,
5 Bedroom House,2800000.0,5.0,3.0,15.0,650.0,,
6 Bedroom House,7500000.0,6.0,7.0,5.0,922.0,,
5 Bedroom House,3175000.0,5.0,3.0,6.0,2033.0,,
4 Bedroom House,1099000.0,4.0,3.0,4.0,464.0,,
2 Bedroom Apartment,850000.0,2.0,1.0,,,,
2 Bedroom House,350000.0,2.0,2.0,,226.0,,
3 Bedroom House,1200000.0,3.0,3.0,2.0,705.0,,
2 Bedroom Apartment,651750.0,2.0,1.0,1.0,,,
2 Bedroom Apartment,585000.0,2.0,1.0,2.0,,,
0.5 Bedroom Apartment,1995000.0,5.0,1.0,1.0,,,
2 Bedroom House,400000.0,2.0,1.0,,,,
3 Bedroom Apartment,595000.0,3.0,1.0,2.0,,,
3 Bedroom Townhouse,2850000.0,3.0,2.0,4.0,,,
2 Bedroom Apartment,800000.0,2.0,1.0,,,,
Apartment,630000.0,,1.0,,,,
Apartment,595000.0,,1.0,,,,
1 Bedroom Apartment,575000.0,1.0,1.0,1.0,,,
2 Bedroom House,400000.0,2.0,1.0,1.0,300.0,,
2 Bedroom House,400000.0,2.0,1.0,1.0,300.0,,
2 Bedroom Apartment,700000.0,2.0,15.0,,,,
1 Bedroom Apartment,360000.0,1.0,1.0,,,,
1 Bedroom House,250000.0,1.0,1.0,1.0,448.0,,
24 Bedroom Apartment,25000000.0,24.0,22.0,13.0,1230.0,,
2 Bedroom Apartment,850000.0,2.0,1.0,,,,
3 Bedroom Apartment,1295000.0,3.0,2.0,1.0,,,
5 Bedroom House,1400000.0,5.0,2.0,6.0,486.0,,
6 Bedroom House,1795000.0,6.0,5.0,10.0,573.0,,
7 Bedroom House,1850000.0,7.0,6.0,6.0,556.0,,
2 Bedroom Townhouse,1250000.0,2.0,15.0,1.0,38390.0,,
3 Bedroom Apartment,1495000.0,3.0,2.0,1.0,,,
2 Bedroom Apartment,4400000.0,2.0,25.0,2.0,,,
2 Bedroom Apartment,4400000.0,2.0,25.0,2.0,,,
2 Bedroom Apartment,2550000.0,2.0,2.0,2.0,,,
2 Bedroom House,2500000.0,2.0,2.0,2.0,24.0,,
2 Bedroom Apartment,760000.0,2.0,1.0,1.0,,,
1 Bedroom Apartment,500000.0,1.0,1.0,2.0,,,
2 Bedroom Apartment,1349000.0,2.0,15.0,1.0,,"108 Port O' Durban, 50 Prince Street",
4 Bedroom House,1580000.0,4.0,2.0,2.0,1032.0,,
4 Bedroom House,1740000.0,4.0,3.0,2.0,809.0,,
3 Bedroom Apartment,2950000.0,3.0,2.0,2.0,,,
2 Bedroom House,700000.0,2.0,1.0,,966.0,,
2 Bedroom Apartment,980000.0,2.0,1.0,,,,
3 Bedroom Apartment,1270000.0,3.0,1.0,,,,
3 Bedroom Townhouse,925000.0,3.0,15.0,2.0,,,
2 Bedroom House,700000.0,2.0,1.0,,966.0,,
3 Bedroom Townhouse,4495000.0,3.0,25.0,2.0,,,
2 Bedroom Apartment,1195000.0,2.0,2.0,1.0,,,
2 Bedroom Apartment,1150000.0,2.0,1.0,1.0,,,
2 Bedroom Apartment,2460000.0,2.0,1.0,2.0,,,
3 Bedroom Townhouse,5195000.0,3.0,4.0,1.0,6675.0,"11 The Plantations, 5 Tinderwood Lane",
3 Bedroom House,849995.0,3.0,15.0,1.0,213.0,,
3 Bedroom Townhouse,5195000.0,3.0,4.0,1.0,6675.0,"11 The Plantations, 5 Tinderwood Lane",
2 Bedroom Apartment,590000.0,2.0,1.0,1.0,,,
4 Bedroom House,2500000.0,4.0,35.0,2.0,2366.0,,
2 Bedroom Apartment,2450000.0,2.0,2.0,1.0,,,
1 Bedroom Apartment,895000.0,1.0,1.0,3.0,,,
5 Bedroom House,3489000.0,5.0,3.0,8.0,930.0,,
3 Bedroom House,1899000.0,3.0,2.0,5.0,1112.0,,
3 Bedroom Townhouse,1480000.0,3.0,2.0,2.0,4363.0,,
2 Bedroom Apartment,1395000.0,2.0,1.0,2.0,,"216 Adrovande, 6 Jubilee Grove",
3 Bedroom Apartment,1595000.0,3.0,15.0,2.0,,37 Furness Avenue,
3 Bedroom House,2800000.0,3.0,3.0,2.0,941.0,,
4 Bedroom House,1200000.0,4.0,2.0,3.0,664.0,,
2 Bedroom Apartment,670000.0,2.0,1.0,2.0,,24 Ibis Road,
1.5 Bedroom Apartment,650000.0,15.0,1.0,2.0,,"2 Ss Minerva Court, 5 Minerva Grove",
4 Bedroom House,9200000.0,4.0,45.0,2.0,200.0,"446 San Lameer Lower South Coast Kwa-Zulu Natal N2s R61, San Lameer.",
2 Bedroom House,3200000.0,2.0,2.0,2.0,,,
Apartment,450000.0,,,,,,
2 Bedroom Apartment,2795000.0,2.0,2.0,4.0,,,
3 Bedroom House,1300000.0,3.0,2.0,1.0,,,
Apartment,295000.0,,1.0,,,,
Apartment,295000.0,,1.0,,,,
2 Bedroom House,290000.0,2.0,1.0,1.0,,,
6 Bedroom House,1350000.0,6.0,9.0,6.0,935.0,,
2 Bedroom Apartment,850000.0,2.0,2.0,1.0,,,
2 Bedroom Apartment,550000.0,2.0,1.0,,,,
Apartment,330000.0,,1.0,1.0,,,
3 Bedroom House,600000.0,3.0,1.0,1.0,,,
Apartment,380000.0,,,,,,
2 Bedroom Apartment,485000.0,2.0,1.0,,,,
3 Bedroom House,510000.0,3.0,1.0,3.0,289.0,,
5 Bedroom House,1950000.0,5.0,3.0,7.0,813.0,,
House,120000.0,,,,360.0,,
2 Bedroom Apartment,690000.0,2.0,1.0,1.0,,,
Apartment,430000.0,,1.0,5.0,655.0,,
2 Bedroom Apartment,1200000.0,2.0,1.0,1.0,,,
2 Bedroom Apartment,490000.0,2.0,1.0,1.0,,,
3 Bedroom House,1295000.0,3.0,1.0,4.0,1318.0,,
3 Bedroom Townhouse,1675000.0,3.0,2.0,4.0,123.0,"2 Ss Merrifields, 16 Pinehill Avenue",
3 Bedroom House,1895000.0,3.0,2.0,4.0,1012.0,,
3 Bedroom House,1200000.0,3.0,2.0,2.0,1144.0,38 Cornford Drive,
5 Bedroom House,25000000.0,5.0,35.0,5.0,143552.0,24 Fraser Road,
3 Bedroom House,1450000.0,3.0,2.0,4.0,1026.0,,
3 Bedroom Apartment,2599000.0,3.0,2.0,2.0,,"416 Ballito Hills, 1 Hill Street",
3 Bedroom Townhouse,2175000.0,3.0,2.0,4.0,,"4 Ss Kloofpark Villas, 28 Edwin Swales Road",
2.5 Bedroom Apartment,2495000.0,25.0,2.0,2.0,,"63 Ss Morningside Ridge, 10 Burman Drive",
2 Bedroom Townhouse,760000.0,2.0,2.0,2.0,,"12 Ss Lagoon Cabanas, 2041 Shore Drive",
3 Bedroom House,2250000.0,3.0,2.0,2.0,4587.0,6 Firwood Road,
3 Bedroom Townhouse,3500000.0,3.0,3.0,6.0,,51 F Alverstone Rd,
4 Bedroom House,2499000.0,4.0,3.0,11.0,673.0,,
2 Bedroom Townhouse,2795000.0,2.0,2.0,2.0,15380.0,2 Hanbury Close,
2 Bedroom Townhouse,760000.0,2.0,2.0,2.0,,"12 Ss Lagoon Cabanas, 2041 Shore Drive",
4 Bedroom House,8499999.0,4.0,3.0,2.0,1591.0,,
3 Bedroom House,2100000.0,3.0,25.0,9.0,1011.0,267 Langton Road,
4 Bedroom House,,4.0,4.0,9.0,2500.0,D600,
3 Bedroom Apartment,2499000.0,3.0,2.0,2.0,,"142 Barrington Estates, 1 Gazelle Road",
2 Bedroom Apartment,1600000.0,2.0,1.0,1.0,,205 Playfair Road,
4 Bedroom Townhouse,7495000.0,4.0,3.0,4.0,,,
5 Bedroom House,1250000.0,5.0,3.0,4.0,1045.0,,
1 Bedroom Apartment,892500.0,1.0,1.0,1.0,,,
3 Bedroom Apartment,980000.0,3.0,1.0,1.0,,97 Bristow Crescent,
1 Bedroom Apartment,799000.0,1.0,1.0,1.0,,,
2 Bedroom Apartment,1200000.0,2.0,1.0,1.0,,,
1 Bedroom Apartment,950000.0,1.0,1.0,1.0,,,
3 Bedroom Apartment,1385000.0,3.0,15.0,2.0,,,
1 Bedroom Apartment,4095000.0,1.0,1.0,1.0,,,
2 Bedroom Apartment,650000.0,2.0,1.0,2.0,,,
1 Bedroom Apartment,499000.0,1.0,1.0,1.0,,,
2 Bedroom Townhouse,2950000.0,2.0,25.0,2.0,,,
1 Bedroom Apartment,2545000.0,1.0,1.0,1.0,,,
3 Bedroom Apartment,1850000.0,3.0,2.0,2.0,,,
3 Bedroom House,785000.0,3.0,1.0,2.0,372.0,,
6 Bedroom House,2965000.0,6.0,4.0,4.0,1125.0,,
2 Bedroom House,395000.0,2.0,1.0,,258.0,,
2 Bedroom Apartment,875000.0,2.0,1.0,2.0,,,
1 Bedroom Apartment,892500.0,1.0,1.0,1.0,,,
3 Bedroom House,750000.0,3.0,15.0,5.0,601.0,,
2 Bedroom Apartment,2485000.0,2.0,25.0,2.0,,,
3 Bedroom House,4800000.0,3.0,2.0,2.0,325.0,,
4 Bedroom House,5550000.0,4.0,4.0,3.0,725.0,,
4 Bedroom House,,4.0,3.0,2.0,1021.0,"1a Hewitt Road, Salt Rock, Ballito",
3 Bedroom Apartment,2800000.0,3.0,2.0,1.0,,,
4 Bedroom House,750000.0,4.0,1.0,7.0,316.0,,
4 Bedroom House,3250000.0,4.0,2.0,8.0,1100.0,12 Palm Drive,
3 Bedroom Apartment,2800000.0,3.0,2.0,1.0,,,
3 Bedroom Apartment,1835000.0,3.0,2.0,1.0,,,
4 Bedroom House,,4.0,3.0,,2076.0,"12 Stardust Avenue, Shallcross, Chatsworth, 4093",
4 Bedroom House,4750000.0,4.0,35.0,2.0,3917.0,17 Wandsbeck Road,
4 Bedroom House,7995000.0,4.0,45.0,9.0,1684.0,,
2 Bedroom Apartment,2595000.0,2.0,2.0,2.0,,,
5 Bedroom House,2900000.0,5.0,3.0,3.0,3982.0,1376 Ilala Crescent,
3 Bedroom Apartment,2395000.0,3.0,3.0,2.0,,,
1 Bedroom Apartment,695000.0,1.0,1.0,1.0,,126 Currie Rd,
2 Bedroom Townhouse,2495000.0,2.0,25.0,2.0,23438.0,,
2 Bedroom Apartment,2299000.0,2.0,1.0,2.0,,,
3 Bedroom House,4950000.0,3.0,35.0,6.0,,87 Kenneth Kaunda Road,
2 Bedroom Apartment,700000.0,2.0,1.0,1.0,,52 Vause,
3 Bedroom Apartment,2250000.0,3.0,2.0,2.0,,,
3 Bedroom Apartment,1170000.0,3.0,2.0,2.0,,,
3 Bedroom Apartment,1350000.0,3.0,2.0,4.0,,,
2 Bedroom Apartment,1595000.0,2.0,2.0,1.0,,,
6 Bedroom House,1325000.0,6.0,4.0,4.0,2247.0,,
2 Bedroom Apartment,1985000.0,2.0,1.0,,,,
4 Bedroom House,6500000.0,4.0,3.0,2.0,1022.0,,
3 Bedroom House,1700000.0,3.0,2.0,2.0,1875.0,,
3 Bedroom Apartment,2195000.0,3.0,2.0,2.0,,,
2 Bedroom House,3250000.0,2.0,2.0,4.0,,,
3 Bedroom House,800000.0,3.0,2.0,,385.0,,
4 Bedroom House,895000.0,4.0,3.0,11.0,488.0,,
2 Bedroom House,480000.0,2.0,1.0,1.0,,,
3 Bedroom House,1995000.0,3.0,35.0,5.0,1022.0,,
3 Bedroom House,880000.0,3.0,2.0,1.0,1087.0,,
2 Bedroom Apartment,550000.0,2.0,1.0,2.0,,,
4 Bedroom House,1350000.0,4.0,3.0,5.0,1020.0,,
1 Bedroom Apartment,1150000.0,1.0,1.0,1.0,,,
1 Bedroom Apartment,450000.0,1.0,1.0,,,,
3 Bedroom Apartment,8999000.0,3.0,3.0,2.0,,,
11 Bedroom House,1800000.0,11.0,35.0,5.0,1995.0,,
1 Bedroom Apartment,1150000.0,1.0,1.0,1.0,,,
4 Bedroom Townhouse,3500000.0,4.0,4.0,2.0,1760.0,,
10 Bedroom House,2500000.0,10.0,5.0,,1056.0,,
4 Bedroom House,799000.0,4.0,2.0,2.0,467.0,,
0.5 Bedroom Apartment,472500.0,5.0,1.0,1.0,,,
4 Bedroom House,900000.0,4.0,2.0,1.0,228.0,,
1 Bedroom Apartment,395000.0,1.0,1.0,,,,
4 Bedroom House,1795000.0,4.0,35.0,6.0,1331.0,,
4 Bedroom House,2500000.0,4.0,4.0,8.0,1300.0,,
3 Bedroom House,950000.0,3.0,2.0,10.0,465.0,,
3 Bedroom Townhouse,2095000.0,3.0,2.0,1.0,,275 Gladys Manzi Road,
3 Bedroom Townhouse,1259000.0,3.0,2.0,2.0,,,
2 Bedroom Apartment,1390000.0,2.0,2.0,1.0,,,
3 Bedroom House,990000.0,3.0,15.0,2.0,306.0,,
3 Bedroom Townhouse,2095000.0,3.0,2.0,1.0,,275 Gladys Manzi Road,
2 Bedroom Apartment,1875000.0,2.0,1.0,1.0,,"501 La Ballito, 8 Compensation Beach Road",
4 Bedroom Apartment,1310000.0,4.0,25.0,1.0,4134.0,,
1 Bedroom Apartment,450000.0,1.0,1.0,1.0,,,
1.5 Bedroom Apartment,790000.0,15.0,1.0,2.0,,,
2 Bedroom Apartment,1350000.0,2.0,2.0,1.0,,,
1 Bedroom Apartment,680000.0,1.0,1.0,1.0,,17 Elizabeth Avenue,
3 Bedroom Apartment,15000000.0,3.0,3.0,2.0,,,
2 Bedroom Townhouse,1200000.0,2.0,2.0,1.0,,,
3 Bedroom Apartment,1080000.0,3.0,2.0,1.0,,,
2 Bedroom Townhouse,840000.0,2.0,2.0,3.0,146.0,,
3 Bedroom House,750000.0,3.0,1.0,1.0,,,
1 Bedroom Apartment,1295000.0,1.0,1.0,2.0,,,
2 Bedroom Townhouse,1350000.0,2.0,2.0,1.0,6452.0,,
2 Bedroom Apartment,680000.0,2.0,1.0,3.0,,,
2 Bedroom Townhouse,995000.0,2.0,2.0,1.0,108034.0,,
5 Bedroom Townhouse,9500000.0,5.0,7.0,10.0,,,
2 Bedroom Townhouse,980000.0,2.0,2.0,2.0,,,
3 Bedroom Apartment,1150000.0,3.0,1.0,1.0,,,
3 Bedroom Townhouse,1195000.0,3.0,2.0,2.0,,,
2 Bedroom Apartment,2199000.0,2.0,2.0,2.0,,"216 Ss Cozumel, 33 North Beach Road",
2 Bedroom Townhouse,840000.0,2.0,2.0,3.0,146.0,,
5 Bedroom Townhouse,9490000.0,5.0,5.0,3.0,398.0,,
1 Bedroom Apartment,745000.0,1.0,1.0,1.0,,"6 Chopleigh, 121 Peter Mokaba Road",
3 Bedroom Townhouse,975000.0,3.0,2.0,4.0,27652.0,,
5 Bedroom House,1799000.0,5.0,3.0,8.0,837.0,15 Baracuda Drive,
2 Bedroom Apartment,1200000.0,2.0,1.0,1.0,,,
1 Bedroom Townhouse,550000.0,1.0,1.0,1.0,,,
4 Bedroom House,3800000.0,4.0,5.0,6.0,1110.0,1763 Hythe Crescent,
3 Bedroom Apartment,1600000.0,3.0,2.0,2.0,130.0,,
1 Bedroom Apartment,480000.0,1.0,1.0,1.0,,19 Somerset Avenue,
2 Bedroom Apartment,675000.0,2.0,2.0,1.0,,,
3 Bedroom Apartment,3260000.0,3.0,2.0,2.0,,,
6 Bedroom House,10500000.0,6.0,4.0,12.0,2057.0,,
8 Bedroom Apartment,5550000.0,8.0,8.0,6.0,,,
2 Bedroom Apartment,975000.0,2.0,2.0,2.0,,,
2 Bedroom Apartment,950000.0,2.0,1.0,1.0,,,
3 Bedroom Apartment,1080000.0,3.0,2.0,2.0,,,
4 Bedroom Townhouse,2740000.0,4.0,3.0,1.0,2064.0,,
2 Bedroom Apartment,915000.0,2.0,1.0,1.0,,,
3 Bedroom Apartment,2250000.0,3.0,2.0,1.0,,,
2 Bedroom Apartment,1280000.0,2.0,2.0,2.0,,,
4 Bedroom Apartment,2720000.0,4.0,2.0,2.0,,,
3 Bedroom Townhouse,650000.0,3.0,1.0,1.0,20636.0,,
3 Bedroom Apartment,1080000.0,3.0,2.0,2.0,,,
3 Bedroom House,3200000.0,3.0,2.0,2.0,,,
2 Bedroom Apartment,1950000.0,2.0,2.0,1.0,,,
2 Bedroom Apartment,2555000.0,2.0,15.0,2.0,,,
2 Bedroom Apartment,2595000.0,2.0,2.0,2.0,,,
3 Bedroom Apartment,1900000.0,3.0,2.0,1.0,,,
2 Bedroom Apartment,650000.0,2.0,1.0,1.0,,,
2 Bedroom Apartment,795000.0,2.0,1.0,1.0,,,
3 Bedroom House,2600000.0,3.0,2.0,6.0,268.0,,
10 Bedroom House,4500000.0,10.0,4.0,8.0,838.0,,
3 Bedroom Townhouse,2125000.0,3.0,2.0,5.0,,"York Estate, 19 York Rd",
3 Bedroom Townhouse,1895000.0,3.0,2.0,2.0,52505.0,"67 Ss Strawberry Fields, 144 Wattle Grove",
3 Bedroom Townhouse,1195000.0,3.0,3.0,2.0,4038.0,"11 Ss Martheo, 133 Marine Drive",
2 Bedroom Townhouse,899000.0,2.0,1.0,3.0,,,
4 Bedroom House,3250000.0,4.0,25.0,2.0,2110.0,40 Buckingham Pl,
1 Bedroom Apartment,599000.0,1.0,2.0,1.0,,,
2 Bedroom Apartment,2349900.0,2.0,2.0,2.0,,,
4 Bedroom House,1250000.0,4.0,2.0,4.0,449.0,,
2 Bedroom Apartment,1595000.0,2.0,1.0,1.0,,82 Summer Lane,
6 Bedroom House,5180000.0,6.0,55.0,3.0,,,
5 Bedroom House,6395000.0,5.0,4.0,2.0,1141.0,,
3 Bedroom Apartment,5500000.0,3.0,2.0,2.0,4047.0,188 Old Main Road,
2 Bedroom Apartment,710000.0,2.0,1.0,2.0,,9 Marine Drive,
5 Bedroom House,2295000.0,5.0,3.0,2.0,1871.0,42 Uplands Drive,
1 Bedroom Apartment,599000.0,1.0,2.0,1.0,,,
3 Bedroom House,4380000.0,3.0,35.0,4.0,595.0,5 Salt City,
3 Bedroom House,2100000.0,3.0,2.0,5.0,696.0,302 Sphiwe Zuma Avenue,
2 Bedroom Apartment,695000.0,2.0,15.0,2.0,,,
6 Bedroom House,5300000.0,6.0,8.0,10.0,1879.0,,
3 Bedroom House,1200000.0,3.0,2.0,2.0,500.0,,
3 Bedroom House,3640000.0,3.0,2.0,4.0,590.0,,
8 Bedroom Apartment,2680000.0,8.0,4.0,4.0,614.0,,
1 Bedroom Apartment,500000.0,1.0,1.0,1.0,,,
7 Bedroom House,4989999.0,7.0,6.0,5.0,2007.0,,
2 Bedroom Apartment,900000.0,2.0,1.0,,,,
2 Bedroom Apartment,899000.0,2.0,2.0,1.0,,,
3 Bedroom Apartment,3200000.0,3.0,2.0,2.0,,,
3 Bedroom House,2100000.0,3.0,2.0,4.0,1394.0,,
4 Bedroom House,1250000.0,4.0,3.0,6.0,1078.0,,
3 Bedroom Apartment,1080000.0,3.0,2.0,2.0,,,
3 Bedroom Apartment,2200000.0,3.0,2.0,2.0,,,
3 Bedroom House,550000.0,3.0,1.0,3.0,346.0,21 Hawk Drive,
3 Bedroom House,300000.0,3.0,1.0,6.0,325.0,,
13 Bedroom House,12500000.0,13.0,12.0,25.0,2788.0,201 Umhlanga Rocks Drive,
4 Bedroom House,5800000.0,4.0,2.0,2.0,18781.0,,
4 Bedroom Townhouse,15000000.0,4.0,5.0,8.0,,,
3 Bedroom House,4500000.0,3.0,2.0,2.0,935.0,,
3 Bedroom Apartment,1250000.0,3.0,2.0,1.0,,,
3 Bedroom House,1800000.0,3.0,2.0,4.0,485.0,,
3 Bedroom House,300000.0,3.0,1.0,6.0,325.0,,
1 Bedroom Apartment,300000.0,1.0,1.0,,,,
3 Bedroom House,750000.0,3.0,1.0,3.0,379.0,,
3 Bedroom House,4345000.0,3.0,2.0,2.0,842.0,,
1 Bedroom Apartment,749000.0,1.0,1.0,1.0,,,
1 Bedroom Apartment,165000.0,1.0,1.0,,,,
4 Bedroom House,8500000.0,4.0,4.0,6.0,1317.0,,
24 Bedroom House,7950000.0,24.0,24.0,50.0,6550.0,,
2 Bedroom Apartment,1495000.0,2.0,2.0,,77.0,,
3 Bedroom Apartment,1595000.0,3.0,2.0,2.0,,,
2 Bedroom Apartment,8470000.0,2.0,25.0,,,,
4 Bedroom Apartment,6900000.0,4.0,35.0,2.0,,,
2 Bedroom Apartment,2495000.0,2.0,1.0,1.0,,,
2 Bedroom Townhouse,1100000.0,2.0,2.0,3.0,4043.0,,
1 Bedroom Apartment,4441000.0,1.0,1.0,1.0,,,
4 Bedroom House,1250000.0,4.0,3.0,11.0,757.0,,
2 Bedroom House,719000.0,2.0,1.0,,209.0,,
3 Bedroom Townhouse,2650000.0,3.0,2.0,2.0,,,
3 Bedroom House,750000.0,3.0,1.0,3.0,379.0,,
3 Bedroom House,790000.0,3.0,2.0,4.0,307.0,,
4 Bedroom Townhouse,8500000.0,4.0,35.0,,,,
3 Bedroom House,900000.0,3.0,2.0,2.0,438.0,,
7 Bedroom House,2995000.0,7.0,5.0,3.0,2019.0,,
2 Bedroom House,595000.0,2.0,1.0,,4146.0,,
2 Bedroom Apartment,650000.0,2.0,1.0,1.0,,,
3 Bedroom Townhouse,2300000.0,3.0,2.0,2.0,6049.0,,
3 Bedroom Townhouse,980000.0,3.0,1.0,2.0,2032.0,,
2 Bedroom Apartment,2900000.0,2.0,2.0,,,,
3 Bedroom House,3350000.0,3.0,2.0,9.0,,,
3 Bedroom Apartment,1295000.0,3.0,1.0,2.0,,,
Apartment,1100000.0,,1.0,,,41 Snell Parade,
2.5 Bedroom Apartment,500000.0,25.0,1.0,,,,
3 Bedroom Townhouse,6200000.0,3.0,4.0,2.0,13.0,,
2 Bedroom Apartment,1880000.0,2.0,2.0,2.0,,,
3 Bedroom House,1198000.0,3.0,2.0,1.0,2000.0,,
3 Bedroom Apartment,2750000.0,3.0,2.0,1.0,,,
3 Bedroom House,750000.0,3.0,1.0,3.0,294.0,,
4 Bedroom Townhouse,2120000.0,4.0,25.0,1.0,4047.0,,
2 Bedroom Apartment,605000.0,2.0,2.0,2.0,,,
2 Bedroom Apartment,890000.0,2.0,2.0,,,,
2.5 Bedroom Apartment,500000.0,25.0,1.0,,,,
3 Bedroom House,770000.0,3.0,2.0,1.0,,,
1 Bedroom Apartment,850000.0,1.0,1.0,1.0,,,
2 Bedroom Apartment,5400000.0,2.0,25.0,2.0,,,
3 Bedroom House,900000.0,3.0,25.0,1.0,124.0,49 Greenfield Way,
2 Bedroom House,2250000.0,2.0,2.0,2.0,160.0,,
5 Bedroom House,2195000.0,5.0,4.0,2.0,938.0,,
4 Bedroom House,1800000.0,4.0,2.0,8.0,957.0,,
3 Bedroom Townhouse,1950000.0,3.0,2.0,4.0,1407.0,,
3 Bedroom Apartment,980000.0,3.0,2.0,1.0,,,
3 Bedroom House,4350000.0,3.0,2.0,7.0,757.0,,
5 Bedroom House,1550000.0,5.0,2.0,1.0,661.0,,
3 Bedroom House,1750000.0,3.0,2.0,2.0,37525.0,,
3 Bedroom House,1750000.0,3.0,2.0,2.0,37525.0,,
3 Bedroom House,1600000.0,3.0,2.0,3.0,1144.0,,
3 Bedroom House,800000.0,3.0,1.0,4.0,470.0,,
5 Bedroom House,2695000.0,5.0,2.0,5.0,984.0,,
3 Bedroom House,995000.0,3.0,2.0,1.0,240.0,,
3 Bedroom Apartment,4495000.0,3.0,2.0,2.0,,,
3 Bedroom House,850000.0,3.0,15.0,4.0,294.0,,
5 Bedroom House,3900000.0,5.0,5.0,9.0,2730.0,,
3 Bedroom Townhouse,899000.0,3.0,1.0,3.0,8878.0,"21 Ss Mountain Mews, 44 Holzner Road",
3 Bedroom Townhouse,3200000.0,3.0,2.0,4.0,,,
3 Bedroom Apartment,3695000.0,3.0,2.0,2.0,,27 Ilala,
5 Bedroom House,4550000.0,5.0,3.0,2.0,1744.0,126 Ocean View Road,
6 Bedroom House,1615000.0,6.0,5.0,5.0,806.0,,
4 Bedroom House,795000.0,4.0,2.0,4.0,352.0,,
3 Bedroom Apartment,980000.0,3.0,1.0,1.0,,,
2 Bedroom Apartment,650000.0,2.0,1.0,1.0,,,
1 Bedroom Apartment,930000.0,1.0,1.0,1.0,,,
4 Bedroom House,2980000.0,4.0,3.0,4.0,1012.0,,
4 Bedroom House,795000.0,4.0,2.0,4.0,352.0,,
3 Bedroom Apartment,875500.0,3.0,2.0,2.0,,,
3 Bedroom Apartment,2600000.0,3.0,2.0,1.0,,,
4 Bedroom House,1700000.0,4.0,2.0,4.0,1012.0,,
2 Bedroom Apartment,650000.0,2.0,1.0,1.0,,,
1 Bedroom Apartment,535000.0,1.0,1.0,2.0,,,
4 Bedroom House,2599000.0,4.0,25.0,6.0,2023.0,8 Chiral Drive,
4 Bedroom House,3190000.0,4.0,3.0,4.0,1364.0,,
4 Bedroom Townhouse,6599000.0,4.0,3.0,4.0,6188.0,,
6 Bedroom House,1712000.0,6.0,5.0,2.0,1278.0,,
3 Bedroom Apartment,695000.0,3.0,1.0,1.0,,,
3 Bedroom Apartment,1940000.0,3.0,25.0,1.0,,,
3 Bedroom Townhouse,3450000.0,3.0,3.0,4.0,461.0,44 Geneva Crescent,
2 Bedroom Apartment,2500000.0,2.0,2.0,1.0,,,
2 Bedroom Apartment,1180000.0,2.0,2.0,1.0,,2 Elizabeth Avenue,
3 Bedroom Apartment,11200000.0,3.0,3.0,3.0,275.0,"8 Ss Atlas, 26 Marine Drive",
1 Bedroom House,619000.0,1.0,1.0,1.0,,,
7 Bedroom House,9750000.0,7.0,55.0,7.0,1470.0,,
1 Bedroom Apartment,595000.0,1.0,1.0,1.0,,,
3 Bedroom Apartment,5499999.0,3.0,3.0,4.0,,,
Apartment,2000000.0,,1.0,1.0,,,
3 Bedroom Apartment,1695000.0,3.0,2.0,1.0,,,
3 Bedroom Apartment,2100000.0,3.0,2.0,1.0,,,
2 Bedroom Apartment,699000.0,2.0,2.0,1.0,,,
3 Bedroom House,1195000.0,3.0,1.0,,300.0,,
3 Bedroom Apartment,1490000.0,3.0,2.0,2.0,,,
2 Bedroom Apartment,1180000.0,2.0,2.0,1.0,,2 Elizabeth Avenue,
2 Bedroom Apartment,1295000.0,2.0,1.0,1.0,,,
3 Bedroom Townhouse,1650000.0,3.0,2.0,4.0,,,
2 Bedroom Apartment,999000.0,2.0,2.0,1.0,,,
2 Bedroom Apartment,1090000.0,2.0,1.0,1.0,,44 Old Main Road,
3 Bedroom Apartment,895000.0,3.0,15.0,1.0,,,
3 Bedroom Apartment,5950000.0,3.0,35.0,3.0,,,
3 Bedroom Apartment,6800000.0,3.0,3.0,2.0,,12 Serrano Seaton,
1.5 Bedroom Apartment,695000.0,15.0,1.0,1.0,,,
4 Bedroom House,950000.0,4.0,2.0,2.0,264.0,,
4 Bedroom House,11900000.0,4.0,45.0,8.0,1002.0,,
2 Bedroom Apartment,1099999.0,2.0,1.0,1.0,,"114 Rocca Marina, 9 Sandile Thusi",
2 Bedroom Apartment,1050000.0,2.0,1.0,1.0,,,
2 Bedroom Apartment,1400000.0,2.0,2.0,2.0,,,
3 Bedroom Apartment,1745000.0,3.0,15.0,2.0,,,
2 Bedroom Apartment,650000.0,2.0,1.0,1.0,,,
2 Bedroom Apartment,2460000.0,2.0,2.0,2.0,,,
1 Bedroom Apartment,1250000.0,1.0,1.0,2.0,,,
2 Bedroom Townhouse,1690000.0,2.0,2.0,,4707.0,,
3 Bedroom House,1850000.0,3.0,1.0,3.0,1041.0,,
3 Bedroom Apartment,2100000.0,3.0,3.0,1.0,,,
3 Bedroom Apartment,1745000.0,3.0,15.0,2.0,,,
Apartment,680000.0,,,,1400.0,,
3 Bedroom Apartment,2700000.0,3.0,2.0,2.0,,17 Colywn Drive,
4 Bedroom House,1999999.0,4.0,3.0,7.0,1001.0,,
2 Bedroom Townhouse,1170000.0,2.0,2.0,2.0,,,
4 Bedroom House,5990000.0,4.0,45.0,6.0,1515.0,,
2 Bedroom Townhouse,1250000.0,2.0,1.0,1.0,,,
2 Bedroom Apartment,1095000.0,2.0,2.0,1.0,,,
5 Bedroom House,28000000.0,5.0,5.0,5.0,850.0,,
3 Bedroom House,800000.0,3.0,2.0,,335.0,,
3 Bedroom Apartment,990000.0,3.0,3.0,2.0,,,
4 Bedroom House,3750000.0,4.0,3.0,4.0,992.0,"Sereity Hills, 4 Zen Place",
3 Bedroom Apartment,770000.0,3.0,1.0,,,,
3 Bedroom Townhouse,1980000.0,3.0,2.0,,200.0,,
3 Bedroom Apartment,75000000.0,3.0,5.0,3.0,,7 Lagoon Drive,
3 Bedroom House,4450000.0,3.0,2.0,1.0,2216.0,,
3 Bedroom House,930000.0,3.0,1.0,4.0,350.0,,
2 Bedroom Townhouse,799000.0,2.0,1.0,1.0,2022.0,,
3 Bedroom Apartment,5695000.0,3.0,35.0,1.0,211.0,"5 Plantations, 67 Tinderwood Close",
4 Bedroom Townhouse,1750000.0,4.0,4.0,2.0,,,
3 Bedroom Apartment,990000.0,3.0,3.0,2.0,,,
4 Bedroom House,4950000.0,4.0,4.0,5.0,518.0,,
2 Bedroom Townhouse,490000.0,2.0,1.0,2.0,,,
2 Bedroom Apartment,645000.0,2.0,1.0,1.0,,,
House,3650000.0,,1.0,,966.0,,
3 Bedroom House,1495000.0,3.0,25.0,2.0,1382.0,,
2 Bedroom Apartment,977500.0,2.0,1.0,3.0,,,
3 Bedroom Apartment,850000.0,3.0,2.0,2.0,,,
1 Bedroom Apartment,1850000.0,1.0,1.0,2.0,,,
5 Bedroom House,6995000.0,5.0,7.0,10.0,749.0,,
2 Bedroom Apartment,570000.0,2.0,1.0,1.0,,,
2 Bedroom Apartment,710000.0,2.0,1.0,1.0,,,
3 Bedroom House,795000.0,3.0,2.0,1.0,598.0,,
3 Bedroom House,2095000.0,3.0,2.0,3.0,301.0,3872 Manor Lakes,
3 Bedroom Townhouse,1600000.0,3.0,3.0,1.0,17384.0,"4 Wild Waves, 22 Breamhill Drive",
3 Bedroom Apartment,840000.0,3.0,1.0,1.0,,,
2 Bedroom Apartment,2250000.0,2.0,2.0,1.0,,"D4 Ss Azure, 138 South Beach Road , Unit D2 Azure",
3 Bedroom House,750000.0,3.0,2.0,6.0,776.0,,
2 Bedroom Apartment,3250000.0,2.0,2.0,1.0,,,
3 Bedroom Apartment,1450000.0,3.0,2.0,2.0,,,
2 Bedroom Apartment,720000.0,2.0,2.0,2.0,,,
3 Bedroom House,899000.0,3.0,2.0,2.0,,,
5 Bedroom House,1295000.0,5.0,3.0,9.0,1078.0,,
2 Bedroom Apartment,1478000.0,2.0,1.0,2.0,,"19 Delville Place, 51 Delville Road",
2 Bedroom House,2795000.0,2.0,2.0,1.0,332.0,101 Lalela Estate Type C,
3 Bedroom House,820000.0,3.0,2.0,4.0,371.0,,
3 Bedroom Apartment,1450000.0,3.0,2.0,2.0,,,
2 Bedroom Townhouse,1086000.0,2.0,1.0,1.0,71023.0,,
3 Bedroom Apartment,1945000.0,3.0,3.0,3.0,,"La Maree, 30 Collison",
3 Bedroom House,2940000.0,3.0,2.0,2.0,332.0,82 Lalela Estate,
2 Bedroom Apartment,3150000.0,2.0,2.0,,,"246 N/a, 2 Heleza Boulevard",
3 Bedroom House,600000.0,3.0,2.0,,450.0,,
3 Bedroom House,740000.0,3.0,2.0,1.0,521.0,,
4 Bedroom House,2120000.0,4.0,3.0,6.0,540.0,,
2 Bedroom House,850000.0,2.0,2.0,2.0,1523.0,,
3 Bedroom Apartment,2100000.0,3.0,2.0,2.0,,,
2 Bedroom House,360000.0,2.0,1.0,,82.0,,
4 Bedroom Apartment,5710000.0,4.0,3.0,2.0,,,
4 Bedroom House,1390000.0,4.0,2.0,2.0,2069.0,,
2 Bedroom Townhouse,595000.0,2.0,15.0,2.0,,"62 Greenhart Share Block, 865 Houlton Drive",
3 Bedroom Apartment,850000.0,3.0,2.0,2.0,,,
3 Bedroom Apartment,1650000.0,3.0,2.0,2.0,,,
2 Bedroom Apartment,625000.0,2.0,1.0,1.0,,,
6 Bedroom House,8450000.0,6.0,5.0,14.0,2156.0,,
2 Bedroom Apartment,799000.0,2.0,1.0,1.0,,,
3 Bedroom House,2025000.0,3.0,2.0,10.0,1349.0,,
2 Bedroom Townhouse,800000.0,2.0,2.0,1.0,4341.0,,
4 Bedroom Apartment,2095000.0,4.0,25.0,2.0,,,
2 Bedroom Townhouse,550000.0,2.0,1.0,2.0,,,
2 Bedroom Apartment,950000.0,2.0,2.0,1.0,,,
3 Bedroom Townhouse,899000.0,3.0,2.0,2.0,,,
2 Bedroom House,360000.0,2.0,1.0,,82.0,,
3 Bedroom Apartment,1800000.0,3.0,2.0,2.0,,,
2 Bedroom Apartment,3100000.0,2.0,2.0,2.0,,"G058 Ocean Dune, 2 Oceandune Boulevard",
3 Bedroom Apartment,75000000.0,3.0,4.0,3.0,,,
4 Bedroom House,2795000.0,4.0,3.0,4.0,1120.0,,
3 Bedroom Apartment,620000.0,3.0,1.0,2.0,,,
4 Bedroom Apartment,1595000.0,4.0,2.0,4.0,,2 Wartski Drive,
3 Bedroom Apartment,1080000.0,3.0,2.0,,,,
3 Bedroom Townhouse,950000.0,3.0,2.0,1.0,3905.0,"6 Ss Freeland View, 2 Moodie Lane",
3 Bedroom Apartment,1850000.0,3.0,2.0,1.0,,"39 Breakerview Bay, 1 Brooke Street",
2 Bedroom Apartment,1199000.0,2.0,1.0,2.0,,"82 San Leandro, 80 Currie Street",
4 Bedroom House,1799000.0,4.0,2.0,6.0,993.0,,
2 Bedroom Townhouse,830000.0,2.0,2.0,1.0,4635.0,,
1 Bedroom Apartment,520000.0,1.0,1.0,1.0,,,
2 Bedroom Apartment,1650000.0,2.0,2.0,1.0,,10 Gillespie Street,
5 Bedroom House,1790000.0,5.0,5.0,,1166.0,,
1 Bedroom Apartment,710000.0,1.0,1.0,1.0,,11 Bornick Road,
4 Bedroom House,1750000.0,4.0,6.0,11.0,1979.0,,
3 Bedroom House,2699000.0,3.0,2.0,2.0,1849.0,,
3 Bedroom Apartment,1850000.0,3.0,2.0,1.0,,"39 Breakerview Bay, 1 Brooke Street",
3 Bedroom Apartment,2390000.0,3.0,2.0,2.0,,,
1 Bedroom Apartment,450000.0,1.0,1.0,1.0,,85 6th Avenue,
3 Bedroom House,1180000.0,3.0,1.0,4.0,200.0,,
2 Bedroom Townhouse,895000.0,2.0,1.0,,,,
3 Bedroom Apartment,2650000.0,3.0,2.0,1.0,,,
4 Bedroom House,,4.0,2.0,,968.0,,
10 Bedroom House,2300000.0,10.0,4.0,,668.0,,
5 Bedroom House,2500000.0,5.0,3.0,1.0,725.0,,
3 Bedroom Apartment,2715000.0,3.0,2.0,1.0,,,
4 Bedroom House,6300000.0,4.0,35.0,7.0,888.0,,
3 Bedroom House,1695000.0,3.0,2.0,5.0,768.0,,
2 Bedroom Apartment,975000.0,2.0,15.0,1.0,,,
4 Bedroom House,,4.0,2.0,,968.0,,
2 Bedroom Apartment,780000.0,2.0,1.0,1.0,,,
2 Bedroom Apartment,800000.0,2.0,1.0,2.0,,,
2 Bedroom House,800000.0,2.0,1.0,2.0,257.0,,
5 Bedroom House,1700000.0,5.0,3.0,2.0,3443.0,,
6 Bedroom House,2350000.0,6.0,4.0,6.0,1432.0,,
4 Bedroom House,560000.0,4.0,1.0,5.0,400.0,,
7 Bedroom House,2395000.0,7.0,5.0,3.0,1005.0,,
2 Bedroom Apartment,690000.0,2.0,1.0,1.0,,,
3 Bedroom House,780000.0,3.0,2.0,4.0,318.0,,
3 Bedroom House,1700000.0,3.0,1.0,17.0,1076.0,,
1 Bedroom Apartment,820000.0,1.0,1.0,,,,
3 Bedroom Apartment,1320000.0,3.0,2.0,2.0,,786 Ptn Road,
5 Bedroom House,1650000.0,5.0,3.0,3.0,1253.0,,
4 Bedroom House,9600000.0,4.0,45.0,6.0,1260.0,,
3 Bedroom Apartment,9159000.0,3.0,35.0,1.0,5024.0,,
3 Bedroom Apartment,9159000.0,3.0,3.0,4.0,5024.0,,
2 Bedroom House,395000.0,2.0,1.0,2.0,259.0,,
2 Bedroom House,1100000.0,2.0,2.0,3.0,429.0,,
3 Bedroom Apartment,1690000.0,3.0,2.0,2.0,,443 Musgrave Rd,
2 Bedroom Townhouse,1350000.0,2.0,25.0,1.0,7090.0,,
2 Bedroom Apartment,700000.0,2.0,1.0,,,,
2 Bedroom Townhouse,765000.0,2.0,15.0,3.0,39.0,,
3 Bedroom Townhouse,3995000.0,3.0,3.0,4.0,22406.0,,
3 Bedroom Apartment,1690000.0,3.0,2.0,2.0,,443 Musgrave Rd,
2 Bedroom Apartment,1000000.0,2.0,2.0,1.0,,88 Redroof Lane,
3 Bedroom House,1700000.0,3.0,2.0,4.0,1494.0,,
2 Bedroom Townhouse,1250000.0,2.0,2.0,2.0,4009.0,"9 Ss Palm Court, 1418 Valley Ciircle",
6 Bedroom House,950000.0,6.0,4.0,4.0,337.0,,
2 Bedroom Apartment,1265000.0,2.0,2.0,1.0,,"64 Ss Eden Dunes, 1130 East Street",
2 Bedroom Apartment,2500000.0,2.0,1.0,3.0,,"403 Ss Zimbali Boulevard Edge, 320 Albizia Drive, Unit 403 Zimbali Boulevard Edge",
4 Bedroom House,8950000.0,4.0,45.0,4.0,1445.0,,
4 Bedroom Apartment,5600000.0,4.0,4.0,4.0,,"3 Ss Baluwatu, 105 Yellow Wood Drive, Unit 3 Baluwatu",
2 Bedroom Apartment,750000.0,2.0,2.0,1.0,,"28 Ss Dumela Holiday Flats, 3445 Manaba Beach Road",
3 Bedroom House,6950000.0,3.0,3.0,6.0,940.0,"Zimbali Estate, 3 Birdie Close",
3 Bedroom Apartment,1800000.0,3.0,2.0,2.0,,"35 Ss Montego Bay, 1015 R61 Street",
4 Bedroom House,3490000.0,4.0,4.0,6.0,2036.0,,
3 Bedroom House,6950000.0,3.0,3.0,6.0,940.0,"Zimbali Estate, 3 Birdie Close",
2 Bedroom Townhouse,1195000.0,2.0,1.0,8.0,,,
1 Bedroom Apartment,1400000.0,1.0,1.0,1.0,,,
4 Bedroom Apartment,2715000.0,4.0,3.0,3.0,,"501 Colonial Sands, 23 Lagoon Road",
3 Bedroom Apartment,2500000.0,3.0,2.0,2.0,,"6 Ss Villa Nkwazi, 52 Glen Drive",
3 Bedroom Townhouse,699000.0,3.0,2.0,,20257.0,5 Boundary Road,
4 Bedroom Townhouse,5500000.0,4.0,3.0,10.0,1266.0,,
4 Bedroom House,1795000.0,4.0,3.0,2.0,1395.0,,
2 Bedroom Apartment,2600000.0,2.0,2.0,1.0,,,
2 Bedroom Townhouse,800000.0,2.0,1.0,4.0,204.0,,
2 Bedroom Apartment,1280000.0,2.0,2.0,2.0,,,
3 Bedroom House,980000.0,3.0,1.0,2.0,889.0,88 Hillside Road,
5 Bedroom Townhouse,1290000.0,5.0,3.0,2.0,4126.0,595 Mountbatten Drive,
4 Bedroom House,6400000.0,4.0,35.0,2.0,1371.0,,
3 Bedroom Townhouse,795000.0,3.0,25.0,2.0,,3 Bedroom 2 Bathroom Duplex,
4 Bedroom Apartment,4450000.0,4.0,55.0,4.0,,"48 Ss Sovereign Sands, 20 Salmon Street",
7 Bedroom House,13500000.0,7.0,7.0,6.0,3615.0,,
3 Bedroom House,7200000.0,3.0,35.0,2.0,964.0,23 Bee Eater Drive,
4 Bedroom Apartment,6450000.0,4.0,3.0,2.0,,1 Simbithi,
4 Bedroom House,1499000.0,4.0,1.0,5.0,698.0,,
4 Bedroom Apartment,2195000.0,4.0,2.0,2.0,,2 Forest Road,
3 Bedroom House,2350000.0,3.0,2.0,1.0,,,
3 Bedroom Townhouse,1550000.0,3.0,2.0,2.0,13425.0,,
4 Bedroom Townhouse,10500000.0,4.0,45.0,2.0,478.0,,
3 Bedroom Townhouse,1750000.0,3.0,2.0,3.0,,,
3 Bedroom Townhouse,2495000.0,3.0,25.0,1.0,6026.0,"4 Musgrave Gardens, 148 Musgrave Road",
4 Bedroom House,2399000.0,4.0,3.0,2.0,1873.0,,
4 Bedroom House,2200000.0,4.0,2.0,2.0,1293.0,,
3 Bedroom House,1650000.0,3.0,25.0,2.0,1192.0,,
3 Bedroom House,3650000.0,3.0,2.0,7.0,1327.0,,
1 Bedroom Apartment,650000.0,1.0,1.0,2.0,,5 Minerva Grove,
1 Bedroom Apartment,390000.0,1.0,1.0,1.0,,,
3 Bedroom Apartment,3250000.0,3.0,3.0,2.0,,,
4 Bedroom House,1398000.0,4.0,2.0,2.0,1459.0,,
3 Bedroom House,1750000.0,3.0,2.0,3.0,3806.0,,
3 Bedroom House,1200000.0,3.0,2.0,2.0,1658.0,54 Harvard,
3 Bedroom House,1650000.0,3.0,25.0,2.0,1192.0,,
2 Bedroom Apartment,1920000.0,2.0,2.0,1.0,,,
2 Bedroom Apartment,460000.0,2.0,1.0,,,,
1 Bedroom Apartment,950000.0,1.0,1.0,,,,
4 Bedroom House,5990000.0,4.0,4.0,2.0,1516.0,,
1 Bedroom Apartment,1750000.0,1.0,1.0,2.0,,"A11 Ocean Club, 1 1 Ocean Club Drive, Zimbali Lakes",
1 Bedroom Apartment,270000.0,1.0,1.0,,,24 Langalibalele Street,
1 Bedroom Apartment,665000.0,1.0,1.0,,,32 Madeline Road,
4 Bedroom House,5990000.0,4.0,4.0,2.0,1516.0,,
2 Bedroom Apartment,650000.0,2.0,1.0,1.0,,,
4 Bedroom House,8500000.0,4.0,45.0,4.0,19750.0,16 Mahogany Close,
4 Bedroom House,1300000.0,4.0,35.0,7.0,1010.0,,
1 Bedroom Apartment,485000.0,1.0,1.0,1.0,,34 Ryde Avenue,
2 Bedroom Apartment,995000.0,2.0,1.0,1.0,,,
5 Bedroom House,4600000.0,5.0,2.0,2.0,3532.0,,
1.5 Bedroom Apartment,730000.0,15.0,1.0,1.0,,,
3 Bedroom House,3600000.0,3.0,2.0,9.0,4170.0,,
2 Bedroom Apartment,1100000.0,2.0,1.0,1.0,,,
1 Bedroom Apartment,450000.0,1.0,1.0,,,,
2 Bedroom Apartment,2400000.0,2.0,2.0,1.0,,,
3 Bedroom Apartment,2980000.0,3.0,2.0,3.0,,80 William Campbell,
3 Bedroom Apartment,1350000.0,3.0,1.0,1.0,,,
3 Bedroom House,1149000.0,3.0,2.0,3.0,745.0,,
5 Bedroom House,6100000.0,5.0,3.0,6.0,1449.0,,
2 Bedroom Apartment,1950000.0,2.0,2.0,1.0,,,
5 Bedroom House,3000000.0,5.0,3.0,2.0,1288.0,136 Station Ridge Road,
3 Bedroom Apartment,1850000.0,3.0,2.0,2.0,,,
4 Bedroom House,2700000.0,4.0,3.0,10.0,1447.0,,
3 Bedroom House,,3.0,2.0,1.0,640.0,,
4 Bedroom House,1900000.0,4.0,3.0,1.0,1312.0,,
2 Bedroom Apartment,1950000.0,2.0,2.0,2.0,,,
4 Bedroom Townhouse,1450000.0,4.0,2.0,1.0,14.0,,
5 Bedroom House,3000000.0,5.0,3.0,2.0,1288.0,136 Station Ridge Road,
5 Bedroom House,1595000.0,5.0,3.0,5.0,1769.0,,
4 Bedroom House,1400000.0,4.0,3.0,3.0,959.0,,
2 Bedroom Apartment,620000.0,2.0,1.0,1.0,,,
3 Bedroom Apartment,1450000.0,3.0,2.0,2.0,,,
4 Bedroom Townhouse,845000.0,4.0,3.0,2.0,,,
3 Bedroom House,2950000.0,3.0,2.0,4.0,900.0,,
1 Bedroom Apartment,650000.0,1.0,1.0,1.0,,,
3 Bedroom Apartment,2700000.0,3.0,2.0,2.0,,,
3 Bedroom Apartment,4760000.0,3.0,2.0,2.0,,,
3 Bedroom Apartment,1140000.0,3.0,2.0,1.0,,,
1 Bedroom Townhouse,590000.0,1.0,1.0,1.0,260538.0,,
6 Bedroom House,1699000.0,6.0,3.0,2.0,751.0,,
3 Bedroom House,1170000.0,3.0,2.0,6.0,336.0,,
11 Bedroom House,2500000.0,11.0,2.0,4.0,1031.0,,
3 Bedroom House,2300000.0,3.0,2.0,7.0,2025.0,,
3 Bedroom House,1950000.0,3.0,2.0,7.0,1524.0,,
3 Bedroom House,1450000.0,3.0,2.0,3.0,1263.0,,
2 Bedroom Apartment,795000.0,2.0,1.0,2.0,,,
3 Bedroom House,2290000.0,3.0,35.0,3.0,623.0,,
2 Bedroom Apartment,2150000.0,2.0,1.0,2.0,,,
5 Bedroom Apartment,3800000.0,5.0,3.0,2.0,,,
3 Bedroom House,1250000.0,3.0,1.0,2.0,192.0,,
3 Bedroom House,780000.0,3.0,2.0,2.0,350.0,,
3 Bedroom House,980000.0,3.0,3.0,2.0,1296.0,,
4 Bedroom House,2000000.0,4.0,3.0,2.0,2001.0,,
5 Bedroom House,2700000.0,5.0,35.0,4.0,216.0,,
3 Bedroom Apartment,2200000.0,3.0,2.0,1.0,,,
2 Bedroom Apartment,795000.0,2.0,1.0,2.0,,,
4 Bedroom House,2999000.0,4.0,45.0,8.0,,,
4 Bedroom House,1290000.0,4.0,4.0,2.0,1012.0,12a Hibiscus Avenue,
1 Bedroom House,250000.0,1.0,1.0,1.0,,,
43 Bedroom Apartment,24700000.0,43.0,24.0,25.0,5028.0,,
4 Bedroom House,1250000.0,4.0,2.0,2.0,609.0,,
0.5 Bedroom Apartment,550000.0,5.0,1.0,,,,
4 Bedroom House,6950000.0,4.0,4.0,6.0,,,
4 Bedroom House,1950000.0,4.0,2.0,1.0,,,
3 Bedroom Apartment,795000.0,3.0,2.0,1.0,,,
3 Bedroom House,4800000.0,3.0,2.0,1.0,481.0,,
3 Bedroom Apartment,990000.0,3.0,2.0,1.0,,,
2 Bedroom Apartment,895000.0,2.0,2.0,1.0,,,
3 Bedroom Apartment,1200000.0,3.0,2.0,2.0,,,
3 Bedroom House,550000.0,3.0,1.0,1.0,221.0,,
4 Bedroom House,4700000.0,4.0,3.0,6.0,,,
3 Bedroom House,649000.0,3.0,2.0,2.0,,,
2 Bedroom Apartment,682500.0,2.0,2.0,1.0,,,
1 Bedroom Apartment,780000.0,1.0,1.0,1.0,,,
4 Bedroom House,1195000.0,4.0,2.0,6.0,992.0,,
3 Bedroom House,1800000.0,3.0,2.0,3.0,1011.0,,
3 Bedroom Apartment,1900000.0,3.0,3.0,2.0,,,
3 Bedroom House,1800000.0,3.0,2.0,3.0,1011.0,,
3 Bedroom Apartment,1950000.0,3.0,3.0,1.0,,,
3 Bedroom Townhouse,1499000.0,3.0,2.0,4.0,35792.0,,
2 Bedroom Apartment,690000.0,2.0,1.0,1.0,,,
3 Bedroom Apartment,1295000.0,3.0,3.0,2.0,,507 Che Guevara Road,
3 Bedroom House,550000.0,3.0,1.0,,486.0,,
2 Bedroom Townhouse,1795000.0,2.0,1.0,1.0,,,
1 Bedroom Apartment,1925000.0,1.0,1.0,1.0,,"112 The Onyx, 38 Umhlanga Ridge Boulevard",
3 Bedroom House,1750000.0,3.0,2.0,4.0,603.0,,
2 Bedroom Apartment,1099000.0,2.0,15.0,1.0,,,
2 Bedroom Apartment,1695000.0,2.0,2.0,,,,
3 Bedroom Apartment,450000.0,3.0,1.0,2.0,,,
1 Bedroom Apartment,875000.0,1.0,1.0,1.0,,,
2 Bedroom Apartment,1250000.0,2.0,2.0,2.0,,"324 Morningside Apartments, 5 Nqutu Road",
1 Bedroom Apartment,595000.0,1.0,1.0,1.0,,,
2 Bedroom Apartment,695000.0,2.0,2.0,1.0,,160 Prince St,
2 Bedroom Apartment,3700000.0,2.0,2.0,2.0,,,
3 Bedroom House,5400000.0,3.0,3.0,2.0,3919.0,1 Annandale Country Estate,
1 Bedroom Apartment,1390000.0,1.0,1.0,2.0,,,
3 Bedroom Apartment,11950000.0,3.0,3.0,2.0,23519.0,,
6 Bedroom House,11750000.0,6.0,5.0,6.0,1427.0,,
3 Bedroom Apartment,750000.0,3.0,1.0,2.0,3623.0,,
2 Bedroom Apartment,920000.0,2.0,2.0,1.0,,,
2 Bedroom Apartment,1099000.0,2.0,15.0,1.0,,,
3 Bedroom House,1499000.0,3.0,2.0,3.0,1904.0,,
3 Bedroom Apartment,1900000.0,3.0,2.0,1.0,,,
3 Bedroom House,800000.0,3.0,1.0,2.0,,45 Makhathini Dr,
3 Bedroom Townhouse,2495000.0,3.0,2.0,1.0,,,
4 Bedroom House,5595000.0,4.0,3.0,8.0,1350.0,"5 Langford Estate, 33 Oakland Avenue",
3 Bedroom Townhouse,2150000.0,3.0,2.0,3.0,,,
3 Bedroom House,2795000.0,3.0,25.0,4.0,,,
2 Bedroom House,899000.0,2.0,2.0,1.0,900.0,,
5 Bedroom House,2495000.0,5.0,4.0,4.0,575.0,,
2 Bedroom Apartment,895000.0,2.0,1.0,2.0,,,
5 Bedroom House,2300000.0,5.0,25.0,5.0,1368.0,,
3 Bedroom Townhouse,475000.0,3.0,2.0,2.0,79.0,,
2 Bedroom Apartment,1075174.0,2.0,1.0,1.0,,,
2 Bedroom Apartment,1075174.0,2.0,1.0,1.0,,,
2 Bedroom Apartment,1695000.0,2.0,2.0,2.0,,,
2 Bedroom Apartment,1100000.0,2.0,1.0,1.0,,,
3 Bedroom House,1400000.0,3.0,2.0,3.0,1130.0,,
3 Bedroom Apartment,3500000.0,3.0,2.0,1.0,,97 Compensation Road,
2 Bedroom Townhouse,1250000.0,2.0,1.0,3.0,87.0,,
1 Bedroom Apartment,535000.0,1.0,1.0,2.0,,,
3 Bedroom House,755000.0,3.0,1.0,2.0,173.0,,
3 Bedroom House,850000.0,3.0,1.0,3.0,257.0,,
4 Bedroom House,2599000.0,4.0,3.0,3.0,1325.0,,
2 Bedroom Apartment,890000.0,2.0,15.0,2.0,,,
2 Bedroom Apartment,920000.0,2.0,2.0,1.0,,,
6 Bedroom House,1899000.0,6.0,4.0,10.0,550.0,,
3 Bedroom House,990000.0,3.0,2.0,5.0,365.0,,
2 Bedroom Apartment,2200000.0,2.0,3.0,1.0,,,
3 Bedroom Townhouse,3700000.0,3.0,2.0,4.0,,,
3 Bedroom Apartment,,3.0,25.0,2.0,,,
2 Bedroom House,550000.0,2.0,1.0,,465.0,,
2 Bedroom Townhouse,650000.0,2.0,1.0,1.0,260538.0,,
3 Bedroom Townhouse,3950000.0,3.0,2.0,3.0,,,
2 Bedroom Townhouse,950000.0,2.0,2.0,2.0,10167.0,,
2 Bedroom Apartment,5250000.0,2.0,2.0,1.0,,,
2 Bedroom Apartment,695000.0,2.0,2.0,1.0,,,
2 Bedroom House,850000.0,2.0,1.0,2.0,,,
5 Bedroom House,14900000.0,5.0,5.0,2.0,1270.0,,
4 Bedroom House,1999500.0,4.0,2.0,10.0,22565.0,,
2.5 Bedroom Apartment,1195000.0,25.0,2.0,1.0,,69 Berea Park Road,
2 Bedroom Townhouse,650000.0,2.0,1.0,1.0,260538.0,,
3 Bedroom Apartment,2499000.0,3.0,2.0,2.0,,,
2 Bedroom Apartment,1795000.0,2.0,2.0,1.0,,,
2 Bedroom Townhouse,1170000.0,2.0,15.0,2.0,23963.0,,
2 Bedroom Apartment,3000000.0,2.0,2.0,2.0,,,
5 Bedroom House,2200000.0,5.0,4.0,3.0,675.0,,
3 Bedroom House,750000.0,3.0,15.0,1.0,,,
3 Bedroom Apartment,3300000.0,3.0,2.0,3.0,,,
2 Bedroom Apartment,1795000.0,2.0,2.0,1.0,,,
4 Bedroom House,4950000.0,4.0,3.0,2.0,347.0,,
3 Bedroom House,1050000.0,3.0,1.0,2.0,,,
3 Bedroom Townhouse,1800000.0,3.0,35.0,2.0,,,
2 Bedroom Apartment,3990000.0,2.0,2.0,2.0,,,
1 Bedroom Apartment,550000.0,1.0,1.0,1.0,,,
2 Bedroom Apartment,700000.0,2.0,1.0,1.0,,,
3 Bedroom Apartment,1410000.0,3.0,2.0,2.0,,,
2 Bedroom Townhouse,695000.0,2.0,1.0,1.0,,,
3 Bedroom House,940000.0,3.0,1.0,10.0,450.0,,
4 Bedroom House,1295000.0,4.0,2.0,,284.0,,
1.5 Bedroom Apartment,1195000.0,15.0,1.0,2.0,,,
2 Bedroom Townhouse,550000.0,2.0,2.0,1.0,109558.0,,
3 Bedroom Apartment,4750000.0,3.0,3.0,2.0,,,
4 Bedroom Townhouse,6299000.0,4.0,45.0,8.0,1917.0,,
2 Bedroom Apartment,970000.0,2.0,2.0,1.0,,,
2 Bedroom Apartment,1800000.0,2.0,2.0,1.0,,1 Simbithi Drive,
2 Bedroom Townhouse,1000000.0,2.0,2.0,1.0,,,
4 Bedroom House,3500000.0,4.0,2.0,1.0,1671.0,,
4 Bedroom House,8300000.0,4.0,5.0,2.0,581.0,,
5 Bedroom House,28000000.0,5.0,7.0,11.0,2236.0,,
4 Bedroom House,2500000.0,4.0,3.0,2.0,1774.0,1 Robert Morrison Crescent,
4 Bedroom Townhouse,5650000.0,4.0,35.0,4.0,302.0,1 Zululami Drive,
4 Bedroom House,2400000.0,4.0,2.0,7.0,1067.0,,
3 Bedroom House,1770000.0,3.0,2.0,3.0,915.0,,
3 Bedroom House,699000.0,3.0,1.0,1.0,375.0,,
5 Bedroom House,28000000.0,5.0,7.0,11.0,2236.0,,
3 Bedroom House,2100000.0,3.0,2.0,2.0,953.0,,
2 Bedroom Townhouse,700000.0,2.0,2.0,2.0,,,
4 Bedroom House,2050000.0,4.0,2.0,8.0,1600.0,,
1 Bedroom Apartment,560000.0,1.0,1.0,1.0,,,
2 Bedroom Townhouse,799000.0,2.0,2.0,2.0,4060.0,,
5 Bedroom House,1750000.0,5.0,2.0,2.0,1178.0,,
4 Bedroom House,4300000.0,4.0,4.0,5.0,1505.0,"Phezulu Estate, 2 Mahogany Avenue",
6 Bedroom House,2500000.0,6.0,4.0,6.0,,,
2 Bedroom Apartment,1200000.0,2.0,1.0,1.0,,,
5 Bedroom House,1995000.0,5.0,5.0,5.0,548.0,560 Che Guevara Road,
3 Bedroom Apartment,1200000.0,3.0,2.0,2.0,,,
1 Bedroom Townhouse,550000.0,1.0,1.0,1.0,108034.0,,
4 Bedroom House,1650000.0,4.0,3.0,8.0,2025.0,,
7 Bedroom House,2950000.0,7.0,5.0,2.0,1335.0,,
4 Bedroom House,2500000.0,4.0,3.0,7.0,1235.0,,
2 Bedroom Apartment,660000.0,2.0,1.0,1.0,,,
4 Bedroom House,2650000.0,4.0,4.0,6.0,1200.0,,
4 Bedroom House,5350000.0,4.0,4.0,2.0,465.0,17 Lake Superior,
2 Bedroom House,680000.0,2.0,15.0,,,,
3 Bedroom House,2370000.0,3.0,2.0,2.0,1169.0,,
4 Bedroom House,2500000.0,4.0,3.0,7.0,1235.0,,
3 Bedroom Apartment,1950000.0,3.0,2.0,1.0,,521 Bidstone Road,
4 Bedroom House,2500000.0,4.0,2.0,10.0,1892.0,,
3 Bedroom House,1995000.0,3.0,15.0,2.0,582.0,,
3 Bedroom Apartment,1250000.0,3.0,2.0,1.0,,,
2 Bedroom House,980000.0,2.0,2.0,2.0,189.0,,
2 Bedroom Apartment,1650000.0,2.0,2.0,2.0,,,
3 Bedroom Apartment,1450000.0,3.0,2.0,2.0,,"3 Ss La Mouette, 28 Collison Street",
2 Bedroom Apartment,1200000.0,2.0,15.0,2.0,,30 Rose Avenue,
3 Bedroom Townhouse,3000000.0,3.0,35.0,4.0,,"14 Ss Horizon Edge, 112 Mount Edgecombe Drive",
3 Bedroom Apartment,780000.0,3.0,1.0,7.0,,,
3 Bedroom House,1800000.0,3.0,2.0,5.0,4017.0,,
1 Bedroom Apartment,450000.0,1.0,1.0,1.0,,,
3 Bedroom Townhouse,998000.0,3.0,2.0,2.0,3927.0,"4 Ss Madeira Gardens, 4 Tucker Avenue",
3 Bedroom House,2600000.0,3.0,2.0,2.0,1618.0,43 Harrison Drive,
2 Bedroom Apartment,850000.0,2.0,2.0,2.0,,56 Queen Street,
1 Bedroom Apartment,1250000.0,1.0,1.0,2.0,,,
2 Bedroom Apartment,790000.0,2.0,2.0,1.0,,,
3 Bedroom Townhouse,2550000.0,3.0,2.0,3.0,,,
7 Bedroom House,1060000.0,7.0,4.0,1.0,1581.0,,
1 Bedroom Apartment,1250000.0,1.0,1.0,2.0,,,
3 Bedroom House,3500000.0,3.0,2.0,3.0,1350.0,,
4 Bedroom House,1550000.0,4.0,3.0,2.0,706.0,,
26 Bedroom House,10000000.0,26.0,6.0,6.0,1568.0,,
4 Bedroom House,6850000.0,4.0,4.0,8.0,717.0,3627 Springwood,
4 Bedroom House,2050000.0,4.0,3.0,2.0,4057.0,,
1 Bedroom Apartment,2800000.0,1.0,1.0,1.0,,,
4 Bedroom House,8200000.0,4.0,35.0,10.0,1341.0,54 Forest Drive,
2 Bedroom Apartment,670000.0,2.0,1.0,1.0,,,
3 Bedroom House,3000000.0,3.0,2.0,2.0,1870.0,56 Barron Road,
1 Bedroom Apartment,750000.0,1.0,1.0,,,,
2 Bedroom Apartment,2400000.0,2.0,2.0,1.0,,,
4 Bedroom House,2200000.0,4.0,2.0,6.0,1021.0,18 Radbourne Road,
2 Bedroom Apartment,1659000.0,2.0,2.0,2.0,,"Ss Topanga, 74 Colin Street",
4 Bedroom House,2200000.0,4.0,2.0,6.0,1021.0,18 Radbourne Road,
3 Bedroom Apartment,6000000.0,3.0,3.0,4.0,,"11 and 12 Illala Palms, 5 Ilala Drive",
2 Bedroom Apartment,923000.0,2.0,2.0,1.0,,89 Faerie Glen 9 Canterbury Drive,
4 Bedroom House,3500000.0,4.0,4.0,6.0,1087.0,20 Park Avenue,
3 Bedroom House,799000.0,3.0,1.0,,232.0,,
2 Bedroom Townhouse,2850000.0,2.0,2.0,2.0,,,
3 Bedroom House,1630000.0,3.0,2.0,2.0,1449.0,,
3 Bedroom Apartment,8820000.0,3.0,3.0,2.0,5024.0,2 Vuna Close,
1.5 Bedroom Apartment,850000.0,15.0,1.0,1.0,,,
5 Bedroom House,6950000.0,5.0,5.0,4.0,724.0,,
1.5 Bedroom Apartment,800000.0,15.0,1.0,1.0,,,
1 Bedroom Apartment,1049000.0,1.0,1.0,2.0,,,
2 Bedroom Apartment,520000.0,2.0,2.0,,,,
2 Bedroom Apartment,1360000.0,2.0,2.0,1.0,,,
4 Bedroom Townhouse,9500000.0,4.0,45.0,2.0,354.0,,
5 Bedroom House,2690000.0,5.0,3.0,2.0,1073.0,,
2.5 Bedroom Apartment,445000.0,25.0,1.0,,,,
2 Bedroom Apartment,2400000.0,2.0,1.0,1.0,87.0,,
1.5 Bedroom Apartment,699999.0,15.0,1.0,1.0,,,
5 Bedroom House,1671000.0,5.0,2.0,7.0,2182.0,5 AND 7 14th Avenue,
3 Bedroom House,2650000.0,3.0,3.0,2.0,1801.0,2a Bridget Road,
3 Bedroom Apartment,2500000.0,3.0,2.0,2.0,,"7 Ocean Falls, 60 Umvoti Drive",
3 Bedroom Townhouse,3920000.0,3.0,2.0,2.0,,,
2.5 Bedroom Apartment,530000.0,25.0,15.0,,,,
2 Bedroom Apartment,1650000.0,2.0,1.0,1.0,,,
3 Bedroom House,1680000.0,3.0,2.0,10.0,959.0,,
3 Bedroom Townhouse,750000.0,3.0,2.0,2.0,,,
2 Bedroom Townhouse,3099000.0,2.0,2.0,1.0,,,
3 Bedroom Apartment,1250000.0,3.0,2.0,3.0,,,
3 Bedroom Apartment,1350000.0,3.0,2.0,2.0,,,
3 Bedroom Apartment,4500000.0,3.0,25.0,1.0,,,
5 Bedroom House,1695000.0,5.0,5.0,6.0,703.0,,
2 Bedroom Apartment,975000.0,2.0,2.0,2.0,,,
2 Bedroom Apartment,1550000.0,2.0,2.0,2.0,,,
2 Bedroom Apartment,1550000.0,2.0,2.0,2.0,,,
6 Bedroom House,2749000.0,6.0,3.0,7.0,1331.0,14 Honeysuckle Place,
2 Bedroom Apartment,750000.0,2.0,2.0,1.0,,,
3 Bedroom Apartment,1250000.0,3.0,2.0,3.0,,"7 Surf Bay Sands, 1240 Marine Drive",
2 Bedroom House,2450000.0,2.0,1.0,1.0,,27 Hereford Way,
3 Bedroom House,770000.0,3.0,1.0,1.0,,,
3 Bedroom Apartment,1004625.0,3.0,1.0,2.0,,,
2 Bedroom Townhouse,1350000.0,2.0,2.0,2.0,,,
2 Bedroom Apartment,890000.0,2.0,1.0,,,,
2 Bedroom Apartment,799000.0,2.0,1.0,1.0,,,
3 Bedroom House,770000.0,3.0,1.0,1.0,,,
3 Bedroom Apartment,1800000.0,3.0,2.0,1.0,,,
4 Bedroom House,4600000.0,4.0,2.0,2.0,,,
3 Bedroom House,2500000.0,3.0,2.0,3.0,1376.0,,
3 Bedroom House,1750000.0,3.0,1.0,2.0,605.0,,
1 Bedroom Apartment,650000.0,1.0,1.0,1.0,,,
2 Bedroom Townhouse,3450000.0,2.0,25.0,2.0,,,
3 Bedroom House,1580000.0,3.0,2.0,2.0,967.0,,
House,550000.0,,,,169.0,,
3 Bedroom House,2350000.0,3.0,2.0,2.0,639.0,,
1 Bedroom Townhouse,650000.0,1.0,1.0,1.0,260538.0,,
0.5 Bedroom Apartment,1450000.0,5.0,1.0,1.0,,,
3 Bedroom House,2950000.0,3.0,2.0,5.0,1407.0,,
1.5 Bedroom Apartment,1100000.0,15.0,1.0,,,,
2 Bedroom Apartment,1295000.0,2.0,1.0,1.0,,,
3 Bedroom House,1495000.0,3.0,3.0,3.0,240.0,,
3 Bedroom Apartment,4500000.0,3.0,2.0,1.0,,"7 Club Ten, 60a Compensation Beach Road",
3 Bedroom Townhouse,1299000.0,3.0,25.0,2.0,,,
1 Bedroom Apartment,680000.0,1.0,1.0,,,,
0.5 Bedroom Apartment,1500000.0,5.0,1.0,1.0,,,
3 Bedroom Apartment,2890000.0,3.0,35.0,2.0,,,
3 Bedroom Apartment,3699000.0,3.0,2.0,2.0,,,
3 Bedroom Townhouse,2850000.0,3.0,2.0,2.0,7081.0,"34 Ss Zimbali Wedge, 56 Zimbali Wedge, Unit 34",
3 Bedroom House,999000.0,3.0,1.0,6.0,294.0,,
4 Bedroom House,710000.0,4.0,2.0,,,,
1 Bedroom House,770000.0,1.0,1.0,1.0,,,
2 Bedroom Apartment,450000.0,2.0,5.0,,51.0,161 Loop Street,
3 Bedroom House,999000.0,3.0,1.0,6.0,294.0,,
1 Bedroom Apartment,900000.0,1.0,15.0,1.0,,46 Musgrave Road,
3.5 Bedroom House,2200000.0,35.0,3.0,6.0,,,
5 Bedroom House,6900000.0,5.0,4.0,4.0,,,
3 Bedroom Apartment,2300000.0,3.0,2.0,2.0,,,
2 Bedroom Apartment,1290000.0,2.0,2.0,,,,
3 Bedroom Apartment,3550000.0,3.0,2.0,1.0,,6 Dash Apartments,
2 Bedroom House,580000.0,2.0,1.0,,121.0,,
2 Bedroom Apartment,995000.0,2.0,2.0,2.0,,,
1 Bedroom Apartment,1350000.0,1.0,1.0,1.0,,,
3 Bedroom House,1295000.0,3.0,2.0,3.0,,,
3 Bedroom House,2895000.0,3.0,2.0,2.0,16684.0,15 Rethman Drive,
1 Bedroom Apartment,1500000.0,1.0,1.0,1.0,,,
1 Bedroom Apartment,495000.0,1.0,1.0,1.0,,,
3 Bedroom House,2895000.0,3.0,2.0,2.0,16684.0,15 Rethman Drive,
1.5 Bedroom Apartment,690000.0,15.0,1.0,2.0,,,
3 Bedroom Apartment,3395000.0,3.0,2.0,1.0,,,
3 Bedroom Townhouse,4900000.0,3.0,3.0,4.0,6526.0,"6 Ss Sanctuary Villas, 1 Marula Close, Unit 6 Sanctuary Villas",
3 Bedroom Townhouse,995000.0,3.0,2.0,2.0,10083.0,,
6 Bedroom House,,6.0,5.0,3.0,2013.0,,
3 Bedroom Townhouse,1295000.0,3.0,25.0,2.0,1004.0,,
4 Bedroom House,3390000.0,4.0,3.0,6.0,1263.0,,
3 Bedroom House,1300000.0,3.0,3.0,2.0,,,
2 Bedroom House,750000.0,2.0,2.0,2.0,,,
3 Bedroom House,950000.0,3.0,1.0,1.0,189.0,,
2 Bedroom Apartment,6599000.0,2.0,2.0,1.0,,,
2 Bedroom Townhouse,1100000.0,2.0,15.0,2.0,,"2 Ss Zimbari, 7 Gladys Mazibuko Road",
3 Bedroom Apartment,790000.0,3.0,1.0,1.0,,,
5 Bedroom House,2300000.0,5.0,3.0,5.0,544.0,,
4 Bedroom Townhouse,1395000.0,4.0,3.0,5.0,,33 Worldsview Road,
3 Bedroom Apartment,1980000.0,3.0,2.0,2.0,,,
5 Bedroom House,7775000.0,5.0,6.0,5.0,677.0,311 Sandhills Road,
3 Bedroom Townhouse,1597000.0,3.0,2.0,2.0,,2 Kay Road,
7 Bedroom House,6799000.0,7.0,65.0,6.0,1077.0,618 Musgrave Road,
3 Bedroom House,2695000.0,3.0,2.0,4.0,,29 Assagay Cres,
3 Bedroom Apartment,1603500.0,3.0,2.0,2.0,,,
2 Bedroom Apartment,1100000.0,2.0,1.0,1.0,,,
4 Bedroom House,8995000.0,4.0,35.0,2.0,1376.0,47 Acacia Drive,
2 Bedroom Apartment,840000.0,2.0,1.0,2.0,,25 Down Avenue,
3 Bedroom House,4850000.0,3.0,2.0,3.0,951.0,5 North Road,
4 Bedroom Apartment,1980000.0,4.0,2.0,1.0,,,
4 Bedroom House,4350000.0,4.0,2.0,5.0,3731.0,40 Montgomery Drive,
4 Bedroom House,2750000.0,4.0,3.0,4.0,1266.0,3 Damba Bend,
5 Bedroom House,7400000.0,5.0,4.0,3.0,1700.0,56 Inanda Rd,
2 Bedroom Apartment,1790000.0,2.0,2.0,1.0,,"32c Ss Club Mykonos, 22 Bellamont Road",
4 Bedroom House,7400000.0,4.0,45.0,25.0,877.0,82 Blink Bonnie Lane,
3 Bedroom House,2150000.0,3.0,2.0,5.0,1034.0,39 Douglas Road,
3 Bedroom Apartment,1603500.0,3.0,2.0,2.0,,,
3 Bedroom Townhouse,1200000.0,3.0,2.0,2.0,,,
3 Bedroom House,850000.0,3.0,2.0,4.0,268.0,,
4 Bedroom House,4350000.0,4.0,2.0,7.0,3731.0,,
3 Bedroom Apartment,1200000.0,3.0,2.0,2.0,,"130 Ss Banners Rest, 1a Ramsay Road",
3 Bedroom Apartment,1500000.0,3.0,2.0,2.0,,"28 Ss Manor Gardens, 44 Old Main Road",
3 Bedroom House,2300000.0,3.0,2.0,3.0,2030.0,,
2 Bedroom Apartment,2600000.0,2.0,2.0,2.0,,,
1 Bedroom Apartment,600000.0,1.0,1.0,,,,
2 Bedroom Apartment,495000.0,2.0,1.0,1.0,,,
2 Bedroom Apartment,995000.0,2.0,2.0,1.0,,,
3 Bedroom House,1270000.0,3.0,2.0,4.0,1125.0,,
9 Bedroom House,9499000.0,9.0,12.0,16.0,1871.0,,
4 Bedroom House,1750000.0,4.0,3.0,2.0,1011.0,,
3 Bedroom Apartment,1755000.0,3.0,2.0,2.0,,"235 Bliss, 1 North Point Avenue",
5 Bedroom House,2390000.0,5.0,4.0,10.0,720.0,76 Palladium Street,
3 Bedroom House,1195000.0,3.0,2.0,8.0,1215.0,,
3 Bedroom Apartment,2395000.0,3.0,2.0,2.0,,,
3 Bedroom House,1195000.0,3.0,2.0,8.0,1215.0,,
3 Bedroom Apartment,945000.0,3.0,2.0,2.0,,,
4 Bedroom Apartment,8950000.0,4.0,35.0,6.0,,,
4 Bedroom House,1550000.0,4.0,3.0,6.0,904.0,,
4 Bedroom House,2900000.0,4.0,2.0,4.0,971.0,,
4 Bedroom House,3250000.0,4.0,4.0,5.0,971.0,,
3 Bedroom House,2365000.0,3.0,2.0,6.0,1150.0,,
2 Bedroom Townhouse,650000.0,2.0,1.0,,2805.0,,
6 Bedroom House,1100000.0,6.0,3.0,12.0,522.0,,
3 Bedroom House,2495000.0,3.0,3.0,7.0,1253.0,,
1 Bedroom Apartment,995000.0,1.0,1.0,1.0,,,
House,895000.0,,,,612.0,,
4 Bedroom Townhouse,3295000.0,4.0,35.0,6.0,13865.0,,
3 Bedroom House,1500000.0,3.0,2.0,5.0,515.0,,
4 Bedroom Townhouse,3295000.0,4.0,35.0,6.0,13865.0,,
8 Bedroom House,9750000.0,8.0,65.0,4.0,1470.0,,
3 Bedroom Apartment,1199000.0,3.0,2.0,1.0,,,
2 Bedroom Apartment,1050000.0,2.0,2.0,3.0,,,
3 Bedroom Apartment,4200000.0,3.0,2.0,2.0,,,
1.5 Bedroom Apartment,750000.0,15.0,1.0,2.0,,,
3 Bedroom Apartment,2500000.0,3.0,3.0,1.0,,Unit 18 Maldonado,
3 Bedroom Townhouse,1100000.0,3.0,2.0,2.0,,,
4 Bedroom House,1500000.0,4.0,2.0,7.0,1180.0,,
2 Bedroom Apartment,1100000.0,2.0,2.0,1.0,,,
3 Bedroom Apartment,3495000.0,3.0,2.0,3.0,,,
2 Bedroom Apartment,970000.0,2.0,1.0,1.0,,,
4 Bedroom House,3595000.0,4.0,25.0,8.0,757.0,,
2 Bedroom Apartment,2500000.0,2.0,2.0,2.0,,,
6 Bedroom House,2395000.0,6.0,6.0,9.0,1511.0,,
3 Bedroom House,2480000.0,3.0,2.0,8.0,2744.0,,
3 Bedroom Townhouse,825000.0,3.0,2.0,2.0,140.0,,
2 Bedroom Apartment,1100000.0,2.0,2.0,1.0,,,
1 Bedroom Apartment,725000.0,1.0,1.0,1.0,,,
4 Bedroom Townhouse,1100000.0,4.0,2.0,3.0,7938.0,,
1 Bedroom Apartment,520000.0,1.0,1.0,,,,
4 Bedroom House,1449000.0,4.0,2.0,3.0,2023.0,,
1 Bedroom Apartment,520000.0,1.0,1.0,,,,
3 Bedroom Townhouse,1450000.0,3.0,2.0,2.0,89896.0,,
2 Bedroom Townhouse,1200000.0,2.0,1.0,3.0,12309.0,,
5 Bedroom House,2000000.0,5.0,4.0,2.0,1463.0,,
3 Bedroom Townhouse,1450000.0,3.0,2.0,1.0,,,
2 Bedroom House,560000.0,2.0,1.0,2.0,231.0,,
House,1500000.0,,,,1200.0,"Richem,empangeni 3 Slayton",
2 Bedroom Townhouse,795000.0,2.0,1.0,1.0,,,
2 Bedroom Apartment,700000.0,2.0,1.0,1.0,,,
3 Bedroom House,930000.0,3.0,2.0,6.0,529.0,,
2 Bedroom Apartment,580000.0,2.0,1.0,1.0,,,
2 Bedroom Apartment,770000.0,2.0,1.0,2.0,,,
3 Bedroom House,390000.0,3.0,1.0,1.0,2400.0,,
2 Bedroom House,950000.0,2.0,1.0,2.0,186.0,,
5 Bedroom Apartment,1738080.0,5.0,3.0,1.0,,Margate Boulevard (14) 25 Marine Drive,
3 Bedroom House,3995000.0,3.0,3.0,2.0,,,
4 Bedroom House,1350000.0,4.0,4.0,5.0,458.0,,
2 Bedroom House,650000.0,2.0,1.0,1.0,275.0,,
2 Bedroom Apartment,1300000.0,2.0,2.0,2.0,,"810 Ss Ballito Groves, 1 Lee Barnes Boulevard, Unit 810 Ballito Groves",
1 Bedroom Apartment,839000.0,1.0,1.0,1.0,,,
3 Bedroom Apartment,1050000.0,3.0,2.0,2.0,,,
2 Bedroom Apartment,800000.0,2.0,1.0,1.0,,,
3 Bedroom Townhouse,3750000.0,3.0,2.0,6.0,,,
1 Bedroom Apartment,839000.0,1.0,1.0,1.0,,,
4 Bedroom House,7290000.0,4.0,5.0,4.0,822.0,"Mzingazi Golf Estate, 11 Pinehurst Corner",
3 Bedroom Apartment,850000.0,3.0,1.0,1.0,,,
2 Bedroom Apartment,820000.0,2.0,1.0,2.0,,26 Constantz Drive,
3 Bedroom House,17000000.0,3.0,2.0,5.0,123021.0,,
4 Bedroom House,7499000.0,4.0,45.0,6.0,1178.0,"24 Feverberry Way, Simbithi Estate",
3 Bedroom Apartment,2795000.0,3.0,2.0,4.0,,"66 King Shaka Estate, 50 Valley Road, Unit 66 King Shaka Estate",
4 Bedroom Townhouse,5800000.0,4.0,4.0,3.0,9049.0,"2 Ss Zimbali Hills 1, 127 Waterwood Drive, Unit 2 Zimbali Hills",
2 Bedroom Apartment,1950000.0,2.0,1.0,1.0,,,
2 Bedroom Apartment,764400.0,2.0,1.0,2.0,,,
4 Bedroom House,1000000.0,4.0,1.0,1.0,1424.0,,
2 Bedroom Apartment,749000.0,2.0,1.0,2.0,1315.0,,
3 Bedroom Apartment,1700000.0,3.0,2.0,2.0,,,
1 Bedroom Apartment,1190000.0,1.0,1.0,1.0,,,
House,670000.0,,,,300.0,,
2 Bedroom Apartment,1150000.0,2.0,1.0,1.0,,,
3 Bedroom Townhouse,1790000.0,3.0,2.0,2.0,5476.0,,
3 Bedroom House,1700000.0,3.0,3.0,6.0,1864.0,,
2 Bedroom Apartment,1295000.0,2.0,15.0,1.0,,,
2 Bedroom Apartment,875000.0,2.0,2.0,1.0,,,
2 Bedroom Apartment,1210000.0,2.0,2.0,1.0,,"Unit 2007, Hesketh Estate, 275 Gladys Manzi Road, Hayfields.",
5 Bedroom House,2175000.0,5.0,4.0,3.0,928.0,,
2 Bedroom Apartment,1295000.0,2.0,15.0,1.0,,,
2 Bedroom Apartment,2699000.0,2.0,2.0,2.0,,,
1 Bedroom Apartment,1750000.0,1.0,1.0,,,262 Florida Road,
3 Bedroom Townhouse,4150000.0,3.0,3.0,4.0,,,
2 Bedroom Apartment,875000.0,2.0,2.0,2.0,,,
5 Bedroom Townhouse,3745000.0,5.0,3.0,2.0,,Inn On the Sea - 2414 Marine Drive,
5 Bedroom House,4500000.0,5.0,,3.0,,,
3 Bedroom Apartment,1700000.0,3.0,2.0,2.0,,,
2 Bedroom Apartment,980000.0,2.0,1.0,1.0,,,
3 Bedroom Apartment,2250000.0,3.0,2.0,2.0,,,
2 Bedroom Apartment,4300000.0,2.0,2.0,1.0,,,
7 Bedroom House,4450000.0,7.0,4.0,8.0,3018.0,,
2 Bedroom Apartment,1800000.0,2.0,2.0,1.0,,,
3 Bedroom Apartment,4990000.0,3.0,2.0,2.0,,96 Compensation Beach,
3 Bedroom Townhouse,1350000.0,3.0,15.0,2.0,,"3 Kirkwood, 1 Jesmond Road",
3 Bedroom Apartment,6299000.0,3.0,3.0,2.0,,,
2 Bedroom Apartment,925000.0,2.0,1.0,1.0,,,
2 Bedroom Apartment,899000.0,2.0,1.0,1.0,,,
5 Bedroom Apartment,4000000.0,5.0,4.0,4.0,,"151,152,153 Groote Schuur, 2 Erskine Terrace",
House,1750000.0,,3.0,7.0,1053.0,,
3 Bedroom Apartment,1695000.0,3.0,2.0,2.0,,,
3 Bedroom House,1795000.0,3.0,25.0,6.0,1393.0,,
3 Bedroom House,3200000.0,3.0,2.0,2.0,2165.0,,
1 Bedroom Apartment,680000.0,1.0,1.0,2.0,,,
4 Bedroom House,12975000.0,4.0,4.0,4.0,600.0,,
3 Bedroom House,860000.0,3.0,15.0,1.0,323.0,,
3 Bedroom House,700000.0,3.0,15.0,1.0,510.0,,
5 Bedroom House,2700000.0,5.0,3.0,3.0,1463.0,,
3 Bedroom House,1475000.0,3.0,2.0,1.0,688.0,,
3 Bedroom Townhouse,1495000.0,3.0,2.0,3.0,775.0,,
5 Bedroom Apartment,4000000.0,5.0,4.0,4.0,,"151,152,153 Groote Schuur, 2 Erskine Terrace",
3 Bedroom Apartment,775000.0,3.0,2.0,2.0,,,
4 Bedroom House,7000000.0,4.0,3.0,2.0,,,
7 Bedroom House,2695000.0,7.0,3.0,10.0,376.0,,
4 Bedroom House,939990.0,4.0,3.0,4.0,674.0,,
2 Bedroom Apartment,780000.0,2.0,1.0,1.0,,,
3 Bedroom House,3695000.0,3.0,2.0,2.0,1023.0,,
4 Bedroom House,2995000.0,4.0,3.0,5.0,2471.0,,
8 Bedroom House,2440000.0,8.0,6.0,2.0,2843.0,,
2 Bedroom Apartment,4300000.0,2.0,25.0,2.0,,,
7 Bedroom House,6000000.0,7.0,7.0,8.0,1100.0,,
8 Bedroom House,6600000.0,8.0,10.0,,1448.0,,
5 Bedroom House,2395000.0,5.0,3.0,23.0,,,
3 Bedroom House,1195000.0,3.0,3.0,7.0,773.0,,
3 Bedroom House,850000.0,3.0,1.0,1.0,256.0,,
4 Bedroom House,2750000.0,4.0,2.0,2.0,4139.0,,
3 Bedroom House,1450000.0,3.0,2.0,2.0,3265.0,,
5 Bedroom House,4850000.0,5.0,3.0,2.0,1015.0,,
4 Bedroom House,1500000.0,4.0,3.0,2.0,1012.0,,
9 Bedroom House,6300000.0,9.0,10.0,,992.0,,
4 Bedroom House,2700000.0,4.0,2.0,15.0,1194.0,,
8 Bedroom House,2440000.0,8.0,6.0,2.0,2843.0,,
4 Bedroom House,,4.0,3.0,6.0,2040.0,,
2 Bedroom Townhouse,5400000.0,2.0,2.0,3.0,9755.0,,
2 Bedroom Apartment,3495000.0,2.0,2.0,3.0,,,
3 Bedroom Apartment,1300000.0,3.0,2.0,2.0,,715 Marine Drive,
2 Bedroom Apartment,2895000.0,2.0,2.0,1.0,,,
2 Bedroom Apartment,1399000.0,2.0,2.0,2.0,,"Westwood Estate, 11 Flame Thorn",
1 Bedroom Townhouse,1850000.0,1.0,1.0,1.0,76444.0,,
2 Bedroom House,530000.0,2.0,1.0,,338.0,,
5 Bedroom House,1590000.0,5.0,25.0,8.0,365.0,,
3 Bedroom House,1499000.0,3.0,2.0,6.0,1046.0,,
3 Bedroom Townhouse,6528305.0,3.0,2.0,4.0,9170.0,,
2 Bedroom Apartment,2895000.0,2.0,2.0,1.0,,,
3 Bedroom Apartment,2200000.0,3.0,35.0,,,"6 Ss Seahorse, 2 Arbuthnot Street",
5 Bedroom House,900000.0,5.0,2.0,1.0,202.0,,
5 Bedroom House,1250000.0,5.0,4.0,4.0,1351.0,,
3 Bedroom Townhouse,,3.0,3.0,2.0,,,
5 Bedroom House,2480000.0,5.0,4.0,5.0,2040.0,,
3 Bedroom Townhouse,8900000.0,3.0,35.0,25.0,23032.0,,
0.5 Bedroom Apartment,1650000.0,5.0,1.0,1.0,,"D8 Ss Ocean Club Zimbali, 1 Ocean Club Drive",
3 Bedroom House,600000.0,3.0,1.0,,338.0,,
2 Bedroom House,3495000.0,2.0,2.0,4.0,24160.0,,
3 Bedroom Apartment,5945000.0,3.0,2.0,2.0,193.0,"16 Timeless Seasons, 60 Lagoon Drive",
3 Bedroom Apartment,9250000.0,3.0,3.0,4.0,,,
3 Bedroom House,1500000.0,3.0,2.0,7.0,469.0,,
1 Bedroom Apartment,650000.0,1.0,1.0,1.0,,,
1 Bedroom Apartment,2450000.0,1.0,1.0,,558.0,,
2 Bedroom Apartment,690000.0,2.0,2.0,2.0,,,
2 Bedroom Townhouse,900000.0,2.0,2.0,,21928.0,,
3 Bedroom House,1500000.0,3.0,2.0,1.0,455.0,,
3 Bedroom Townhouse,1695000.0,3.0,2.0,3.0,,,
3 Bedroom Apartment,1050000.0,3.0,2.0,1.0,,,
3 Bedroom Apartment,3900000.0,3.0,2.0,3.0,,"14 Ss THE Indies, 61 Marine Drive",
2 Bedroom Apartment,2650000.0,2.0,2.0,2.0,,,
3 Bedroom House,2185000.0,3.0,2.0,5.0,902.0,34 Bottlebrush Bend,
2 Bedroom Apartment,695000.0,2.0,1.0,1.0,3000.0,12 Alexander Rd,
2 Bedroom Apartment,800000.0,2.0,2.0,2.0,,,
3 Bedroom House,1500000.0,3.0,2.0,7.0,469.0,,
3 Bedroom House,1250000.0,3.0,2.0,4.0,1125.0,,
3 Bedroom House,595000.0,3.0,1.0,2.0,344.0,,
4 Bedroom House,1299000.0,4.0,3.0,10.0,935.0,,
2 Bedroom Townhouse,2799000.0,2.0,2.0,3.0,152.0,,
3 Bedroom House,1500000.0,3.0,2.0,3.0,1120.0,,
2 Bedroom Apartment,620000.0,2.0,1.0,1.0,,,
3 Bedroom Townhouse,6351747.0,3.0,2.0,4.0,500.0,,
4 Bedroom Townhouse,6100000.0,4.0,25.0,2.0,,,
2 Bedroom House,1500000.0,2.0,1.0,,465.0,,
1 Bedroom Apartment,480000.0,1.0,1.0,1.0,72.0,,
2 Bedroom Apartment,750000.0,2.0,1.0,1.0,,,
2 Bedroom Apartment,1650000.0,2.0,1.0,2.0,,,
4 Bedroom House,1150000.0,4.0,2.0,3.0,1310.0,,
3 Bedroom House,850000.0,3.0,2.0,1.0,240.0,,
2 Bedroom Apartment,965000.0,2.0,1.0,2.0,,,
3 Bedroom House,1400000.0,3.0,1.0,9.0,,,
2 Bedroom Townhouse,2800000.0,2.0,2.0,2.0,,,
5 Bedroom Apartment,2400000.0,5.0,3.0,2.0,,,
2 Bedroom Apartment,1850000.0,2.0,2.0,2.0,,,
2 Bedroom Townhouse,1241888.0,2.0,1.0,2.0,,122 New England Road,
4 Bedroom House,550000.0,4.0,2.0,2.0,1000.0,,
3 Bedroom Townhouse,1240000.0,3.0,2.0,2.0,,,
2 Bedroom Apartment,730000.0,2.0,1.0,1.0,,,
2 Bedroom Apartment,965000.0,2.0,1.0,2.0,,,
5 Bedroom House,21900000.0,5.0,5.0,7.0,2150.0,,
6 Bedroom House,2950000.0,6.0,3.0,8.0,4048.0,,
3 Bedroom Apartment,1400000.0,3.0,2.0,1.0,,,
2 Bedroom House,2999000.0,2.0,3.0,2.0,151.0,,
3 Bedroom Apartment,1603000.0,3.0,2.0,2.0,,,
1 Bedroom Apartment,715000.0,1.0,15.0,1.0,,"57 Ss Peacehaven, 1 Cordiner Street",
1 Bedroom Apartment,1450000.0,1.0,1.0,1.0,,263 Ballito Village,
4 Bedroom House,9675000.0,4.0,35.0,6.0,1358.0,,
3 Bedroom Apartment,2599999.0,3.0,2.0,2.0,,416 Ballito Hills,
2 Bedroom Townhouse,2195000.0,2.0,2.0,6.0,,"1 Ss Camdon Flats, 58 Gordon Road",
2 Bedroom Apartment,3199000.0,2.0,2.0,2.0,,,
1 Bedroom Apartment,1450000.0,1.0,1.0,1.0,,263 Ballito Village,
3 Bedroom House,4750000.0,3.0,35.0,2.0,8214.0,"4a Cuckoo Lane, Winterskloof",
4 Bedroom House,1395000.0,4.0,25.0,2.0,1964.0,,
4 Bedroom House,2000000.0,4.0,3.0,4.0,1041.0,1 5th Street,
2 Bedroom Apartment,3600000.0,2.0,25.0,2.0,,59 Brettenwood Lakes,
4 Bedroom Apartment,3400000.0,4.0,35.0,4.0,,"5 Ss Artego Bay, 19 Nkwazi Drive",
3 Bedroom House,2695000.0,3.0,3.0,7.0,1075.0,,
2 Bedroom Townhouse,850000.0,2.0,2.0,2.0,,56 Bohmer Road,
3 Bedroom Apartment,3450000.0,3.0,25.0,2.0,,15 Ocean Way,
4 Bedroom House,2000000.0,4.0,2.0,6.0,1868.0,3 Ridge Road,
2 Bedroom Apartment,690000.0,2.0,1.0,1.0,,218 Marine Drive,
1.5 Bedroom Apartment,795000.0,15.0,1.0,1.0,,259 Bulwer Road,
4 Bedroom Townhouse,4950000.0,4.0,35.0,3.0,,"7 Ss Quail Gardens, 45 Hawthorne Drive",
2 Bedroom Apartment,930000.0,2.0,1.0,2.0,,,
5 Bedroom House,9500000.0,5.0,4.0,3.0,872.0,95 Inanda Road,
2 Bedroom Apartment,899000.0,2.0,2.0,1.0,,,
1 Bedroom Townhouse,620000.0,1.0,1.0,1.0,16925.0,,
2 Bedroom Apartment,1950000.0,2.0,2.0,2.0,,,
4 Bedroom House,1670000.0,4.0,1.0,4.0,1017.0,,
9 Bedroom House,7500000.0,9.0,6.0,6.0,1976.0,142 Beach Road,
2 Bedroom House,750000.0,2.0,1.0,1.0,356.0,,
2 Bedroom Apartment,4700000.0,2.0,2.0,2.0,,"1217 Pearls Sky, 6 Lagoon Drive",
3 Bedroom House,1200000.0,3.0,2.0,3.0,745.0,,
3 Bedroom Apartment,850000.0,3.0,2.0,1.0,,,
2 Bedroom Townhouse,2150000.0,2.0,3.0,2.0,,,
4 Bedroom House,2655000.0,4.0,4.0,6.0,,,
4 Bedroom Townhouse,4950000.0,4.0,3.0,2.0,40653.0,"17 Ss The Sanctuary, 2 Marula Close, Unit 17 The Sanctuary",
2.5 Bedroom Apartment,850000.0,25.0,1.0,3.0,,,
2 Bedroom Apartment,2200000.0,2.0,1.0,2.0,,,
2 Bedroom Apartment,2100000.0,2.0,2.0,2.0,227.0,,
4 Bedroom House,1750000.0,4.0,2.0,4.0,920.0,50 Rider Haggard Avenue,
2 Bedroom Apartment,1370000.0,2.0,2.0,2.0,,,
2 Bedroom Apartment,899000.0,2.0,2.0,1.0,,,
3 Bedroom Townhouse,1950000.0,3.0,3.0,3.0,2753.0,,
3 Bedroom Apartment,997000.0,3.0,2.0,2.0,,143 Marine Drive,
2 Bedroom Apartment,495000.0,2.0,1.0,1.0,,,
4 Bedroom House,1495000.0,4.0,3.0,2.0,2133.0,,
3 Bedroom House,4750000.0,3.0,25.0,2.0,475.0,57 Zululami Boulevard,
5 Bedroom House,3995000.0,5.0,4.0,3.0,,,
3 Bedroom House,3250000.0,3.0,2.0,2.0,,,
3 Bedroom House,3250000.0,3.0,2.0,2.0,,,
3 Bedroom Apartment,2395000.0,3.0,2.0,2.0,,,
4 Bedroom House,,4.0,35.0,4.0,1761.0,12 Libra,
3 Bedroom House,730000.0,3.0,1.0,1.0,,,
2 Bedroom House,2350000.0,2.0,25.0,3.0,3090.0,1 Shirley Avenue,
3 Bedroom Townhouse,3400000.0,3.0,3.0,2.0,4125.0,,
4 Bedroom House,10480000.0,4.0,45.0,3.0,,"4 Hilltop, 4 Hilltop",
12 Bedroom House,2850000.0,12.0,6.0,,538.0,,
4 Bedroom House,1710000.0,4.0,2.0,6.0,1350.0,,
4 Bedroom House,5495000.0,4.0,4.0,1.0,715.0,"602 San Lameer, R61 Lower South Coast San Lameer Estate Street",
3 Bedroom House,879000.0,3.0,1.0,4.0,,,
House,550000.0,,,,,,
5 Bedroom House,2675000.0,5.0,4.0,3.0,1073.0,37 Churchill Street,
4 Bedroom House,3980000.0,4.0,3.0,17.0,844.0,18 Ernest Bower Place,
3 Bedroom Apartment,895000.0,3.0,1.0,3.0,,"9 Ss Duplex Mews, 84 Kenyon Howden Road",
2 Bedroom Apartment,420000.0,2.0,1.0,,,,
3 Bedroom House,1850000.0,3.0,15.0,4.0,307.0,,
2 Bedroom Apartment,432000.0,2.0,1.0,,,,
3 Bedroom House,685000.0,3.0,1.0,,164.0,,
10 Bedroom House,3089000.0,10.0,5.0,12.0,1694.0,,
2 Bedroom Apartment,3690000.0,2.0,2.0,,,,
3 Bedroom House,685000.0,3.0,1.0,,164.0,,
2 Bedroom Townhouse,3495000.0,2.0,2.0,2.0,149.0,,
3 Bedroom Townhouse,890000.0,3.0,2.0,2.0,6826.0,,
2 Bedroom Townhouse,2500000.0,2.0,2.0,2.0,89.0,,
3 Bedroom House,990000.0,3.0,2.0,2.0,870.0,,
4 Bedroom Apartment,2199000.0,4.0,2.0,2.0,,,
3 Bedroom Apartment,1100000.0,3.0,2.0,2.0,,,
3 Bedroom Apartment,1500000.0,3.0,2.0,1.0,,,
3 Bedroom Apartment,4320000.0,3.0,3.0,3.0,,,
4 Bedroom House,2200000.0,4.0,25.0,6.0,652.0,,
5 Bedroom House,850000.0,5.0,2.0,1.0,,,
2 Bedroom Apartment,1100000.0,2.0,1.0,2.0,,,
3 Bedroom House,2700000.0,3.0,2.0,1.0,936.0,,
2 Bedroom Apartment,2470000.0,2.0,1.0,1.0,,,
2 Bedroom House,1085000.0,2.0,1.0,1.0,85.0,,
3 Bedroom Townhouse,1390000.0,3.0,25.0,,1744.0,,
3 Bedroom Townhouse,1080000.0,3.0,1.0,2.0,14346.0,,
3 Bedroom House,846000.0,3.0,3.0,,233.0,,
4 Bedroom House,2850000.0,4.0,4.0,8.0,1048.0,,
2 Bedroom Apartment,4200000.0,2.0,2.0,2.0,,,
3 Bedroom Apartment,2700000.0,3.0,2.0,2.0,,,
7 Bedroom House,2850000.0,7.0,6.0,8.0,1903.0,35 Foxon Road,
2 Bedroom Apartment,2195000.0,2.0,2.0,2.0,,"39 Ss Azure, 138 South Beach Road, 39 Azure",
3 Bedroom Apartment,5000000.0,3.0,3.0,2.0,,56 North Beach Road,
3 Bedroom House,1270000.0,3.0,15.0,6.0,900.0,,
5 Bedroom Apartment,2500000.0,5.0,5.0,2.0,,24 South Dune Road,
10 Bedroom House,1200000.0,10.0,3.0,,219.0,,
3 Bedroom Apartment,2295000.0,3.0,25.0,1.0,,,
3 Bedroom House,1270000.0,3.0,15.0,6.0,900.0,,
3 Bedroom House,1195000.0,3.0,15.0,4.0,620.0,,
7 Bedroom House,19500000.0,7.0,75.0,10.0,5681.0,,
2 Bedroom Apartment,720000.0,2.0,1.0,1.0,,27 High St,
3 Bedroom Apartment,4495000.0,3.0,25.0,2.0,,"109 Sabuti, 4 Sicklebush Lane, Unit 109 Sabuti (sect94)",
24 Bedroom House,27000000.0,24.0,20.0,8.0,691.0,,
House,1498000.0,,,,1300.0,,
4 Bedroom House,1040000.0,4.0,35.0,3.0,700.0,,
4 Bedroom House,2695000.0,4.0,25.0,4.0,3606.0,7 Umvemve Place,
4 Bedroom House,2900000.0,4.0,35.0,2.0,2151.0,806 Josiah Gumede Rd,
5 Bedroom House,4250000.0,5.0,45.0,6.0,946.0,39 Leonora Drive,
4 Bedroom House,2250000.0,4.0,2.0,4.0,1162.0,,
3 Bedroom Apartment,5900000.0,3.0,25.0,2.0,,"C22 Simbithi, C22 Sabuti",
3 Bedroom Apartment,1700000.0,3.0,2.0,1.0,,,
4 Bedroom House,1700000.0,4.0,3.0,4.0,1140.0,,
5 Bedroom House,7000000.0,5.0,4.0,25.0,1108.0,"1024 Cotswold Downs Estate, 93 Inanda Road",
2 Bedroom Apartment,4446612.0,2.0,2.0,2.0,,,
4 Bedroom House,3190000.0,4.0,3.0,4.0,1364.0,,
3 Bedroom House,10500000.0,3.0,25.0,3.0,8122.0,7a Mountbatten Place,
3 Bedroom House,1199000.0,3.0,2.0,1.0,1146.0,,
2 Bedroom Apartment,875000.0,2.0,1.0,1.0,,,
3 Bedroom Apartment,5900000.0,3.0,25.0,2.0,,"C22 Simbithi, C22 Sabuti",
1 Bedroom Apartment,1509900.0,1.0,1.0,2.0,,791 Hills Avenu,
2 Bedroom Apartment,975000.0,2.0,2.0,1.0,,,
2 Bedroom Townhouse,1000000.0,2.0,1.0,1.0,24874.0,"Unit 32 Fernwood Estate, 1 Fernleigh Rd",
4 Bedroom Townhouse,5850000.0,4.0,4.0,2.0,,"127 Waterwood Drive, 1 Zimbali Hills",
3 Bedroom Apartment,5100000.0,3.0,2.0,,,"36 Santorini, 0.01 Ocean Drive",
3 Bedroom House,1290000.0,3.0,2.0,4.0,929.0,,
3 Bedroom House,1480000.0,3.0,2.0,2.0,1787.0,,
2 Bedroom Apartment,1690000.0,2.0,2.0,1.0,,,
4 Bedroom House,1750000.0,4.0,1.0,21.0,3612.0,,
4 Bedroom House,9700000.0,4.0,45.0,4.0,2776.0,"1 Aurum, 500 Zimbali Lakes Resort",
3 Bedroom House,6000000.0,3.0,3.0,2.0,438.0,14/730 Marine ( Complex) Drive,
5 Bedroom House,3950000.0,5.0,3.0,2.0,1371.0,1 Ellis Place,
2.5 Bedroom Apartment,,25.0,2.0,1.0,,"Shannon Court, 188 Che Guevara Road",
Apartment,1480000.0,,1.0,1.0,,,
5 Bedroom House,16000000.0,5.0,5.0,4.0,,"6 Ss Hawaan Forest, 6 Mamba Grove",
3 Bedroom House,850000.0,3.0,1.0,2.0,479.0,,
3 Bedroom House,850000.0,3.0,1.0,2.0,479.0,,
3 Bedroom Townhouse,3450000.0,3.0,25.0,2.0,5146.0,"21 Ss Antigua, 32 Chartwell Drive",
2 Bedroom Apartment,1350000.0,2.0,2.0,1.0,5247.0,,
5 Bedroom House,1355000.0,5.0,35.0,6.0,1038.0,Mountbatten Drive,
3 Bedroom Apartment,1600000.0,3.0,2.0,1.0,,,
2 Bedroom Apartment,3709900.0,2.0,2.0,,,9 Vuna Close,
3 Bedroom House,1200000.0,3.0,2.0,2.0,1859.0,423 Boundary Road,
2 Bedroom Apartment,1040000.0,2.0,2.0,2.0,,,
1 Bedroom Townhouse,520000.0,1.0,1.0,1.0,3223.0,"Beach Lodge, 24 Panorama Parade Street",
2 Bedroom Apartment,655000.0,2.0,1.0,3.0,,,
5 Bedroom House,9575000.0,5.0,4.0,4.0,,12 Sera Bella,
2 Bedroom Apartment,1300000.0,2.0,1.0,1.0,,,
2 Bedroom Apartment,700000.0,2.0,1.0,1.0,,,
4 Bedroom House,10950000.0,4.0,3.0,7.0,831.0,,
2 Bedroom Apartment,829000.0,2.0,15.0,1.0,,,
3 Bedroom Apartment,999000.0,3.0,2.0,1.0,,,
4 Bedroom House,1299000.0,4.0,,1.0,919.0,,
4 Bedroom House,11500000.0,4.0,5.0,6.0,12.0,,
2 Bedroom Apartment,815000.0,2.0,1.0,1.0,,"6 Ss Riversand Ranch, 17 Riversand Drive",
3 Bedroom House,1350000.0,3.0,2.0,2.0,1120.0,,
2 Bedroom Apartment,795000.0,2.0,2.0,1.0,,,
3 Bedroom House,870000.0,3.0,1.0,1.0,528.0,,
2.5 Bedroom Apartment,699000.0,25.0,1.0,,,,
2 Bedroom Apartment,890000.0,2.0,15.0,1.0,,,
5 Bedroom House,1800000.0,5.0,2.0,2.0,929.0,88/1 Boulder Road,
3 Bedroom Apartment,1250000.0,3.0,2.0,2.0,,,
4 Bedroom Townhouse,1350000.0,4.0,3.0,2.0,4140.0,,
2 Bedroom Apartment,1200000.0,2.0,2.0,1.0,,,
5 Bedroom House,4200000.0,5.0,55.0,2.0,1320.0,,
2 Bedroom Apartment,720000.0,2.0,2.0,1.0,,,
2 Bedroom Apartment,815000.0,2.0,1.0,1.0,,"6 Ss Riversand Ranch, 17 Riversand Drive",
3 Bedroom Townhouse,2100000.0,3.0,25.0,2.0,152.0,,
3 Bedroom Apartment,5990000.0,3.0,3.0,3.0,,,
2 Bedroom Apartment,790000.0,2.0,2.0,1.0,,,
4 Bedroom House,3500000.0,4.0,3.0,5.0,1500.0,29 Breamhill Street,
11 Bedroom House,13500000.0,11.0,5.0,,1866.0,"1 Chagupe Place, 5 Lindsey Drive",
3 Bedroom Apartment,5782923.0,3.0,3.0,2.0,,,
4 Bedroom House,1470000.0,4.0,3.0,2.0,1119.0,,
4 Bedroom House,6650000.0,4.0,45.0,10.0,1358.0,"462 Shad Drive, Ramsgate",
4 Bedroom House,1090000.0,4.0,3.0,4.0,911.0,,
4 Bedroom House,2675000.0,4.0,25.0,2.0,1945.0,,
3 Bedroom House,6250000.0,3.0,25.0,3.0,,56a Inanda Road,
4 Bedroom House,8500000.0,4.0,4.0,8.0,17205.0,,
2 Bedroom Apartment,845000.0,2.0,2.0,2.0,,,
3 Bedroom House,1550000.0,3.0,2.0,6.0,1250.0,,
2 Bedroom Apartment,2780000.0,2.0,2.0,2.0,,,
4 Bedroom House,5350000.0,4.0,3.0,2.0,1272.0,,
2 Bedroom Apartment,2900000.0,2.0,2.0,1.0,,,
2 Bedroom Apartment,3400000.0,2.0,2.0,1.0,,,
2 Bedroom Townhouse,2795000.0,2.0,15.0,1.0,364897.0,,
4 Bedroom House,1890000.0,4.0,1.0,3.0,646.0,126 Z K Matthews Road,
5 Bedroom House,3950000.0,5.0,35.0,24.0,3297.0,,
5 Bedroom House,9500000.0,5.0,45.0,3.0,872.0,132 Inanda Road,
2 Bedroom Apartment,845000.0,2.0,2.0,2.0,,,
3 Bedroom House,895000.0,3.0,1.0,1.0,361.0,,
3 Bedroom House,,3.0,2.0,3.0,,,
3 Bedroom House,1270000.0,3.0,2.0,5.0,485.0,,
2 Bedroom Apartment,950000.0,2.0,2.0,1.0,,,
4 Bedroom House,2500000.0,4.0,3.0,2.0,685.0,,
2 Bedroom Apartment,750000.0,2.0,1.0,,,,
3 Bedroom House,1270000.0,3.0,2.0,5.0,485.0,,
2 Bedroom Townhouse,1300000.0,2.0,1.0,,21790.0,,
4 Bedroom House,8121106.0,4.0,4.0,2.0,5071.0,,
1 Bedroom Apartment,1190000.0,1.0,1.0,1.0,55.0,,
3 Bedroom Apartment,780000.0,3.0,1.0,1.0,,,
2 Bedroom Apartment,475000.0,2.0,1.0,2.0,,,
1 Bedroom Apartment,950000.0,1.0,1.0,1.0,,,
3 Bedroom House,895000.0,3.0,1.0,1.0,242.0,,
3 Bedroom House,1090000.0,3.0,15.0,4.0,319.0,,
6 Bedroom House,2695000.0,6.0,4.0,10.0,2024.0,,
5 Bedroom House,3400000.0,5.0,3.0,3.0,2732.0,,
6 Bedroom House,795000.0,6.0,4.0,1.0,334.0,,
4 Bedroom House,1485000.0,4.0,3.0,1.0,316.0,,
6 Bedroom House,3790000.0,6.0,7.0,1.0,2023.0,7 Bristol Road,
3 Bedroom House,1445000.0,3.0,1.0,2.0,930.0,,
4 Bedroom House,1400000.0,4.0,2.0,2.0,2023.0,112 Velkoop Crescent,
2 Bedroom Apartment,875000.0,2.0,1.0,1.0,,,
3 Bedroom Townhouse,930000.0,3.0,15.0,3.0,,,
2 Bedroom Apartment,1100000.0,2.0,1.0,1.0,,,
3 Bedroom House,1200000.0,3.0,2.0,,290.0,,
2 Bedroom House,4850000.0,2.0,2.0,1.0,604.0,18 Yellowwood Avenue,
2 Bedroom Apartment,1350000.0,2.0,2.0,2.0,,,
4 Bedroom House,1600000.0,4.0,2.0,4.0,1406.0,,
4 Bedroom House,,4.0,45.0,12.0,5469.0,,
3 Bedroom House,2999000.0,3.0,2.0,4.0,474.0,26 Milletia Drive,
3 Bedroom Townhouse,1600000.0,3.0,3.0,2.0,39960.0,"13 Ramsgate Ridge, 401 Selkirk Place",
1 Bedroom Apartment,665000.0,1.0,1.0,1.0,,295 West Road,
2 Bedroom Apartment,1350000.0,2.0,2.0,2.0,,,
1 Bedroom Apartment,595000.0,1.0,1.0,1.0,,,
2 Bedroom Apartment,980000.0,2.0,1.0,,,,
7 Bedroom House,8499000.0,7.0,85.0,10.0,1150.0,,
3 Bedroom House,1350000.0,3.0,15.0,2.0,683.0,10 Blueberry Road,
3 Bedroom Apartment,1650000.0,3.0,2.0,2.0,,"Uvongo Breeze, 1 Konrad Drive",
2 Bedroom Apartment,1199000.0,2.0,1.0,2.0,,,
3 Bedroom House,923500.0,3.0,2.0,2.0,1000.0,90 Ocean View Drive,
3 Bedroom Townhouse,1350000.0,3.0,2.0,2.0,,,
2 Bedroom House,995000.0,2.0,1.0,4.0,,,
2 Bedroom Apartment,2630000.0,2.0,2.0,2.0,,,
2 Bedroom Apartment,4500000.0,2.0,2.0,3.0,,,
3 Bedroom Townhouse,1159999.0,3.0,2.0,2.0,,,
3 Bedroom House,3999000.0,3.0,2.0,2.0,476.0,,
7 Bedroom House,2995000.0,7.0,4.0,6.0,1280.0,,
1 Bedroom Apartment,575000.0,1.0,1.0,1.0,,,
9 Bedroom House,11995000.0,9.0,8.0,10.0,1990.0,,
3 Bedroom Townhouse,3766000.0,3.0,2.0,2.0,200.0,,
2 Bedroom Apartment,4500000.0,2.0,2.0,3.0,,,
5 Bedroom House,3260000.0,5.0,3.0,5.0,1857.0,48 Howick Road,
2 Bedroom Townhouse,1270000.0,2.0,15.0,2.0,23963.0,,
3 Bedroom House,1640000.0,3.0,1.0,3.0,1012.0,7 Pasteur Road,
3 Bedroom House,1100000.0,3.0,2.0,4.0,250.0,,
Apartment,425000.0,,1.0,,,,
4 Bedroom House,6800000.0,4.0,45.0,8.0,886.0,,
3 Bedroom Townhouse,800000.0,3.0,2.0,1.0,3905.0,"4 Ss Freeland View, 2 Moodie Lane",
1 Bedroom House,410000.0,1.0,1.0,1.0,,85 Old Pont Road,
3 Bedroom House,1495000.0,3.0,25.0,3.0,1279.0,,
3 Bedroom Apartment,2750000.0,3.0,2.0,2.0,,,
3 Bedroom House,1000000.0,3.0,2.0,,465.0,,
4 Bedroom House,2100000.0,4.0,3.0,3.0,38165.0,,
2 Bedroom Apartment,850000.0,2.0,1.0,1.0,,,
3 Bedroom Apartment,1300000.0,3.0,2.0,2.0,,,
3 Bedroom House,2950000.0,3.0,15.0,1.0,916.0,,
3 Bedroom Townhouse,15995000.0,3.0,35.0,2.0,10362.0,,
3 Bedroom Apartment,8950000.0,3.0,2.0,2.0,,,
3 Bedroom House,2395000.0,3.0,2.0,6.0,1065.0,,
2.5 Bedroom Apartment,995000.0,25.0,1.0,2.0,,,
4 Bedroom House,4600000.0,4.0,4.0,3.0,6.0,,
3 Bedroom Apartment,2999000.0,3.0,2.0,9.0,,,
3 Bedroom Apartment,4500000.0,3.0,2.0,4.0,,"118 Pelican, 118 Plains Loop",
2 Bedroom Apartment,712000.0,2.0,2.0,1.0,,13 Marine Drive,
6 Bedroom House,5695001.0,6.0,4.0,2.0,8115.0,14a Ocean View Dr,
2 Bedroom Apartment,2800000.0,2.0,2.0,3.0,,,
2 Bedroom Apartment,1550000.0,2.0,1.0,,,,
3 Bedroom Apartment,3450000.0,3.0,2.0,3.0,,,
2 Bedroom Apartment,750000.0,2.0,2.0,3.0,,"18 See Uitsig, 63 Garden Avenue",
2 Bedroom Townhouse,1995000.0,2.0,3.0,2.0,,,
3 Bedroom Apartment,3450000.0,3.0,2.0,3.0,,,
3 Bedroom Apartment,1080000.0,3.0,2.0,2.0,,127 Marine Drive,
4 Bedroom Townhouse,8500000.0,4.0,55.0,4.0,1570.0,,
2 Bedroom Apartment,1150000.0,2.0,1.0,1.0,,,
2 Bedroom Apartment,1500000.0,2.0,2.0,1.0,,,
2 Bedroom House,220000.0,2.0,1.0,1.0,,,
0.5 Bedroom Apartment,500000.0,5.0,1.0,,,,
1 Bedroom Apartment,600000.0,1.0,1.0,1.0,,,
3 Bedroom House,1050000.0,3.0,2.0,2.0,395.0,,
3 Bedroom House,695000.0,3.0,1.0,2.0,379.0,,
3 Bedroom Apartment,1270000.0,3.0,2.0,1.0,,,
5 Bedroom House,6485000.0,5.0,6.0,2.0,723.0,,
3 Bedroom Apartment,1630000.0,3.0,3.0,2.0,,,
3 Bedroom Apartment,1100000.0,3.0,2.0,2.0,,,
6 Bedroom House,2650000.0,6.0,4.0,3.0,2233.0,,
1.5 Bedroom Apartment,1250000.0,15.0,15.0,,,,
2 Bedroom Apartment,1150000.0,2.0,1.0,1.0,,,
4 Bedroom House,995000.0,4.0,3.0,13.0,1062.0,,
2 Bedroom Apartment,930000.0,2.0,1.0,1.0,,,
2 Bedroom Apartment,1210000.0,2.0,2.0,1.0,,"Unit 2005, Hesketh Estate, 275 Gladys Manzi Road.",
2 Bedroom House,630000.0,2.0,1.0,1.0,,,
3 Bedroom House,1450000.0,3.0,2.0,4.0,1370.0,,
2 Bedroom House,950000.0,2.0,1.0,2.0,228.0,,
4 Bedroom House,995000.0,4.0,3.0,13.0,1062.0,,
3 Bedroom Townhouse,1150000.0,3.0,2.0,2.0,2480.0,1 Quantox Avenue,
4 Bedroom House,3800000.0,4.0,3.0,3.0,1935.0,,
2 Bedroom Apartment,875000.0,2.0,1.0,2.0,,,
4 Bedroom House,15500000.0,4.0,4.0,2.0,1424.0,,
3 Bedroom Townhouse,1850000.0,3.0,3.0,2.0,,,
3 Bedroom House,2000000.0,3.0,3.0,3.0,4047.0,,
3 Bedroom House,5999000.0,3.0,25.0,4.0,493.0,59 Plantations Street,
2 Bedroom Apartment,815000.0,2.0,2.0,3.0,,,
5 Bedroom House,995000.0,5.0,4.0,6.0,1040.0,,
3 Bedroom Apartment,1290000.0,3.0,2.0,2.0,,,
3 Bedroom Townhouse,2950000.0,3.0,2.0,2.0,526.0,,
2 Bedroom Apartment,650000.0,2.0,1.0,1.0,1311.0,,
3 Bedroom House,2175000.0,3.0,15.0,2.0,1977.0,,
4 Bedroom Apartment,600000.0,4.0,2.0,2.0,,,
4 Bedroom House,2695000.0,4.0,3.0,2.0,1049.0,,
4 Bedroom House,13900000.0,4.0,5.0,5.0,1500.0,,
5 Bedroom House,1495000.0,5.0,2.0,1.0,1346.0,,
2 Bedroom Apartment,899000.0,2.0,1.0,1.0,,,
2 Bedroom Apartment,815000.0,2.0,2.0,3.0,,,
3 Bedroom Townhouse,1799999.0,3.0,2.0,2.0,,,
2 Bedroom Apartment,649000.0,2.0,1.0,1.0,,,
3 Bedroom House,1350000.0,3.0,2.0,3.0,1499.0,,
4 Bedroom House,1642000.0,4.0,2.0,4.0,978.0,,
2 Bedroom Townhouse,1190000.0,2.0,1.0,2.0,50258.0,,
3 Bedroom House,798000.0,3.0,1.0,3.0,342.0,,
5 Bedroom House,3799000.0,5.0,4.0,9.0,2166.0,,
3 Bedroom House,850000.0,3.0,2.0,1.0,1033.0,,
3 Bedroom House,550000.0,3.0,2.0,1.0,,,
4 Bedroom House,5750000.0,4.0,35.0,6.0,693.0,,
3 Bedroom Apartment,3800000.0,3.0,3.0,3.0,,,
2 Bedroom Townhouse,695000.0,2.0,2.0,1.0,,,
3 Bedroom Townhouse,2450000.0,3.0,25.0,4.0,16964.0,,
3 Bedroom House,798000.0,3.0,1.0,3.0,342.0,,
4 Bedroom Townhouse,3550000.0,4.0,5.0,6.0,638.0,"19 Camelot, 36 Westriding Road",
3 Bedroom Townhouse,1595000.0,3.0,2.0,4.0,933.0,,
3 Bedroom House,5450000.0,3.0,3.0,4.0,773.0,,
2 Bedroom Apartment,1200000.0,2.0,1.0,1.0,,,
1 Bedroom Apartment,385.0,1.0,1.0,,,44 South Beach Avenue,
3 Bedroom Townhouse,2800000.0,3.0,35.0,2.0,,"6 Ss Horizon Edge, 112 Mount Edgecombe Drive",
4 Bedroom House,5199000.0,4.0,3.0,4.0,504.0,,
5 Bedroom House,,5.0,2.0,3.0,434.0,,
3 Bedroom House,450000.0,3.0,1.0,,711.0,,
3 Bedroom Townhouse,1499000.0,3.0,2.0,3.0,573.0,124 Chase Valley Road,
4 Bedroom House,2200000.0,4.0,3.0,5.0,966.0,4 Burns,
2 Bedroom Apartment,1075174.0,2.0,1.0,1.0,,,
2 Bedroom Apartment,1985000.0,2.0,2.0,1.0,,,
3 Bedroom House,1595000.0,3.0,2.0,3.0,436.0,,
4 Bedroom Townhouse,1550000.0,4.0,3.0,2.0,7936.0,,
3 Bedroom Townhouse,2750000.0,3.0,25.0,2.0,,27 Timeball Boulevard,
3 Bedroom House,1550000.0,3.0,2.0,10.0,1219.0,,
5 Bedroom House,2195000.0,5.0,5.0,7.0,1849.0,,
3 Bedroom House,1650000.0,3.0,25.0,4.0,6811.0,,
3 Bedroom House,1650000.0,3.0,25.0,4.0,6811.0,,
3 Bedroom House,925000.0,3.0,2.0,5.0,1804.0,,
5 Bedroom House,3980000.0,5.0,4.0,,1036.0,51 Colin Street,
3 Bedroom House,780000.0,3.0,15.0,6.0,201.0,,
2 Bedroom Apartment,2495000.0,2.0,2.0,2.0,,"Oceandune, 219 Oceandune Boulevard",
4 Bedroom House,10500000.0,4.0,4.0,10.0,872.0,,
4 Bedroom House,3500000.0,4.0,3.0,2.0,,,
4 Bedroom House,1590000.0,4.0,2.0,1.0,900.0,,
3 Bedroom Apartment,5295000.0,3.0,2.0,2.0,,,
4 Bedroom House,7200000.0,4.0,5.0,4.0,1600.0,234 Hillside Road,
1.5 Bedroom Apartment,775000.0,15.0,1.0,1.0,,"11 Belvedere, 137 Cato Road",
3 Bedroom Apartment,2350000.0,3.0,2.0,1.0,,"601 Solace Place, 5 Nathaniel Isaacs Crescent",
4 Bedroom House,2099000.0,4.0,2.0,8.0,823.0,,
3 Bedroom Townhouse,3690000.0,3.0,2.0,4.0,,,
2 Bedroom Apartment,2950000.0,2.0,2.0,,,"224 Ss Zimbali Hotel AND Resort, 5 Corkwood Drive, Unit 224 Zimbali Suites",
5 Bedroom Apartment,930000.0,5.0,2.0,1.0,,"3 Ss Coral Beach, 1013 Barracuda Boulevard",
4 Bedroom House,1650000.0,4.0,25.0,2.0,1012.0,,
2 Bedroom Apartment,450000.0,2.0,1.0,,,,
3 Bedroom House,1295000.0,3.0,15.0,1.0,4894.0,,
3 Bedroom House,1995000.0,3.0,2.0,4.0,1076.0,,
2 Bedroom Apartment,1950000.0,2.0,1.0,2.0,,"11 Ss Zimbali Boulevard Suites, 111 Albizia Drive, Unit 11 Boulevard Suites",
2 Bedroom House,550000.0,2.0,1.0,2.0,286.0,,
4 Bedroom House,820000.0,4.0,2.0,1.0,373.0,,
3 Bedroom House,860000.0,3.0,2.0,2.0,200.0,,
4 Bedroom House,2195000.0,4.0,2.0,3.0,2100.0,,
2 Bedroom Apartment,3215000.0,2.0,2.0,1.0,,6 The Verve,
2 Bedroom Townhouse,1180000.0,2.0,2.0,2.0,5590.0,,
2 Bedroom Townhouse,3920000.0,2.0,2.0,4.0,,1 Gables Road,
3 Bedroom Apartment,2100000.0,3.0,2.0,1.0,,,
6 Bedroom House,2900000.0,6.0,6.0,8.0,,82 Ray Road,
4 Bedroom House,2099000.0,4.0,2.0,8.0,823.0,,
4 Bedroom Townhouse,1080000.0,4.0,3.0,2.0,185.0,,
1 Bedroom Apartment,1950000.0,1.0,1.0,1.0,,"108 The Address, 7 Albizia Drive",
3 Bedroom Townhouse,795000.0,3.0,2.0,1.0,,,
3 Bedroom House,1295000.0,3.0,3.0,3.0,1043.0,13 Anne Arbour Road,
2 Bedroom Apartment,620000.0,2.0,1.0,,,,
4 Bedroom Townhouse,4900000.0,4.0,3.0,3.0,6283.0,78 Fairways Reach,
3 Bedroom House,3150000.0,3.0,2.0,1.0,,,
4 Bedroom Townhouse,4900000.0,4.0,3.0,3.0,6283.0,78 Fairways Reach,
4 Bedroom Apartment,3799000.0,4.0,2.0,2.0,,,
1 Bedroom Townhouse,165000.0,1.0,1.0,1.0,29.0,,
7 Bedroom House,2250000.0,7.0,85.0,10.0,1057.0,,
1 Bedroom Apartment,550000.0,1.0,1.0,,,,
3 Bedroom House,650000.0,3.0,1.0,3.0,468.0,,
2 Bedroom Apartment,2500000.0,2.0,2.0,1.0,,,
2 Bedroom Apartment,875000.0,2.0,2.0,2.0,,,
3 Bedroom House,950000.0,3.0,2.0,2.0,570.0,,
4 Bedroom House,1200000.0,4.0,3.0,1.0,1757.0,30 Belleview Road,
4 Bedroom Apartment,1479000.0,4.0,3.0,1.0,,Kuta Beach - 186 Marine Drive,
1 Bedroom Apartment,1950000.0,1.0,1.0,4.0,,,
3 Bedroom House,1995000.0,3.0,2.0,1.0,977.0,,
3 Bedroom Apartment,2950000.0,3.0,2.0,4.0,,,
3 Bedroom Townhouse,3350000.0,3.0,2.0,3.0,,,
5 Bedroom House,,5.0,3.0,2.0,4327.0,,
3 Bedroom House,1250000.0,3.0,2.0,2.0,1623.0,,
2 Bedroom Townhouse,750000.0,2.0,1.0,3.0,11426.0,,
3 Bedroom Townhouse,1299000.0,3.0,2.0,2.0,2800.0,,
3 Bedroom House,4750000.0,3.0,4.0,2.0,966.0,28 Flatcrown Circle,
5 Bedroom House,2950000.0,5.0,25.0,3.0,3339.0,,
1 Bedroom Apartment,1590000.0,1.0,1.0,1.0,,,
3 Bedroom House,1300000.0,3.0,2.0,3.0,1093.0,,
2 Bedroom Apartment,650000.0,2.0,1.0,,,65 Marine Terrace,
2 Bedroom Townhouse,740000.0,2.0,2.0,1.0,,,
2 Bedroom Apartment,855200.0,2.0,2.0,1.0,,,
5 Bedroom House,15570000.0,5.0,5.0,8.0,659.0,91 Flatcrown Circle,
4 Bedroom House,4950000.0,4.0,3.0,2.0,1394.0,,
3 Bedroom Apartment,2225250.0,3.0,2.0,2.0,,,
2 Bedroom Apartment,1944075.0,2.0,1.0,2.0,,,
1 Bedroom Apartment,1030975.0,1.0,1.0,1.0,,,
1 Bedroom Apartment,1030975.0,1.0,1.0,1.0,,,
3 Bedroom Apartment,8950000.0,3.0,35.0,3.0,,1 Tamboti Drive,
2 Bedroom Apartment,695000.0,2.0,1.0,1.0,,"55 Ss Tomleith, 138 6th Avenue",
3 Bedroom House,1695000.0,3.0,15.0,6.0,938.0,,
3 Bedroom Apartment,1900000.0,3.0,2.0,2.0,,,
2 Bedroom Apartment,1950000.0,2.0,2.0,1.0,,,
3 Bedroom House,795000.0,3.0,1.0,3.0,590.0,,
5 Bedroom House,1425000.0,5.0,3.0,4.0,2587.0,48 Link Road,
4 Bedroom Townhouse,6500000.0,4.0,35.0,2.0,,,
4 Bedroom House,1350000.0,4.0,3.0,4.0,820.0,,
3 Bedroom Townhouse,1300000.0,3.0,15.0,3.0,,,
3 Bedroom Townhouse,980000.0,3.0,2.0,6.0,,,
5 Bedroom House,1450000.0,5.0,4.0,5.0,1521.0,2 Mountford Street,
3 Bedroom Townhouse,4650000.0,3.0,2.0,2.0,,,
4 Bedroom House,4500000.0,4.0,35.0,4.0,333.0,,
4 Bedroom House,3495000.0,4.0,2.0,2.0,4081.0,,
2 Bedroom Apartment,999000.0,2.0,2.0,2.0,,,
4 Bedroom House,700000.0,4.0,1.0,1.0,123.0,,
4 Bedroom House,2700000.0,4.0,4.0,2.0,658.0,,
5 Bedroom House,3895000.0,5.0,3.0,5.0,781067.0,"P9a Selborne Park Golf Estate, 9a Pebble Beach",
4 Bedroom Townhouse,13500000.0,4.0,35.0,2.0,324.0,,
2.5 Bedroom Apartment,895000.0,25.0,15.0,1.0,,400 Clark Road,
2 Bedroom Townhouse,680000.0,2.0,1.0,2.0,,,
3 Bedroom Townhouse,4650000.0,3.0,2.0,2.0,,,
3 Bedroom Townhouse,2800000.0,3.0,2.0,2.0,,,
1.5 Bedroom Apartment,595000.0,15.0,1.0,1.0,,,
3 Bedroom Apartment,2350000.0,3.0,3.0,4.0,,,
3 Bedroom Townhouse,1397000.0,3.0,2.0,4.0,,,
2 Bedroom Apartment,1190000.0,2.0,1.0,1.0,,"Natspat, 56 Lilliecrona",
4 Bedroom House,3000000.0,4.0,4.0,2.0,1347.0,,
1 Bedroom Apartment,900000.0,1.0,1.0,1.0,,"Unit 624 Ballito Groves, 1006 Lee Barnes Boulevard",
1 Bedroom Apartment,460000.0,1.0,1.0,,,,
2.5 Bedroom Townhouse,950000.0,25.0,2.0,4.0,32674.0,,
3 Bedroom House,1550000.0,3.0,2.0,4.0,1212.0,,
2 Bedroom Apartment,1500000.0,2.0,1.0,1.0,,,
2 Bedroom Apartment,1250000.0,2.0,1.0,2.0,,,
3 Bedroom Apartment,1550000.0,3.0,2.0,1.0,,,
1 Bedroom Apartment,390000.0,1.0,1.0,1.0,,,
2 Bedroom Apartment,995000.0,2.0,1.0,1.0,,,
3 Bedroom House,2950000.0,3.0,2.0,5.0,1884.0,,
2 Bedroom Apartment,1139000.0,2.0,1.0,2.0,65.0,,
2 Bedroom Apartment,1750000.0,2.0,2.0,2.0,,,
4 Bedroom Apartment,6600000.0,4.0,45.0,1.0,1106.0,,
1 Bedroom Apartment,750000.0,1.0,15.0,,,,
3 Bedroom Townhouse,2250000.0,3.0,2.0,2.0,,,
1 Bedroom Apartment,460000.0,1.0,1.0,,,,
1 Bedroom Apartment,2200000.0,1.0,1.0,1.0,,,
1.5 Bedroom Apartment,,15.0,1.0,1.0,,"THE Grove, 143 Margaret Mncadi Avenue",
3 Bedroom Apartment,1200000.0,3.0,2.0,2.0,,,
3 Bedroom Apartment,1199000.0,3.0,2.0,1.0,,,
1 Bedroom Apartment,,1.0,1.0,3.0,,11 Meer En See,
3 Bedroom Apartment,3887000.0,3.0,2.0,3.0,,,
2 Bedroom Apartment,1795000.0,2.0,25.0,2.0,,371 Musgrave Road,
5 Bedroom House,2990000.0,5.0,35.0,6.0,2348.0,3 Westbrook Avenue,
3 Bedroom Townhouse,5500000.0,3.0,25.0,2.0,13.0,40 Luxe,
Apartment,1350000.0,,1.0,1.0,,,
3 Bedroom Apartment,5750000.0,3.0,3.0,3.0,,,
3 Bedroom House,1250000.0,3.0,15.0,6.0,665.0,,
3 Bedroom House,3500000.0,3.0,1.0,,2927.0,,
3 Bedroom Apartment,3887000.0,3.0,2.0,3.0,,,
2 Bedroom Apartment,895000.0,2.0,1.0,3.0,,,
2 Bedroom Apartment,580000.0,2.0,1.0,1.0,,,
3 Bedroom House,3200000.0,3.0,4.0,12.0,1940.0,,
3 Bedroom House,770000.0,3.0,2.0,1.0,335.0,,
3 Bedroom House,1620000.0,3.0,3.0,5.0,1672.0,,
2 Bedroom Apartment,1395000.0,2.0,1.0,1.0,,,
3 Bedroom Apartment,8950000.0,3.0,35.0,5.0,,,
2 Bedroom Townhouse,600000.0,2.0,15.0,1.0,26720.0,,
3 Bedroom House,1795000.0,3.0,2.0,6.0,1001.0,,
2 Bedroom Townhouse,950000.0,2.0,2.0,,128.0,,
3 Bedroom House,2750000.0,3.0,2.0,3.0,569.0,21 Edmonds Place,
3 Bedroom House,2300000.0,3.0,2.0,,1870.0,,
4 Bedroom House,1195000.0,4.0,2.0,7.0,465.0,,
3 Bedroom Townhouse,3995000.0,3.0,25.0,3.0,,,
1 Bedroom Apartment,1350000.0,1.0,15.0,1.0,,,
2 Bedroom Apartment,695000.0,2.0,1.0,1.0,,,
3 Bedroom House,1500000.0,3.0,2.0,2.0,1570.0,,
2 Bedroom Apartment,2700000.0,2.0,2.0,,,,
3 Bedroom House,1800000.0,3.0,2.0,3.0,1573.0,,
1 Bedroom Apartment,795000.0,1.0,1.0,1.0,,,
3 Bedroom Apartment,1900000.0,3.0,2.0,2.0,,,
3 Bedroom House,1845000.0,3.0,2.0,2.0,1080.0,,
2 Bedroom Apartment,699000.0,2.0,1.0,1.0,,,
4 Bedroom House,1390000.0,4.0,2.0,2.0,945.0,,
1 Bedroom Apartment,1399000.0,1.0,1.0,1.0,,5 Summit Row,
2 Bedroom Apartment,2000000.0,2.0,1.0,2.0,,,
2 Bedroom Apartment,650000.0,2.0,1.0,1.0,52.0,,
3 Bedroom Townhouse,3995000.0,3.0,25.0,3.0,,,
1 Bedroom Apartment,695000.0,1.0,15.0,1.0,,"Milkwood, 17 Elizabeth",
3 Bedroom House,1150000.0,3.0,1.0,4.0,188.0,,
3 Bedroom House,4750000.0,3.0,3.0,5.0,,,
3 Bedroom Apartment,3850000.0,3.0,4.0,2.0,,,
5 Bedroom House,1500000.0,5.0,3.0,6.0,1972.0,,
3 Bedroom House,1050000.0,3.0,2.0,1.0,412.0,,
3 Bedroom House,799995.0,3.0,1.0,5.0,470.0,,
3 Bedroom Townhouse,1595000.0,3.0,2.0,2.0,,,
2 Bedroom Apartment,850000.0,2.0,1.0,3.0,,,
3 Bedroom Apartment,6850000.0,3.0,2.0,2.0,,,
1 Bedroom Apartment,990000.0,1.0,1.0,1.0,,,
3 Bedroom House,875000.0,3.0,1.0,1.0,,,
3 Bedroom Apartment,550000.0,3.0,1.0,,,,
2 Bedroom House,1250000.0,2.0,2.0,5.0,848.0,,
2 Bedroom Apartment,1095000.0,2.0,1.0,1.0,,,
2 Bedroom House,2250000.0,2.0,2.0,1.0,,,
5 Bedroom House,1795000.0,5.0,5.0,10.0,1101.0,,
5 Bedroom House,1299000.0,5.0,2.0,3.0,,,
3 Bedroom Apartment,3850000.0,3.0,4.0,2.0,,,
1 Bedroom Apartment,800000.0,1.0,1.0,1.0,,,
1 Bedroom Apartment,925000.0,1.0,1.0,1.0,44.0,,
Apartment,875000.0,,1.0,1.0,,,
8 Bedroom House,950000.0,8.0,3.0,3.0,1173.0,,
3 Bedroom House,980000.0,3.0,2.0,2.0,1118.0,34 Van Niekerk Road,
1.5 Bedroom Apartment,490000.0,15.0,1.0,1.0,,,
4 Bedroom House,2600000.0,4.0,2.0,2.0,1580.0,,
7 Bedroom House,1600000.0,7.0,4.0,1.0,1216.0,,
5 Bedroom House,6900000.0,5.0,55.0,10.0,557.0,,
2 Bedroom Apartment,2995000.0,2.0,2.0,1.0,,,
3 Bedroom Apartment,5782922.0,3.0,3.0,2.0,,,
4 Bedroom House,4650000.0,4.0,3.0,2.0,,,
4 Bedroom House,975000.0,4.0,25.0,5.0,297.0,,
4 Bedroom Townhouse,1450000.0,4.0,15.0,2.0,184.0,,
3 Bedroom Townhouse,4315000.0,3.0,2.0,4.0,,,
3 Bedroom Townhouse,4019000.0,3.0,2.0,4.0,,,
2 Bedroom Townhouse,420000.0,2.0,3.0,,,,
3 Bedroom Townhouse,3995000.0,3.0,3.0,4.0,,,
3 Bedroom House,3850000.0,3.0,3.0,4.0,1418.0,,
3 Bedroom Townhouse,3850000.0,3.0,1.0,2.0,,,
2 Bedroom Townhouse,600000.0,2.0,1.0,3.0,71023.0,,
3 Bedroom Townhouse,1495000.0,3.0,2.0,2.0,6072.0,,
3 Bedroom Townhouse,1495000.0,3.0,2.0,2.0,6072.0,,
2 Bedroom Apartment,875000.0,2.0,1.0,2.0,,,
3 Bedroom Apartment,950000.0,3.0,1.0,1.0,,"A Leighton Hall, 363 Che Guevara Road",
2 Bedroom Apartment,1800000.0,2.0,1.0,1.0,,,
3 Bedroom Apartment,11200000.0,3.0,3.0,3.0,,,
Apartment,2990000.0,,1.0,1.0,,,
3 Bedroom Apartment,3495000.0,3.0,25.0,2.0,,,
2 Bedroom Townhouse,3990000.0,2.0,2.0,5.0,11941.0,,
3 Bedroom Apartment,1200000.0,3.0,1.0,,,,
Apartment,2990000.0,,1.0,1.0,,,
3 Bedroom Townhouse,3895000.0,3.0,25.0,4.0,14810.0,98 Edgeview Road,
3 Bedroom Apartment,1095000.0,3.0,2.0,2.0,,178 Marine Drive,
3 Bedroom Apartment,1300000.0,3.0,2.0,3.0,,507 Che Guevara Road,
4 Bedroom House,17500000.0,4.0,4.0,8.0,1454.0,,
4 Bedroom Townhouse,5850000.0,4.0,45.0,2.0,9049.0,,
2 Bedroom Townhouse,695000.0,2.0,1.0,2.0,,Longcroft Dr Longcroft,
3 Bedroom Apartment,1200000.0,3.0,1.0,,,,
3 Bedroom Apartment,3250000.0,3.0,2.0,1.0,,,
2 Bedroom Apartment,1700000.0,2.0,2.0,1.0,75.0,,
4 Bedroom Townhouse,2550000.0,4.0,4.0,6.0,,12 Wolfenden Grove,
2 Bedroom Apartment,1295000.0,2.0,1.0,1.0,,,
9 Bedroom House,1995000.0,9.0,7.0,4.0,1978.0,,
3 Bedroom House,915000.0,3.0,2.0,1.0,312.0,,
1 Bedroom Apartment,4500000.0,1.0,1.0,1.0,,,
4 Bedroom House,1950000.0,4.0,3.0,3.0,,,
2 Bedroom Apartment,1725000.0,2.0,2.0,2.0,,,
3 Bedroom Apartment,3850000.0,3.0,2.0,2.0,,,
2 Bedroom Apartment,1725000.0,2.0,2.0,2.0,,,
2 Bedroom Apartment,1100000.0,2.0,1.0,2.0,,,
2 Bedroom Apartment,1250000.0,2.0,2.0,1.0,,,
4 Bedroom Townhouse,2795000.0,4.0,45.0,4.0,,"26 Ss Victoria Park, 79 Anthony Road",
1 Bedroom Apartment,890000.0,1.0,1.0,,,,
2 Bedroom Apartment,850000.0,2.0,1.0,1.0,,4 Escombe Street,
4 Bedroom Townhouse,1795000.0,4.0,3.0,3.0,,,
2 Bedroom House,430000.0,2.0,1.0,1.0,,,
4 Bedroom House,4250000.0,4.0,3.0,4.0,1115.0,,
3 Bedroom Apartment,1550000.0,3.0,2.0,1.0,,,
2 Bedroom Apartment,795000.0,2.0,2.0,1.0,,6 Plein Street,
2 Bedroom House,2550000.0,2.0,15.0,6.0,284278.0,"183 Renishaw Hills Mature Lifestyle, 72 Plumbago Drive",
4 Bedroom House,15000000.0,4.0,4.0,3.0,1791.0,31 Yellow Wood Drive,
2 Bedroom Apartment,1875000.0,2.0,1.0,1.0,,,
2 Bedroom Apartment,750000.0,2.0,1.0,1.0,,,
3 Bedroom Apartment,11500000.0,3.0,3.0,,,,
3 Bedroom Apartment,12000000.0,3.0,3.0,,,,
2 Bedroom House,430000.0,2.0,1.0,,,,
5 Bedroom House,500000.0,5.0,5.0,3.0,,,
6 Bedroom House,2100000.0,6.0,5.0,,493.0,,
2 Bedroom House,695000.0,2.0,1.0,1.0,,,
2 Bedroom House,730000.0,2.0,1.0,,,,
35 Bedroom House,6900000.0,35.0,15.0,10.0,,,
3 Bedroom Apartment,1350000.0,3.0,2.0,3.0,,,
3 Bedroom House,1870000.0,3.0,2.0,4.0,,,
2 Bedroom Apartment,450000.0,2.0,1.0,1.0,,,
2 Bedroom House,420000.0,2.0,1.0,1.0,294.0,,
2 Bedroom Apartment,380000.0,2.0,1.0,,,,
3 Bedroom House,290000.0,3.0,1.0,,,,
10 Bedroom Apartment,3995000.0,10.0,10.0,,554.0,,
2 Bedroom Apartment,795000.0,2.0,1.0,1.0,,,
Apartment,4980000.0,,,,,,
3 Bedroom House,730000.0,3.0,1.0,,,,
3 Bedroom Apartment,1975000.0,3.0,2.0,1.0,,,
4 Bedroom House,1590000.0,4.0,2.0,3.0,,,
3 Bedroom House,560000.0,3.0,2.0,,1200.0,,
3 Bedroom House,595000.0,3.0,1.0,1.0,,,
3 Bedroom House,1870000.0,3.0,2.0,4.0,,,
4 Bedroom House,1990000.0,4.0,4.0,3.0,1356.0,,
3 Bedroom Townhouse,1299000.0,3.0,2.0,2.0,,"6 Ss Hadeda Park, 20 Via Cassiandra",
2 Bedroom Apartment,3495000.0,2.0,2.0,3.0,,,
3 Bedroom Apartment,2450000.0,3.0,2.0,2.0,,,
1 Bedroom Apartment,1595000.0,1.0,1.0,1.0,,,
3 Bedroom Townhouse,3895000.0,3.0,2.0,4.0,,,
4 Bedroom House,3550000.0,4.0,3.0,1.0,2946.0,,
1 Bedroom Apartment,495000.0,1.0,1.0,,,,
2 Bedroom Apartment,1495000.0,2.0,15.0,1.0,,"16 Ss Avonlea Grove, 223/239 Lilian Ngoyi Road",
2 Bedroom Apartment,1259000.0,2.0,15.0,1.0,,117 Snell Parade,
Apartment,850000.0,,1.0,1.0,,"C304 Ss THE Zen, 31 Zenith Drive",
4 Bedroom House,2800000.0,4.0,25.0,4.0,5281.0,21 Ashton Road,
4 Bedroom House,1850000.0,4.0,3.0,6.0,560.0,37 Marine Avenue,
4 Bedroom House,1690000.0,4.0,2.0,6.0,1474.0,,
3 Bedroom Apartment,995000.0,3.0,2.0,1.0,,1 St Davids Road,
1 Bedroom Apartment,1595000.0,1.0,1.0,1.0,,,
2 Bedroom Apartment,1895000.0,2.0,2.0,1.0,,,
3 Bedroom Townhouse,2690000.0,3.0,2.0,2.0,,,
5 Bedroom House,2400000.0,5.0,5.0,7.0,1800.0,,
4 Bedroom House,845000.0,4.0,3.0,3.0,1858.0,,
8 Bedroom House,5990000.0,8.0,6.0,8.0,4048.0,4 Shirley Avenue,
3 Bedroom House,2600000.0,3.0,2.0,2.0,1462.0,,
2 Bedroom Apartment,1470000.0,2.0,2.0,1.0,,,
3 Bedroom Townhouse,1495000.0,3.0,25.0,2.0,,,
3 Bedroom House,7250000.0,3.0,3.0,4.0,,,
2 Bedroom Apartment,1645000.0,2.0,2.0,2.0,,,
2 Bedroom Townhouse,1120000.0,2.0,1.0,2.0,,,
8 Bedroom House,1499000.0,8.0,6.0,8.0,,,
4 Bedroom House,1650000.0,4.0,5.0,2.0,,,
3 Bedroom Townhouse,3995000.0,3.0,2.0,3.0,,,
2 Bedroom Apartment,720000.0,2.0,2.0,1.0,,,
4 Bedroom Apartment,3975000.0,4.0,4.0,2.0,,,
4 Bedroom Townhouse,12000000.0,4.0,4.0,7.0,,"Unit 2 THE Prestige, Izinga Park, 50 Ndudumo Circle",
3 Bedroom House,700000.0,3.0,1.0,1.0,767.0,,
2 Bedroom Townhouse,799000.0,2.0,2.0,1.0,,,
1 Bedroom Apartment,1500000.0,1.0,1.0,,,,
1 Bedroom Apartment,535000.0,1.0,1.0,1.0,,,
3 Bedroom House,1300000.0,3.0,2.0,2.0,1300.0,,
3 Bedroom Townhouse,2350000.0,3.0,35.0,2.0,,,
1 Bedroom Apartment,870000.0,1.0,1.0,1.0,,,
3 Bedroom House,680000.0,3.0,1.0,1.0,585.0,,
1 Bedroom Apartment,1500000.0,1.0,1.0,,,,
3 Bedroom Apartment,2750000.0,3.0,2.0,2.0,,,
2 Bedroom House,270000.0,2.0,2.0,,211.0,,
4 Bedroom House,2782000.0,4.0,5.0,4.0,7145.0,,
2 Bedroom Apartment,2450000.0,2.0,2.0,1.0,102.0,,
3 Bedroom House,4500000.0,3.0,2.0,4.0,,,
2 Bedroom Apartment,750000.0,2.0,2.0,1.0,,,
1 Bedroom Apartment,550000.0,1.0,1.0,,6438.0,,
6 Bedroom House,3295000.0,6.0,4.0,11.0,1986.0,,
2 Bedroom Apartment,1210000.0,2.0,2.0,1.0,,,
Apartment,550000.0,,1.0,,,,
3 Bedroom Apartment,8500000.0,3.0,3.0,1.0,,,
3 Bedroom House,1300000.0,3.0,2.0,3.0,236.0,,
4 Bedroom House,915000.0,4.0,2.0,19.0,1750.0,,
2 Bedroom Apartment,2970000.0,2.0,2.0,1.0,90.0,,
4 Bedroom House,980000.0,4.0,2.0,2.0,474.0,,
2 Bedroom Apartment,1210000.0,2.0,2.0,1.0,,,
4 Bedroom House,8595000.0,4.0,3.0,4.0,1017.0,"17 Wild Peach Place, Victoria Country Club Estate, Pietermaritzburg",
2 Bedroom Apartment,1150000.0,2.0,2.0,1.0,60.0,,
3 Bedroom Townhouse,600000.0,3.0,1.0,1.0,153.0,,
2 Bedroom House,3400000.0,2.0,2.0,1.0,,,
3 Bedroom House,1300000.0,3.0,2.0,6.0,1800.0,,
3 Bedroom House,1150000.0,3.0,1.0,2.0,348.0,,
4 Bedroom House,4800000.0,4.0,4.0,4.0,1207.0,,
3 Bedroom House,899000.0,3.0,2.0,3.0,263.0,,
2 Bedroom Apartment,970000.0,2.0,1.0,2.0,,,
2 Bedroom Apartment,750000.0,2.0,1.0,1.0,,,
3 Bedroom Apartment,1395000.0,3.0,2.0,2.0,,,
5 Bedroom House,18000000.0,5.0,5.0,4.0,476.0,"Zimbali Lakes, 18b Sangara Close",
2 Bedroom House,1600000.0,2.0,2.0,2.0,763.0,6 Katushi Avenue,
3 Bedroom Townhouse,3750000.0,3.0,25.0,2.0,,"3 Ss Forest Ridge, 59 Marine Drive",
3 Bedroom House,3300000.0,3.0,2.0,4.0,516.0,89 5th Ave,
3 Bedroom Apartment,1720000.0,3.0,2.0,2.0,,,
2.5 Bedroom Townhouse,1395000.0,25.0,3.0,2.0,,,
3 Bedroom House,2000000.0,3.0,3.0,13.0,600.0,,
8 Bedroom House,1499995.0,8.0,3.0,8.0,1254.0,,
3 Bedroom Apartment,2500000.0,3.0,2.0,1.0,,,
2 Bedroom Apartment,725000.0,2.0,2.0,1.0,,"7 Ss Azenia Terrace, 15 Tensing Road",
2 Bedroom Apartment,890000.0,2.0,15.0,1.0,,,
1 Bedroom Apartment,495000.0,1.0,1.0,,,,
4 Bedroom House,15990000.0,4.0,4.0,10.0,3171.0,,
Townhouse,1650000.0,,,,,,
3 Bedroom Apartment,1395000.0,3.0,2.0,2.0,,,
4 Bedroom House,550000.0,4.0,1.0,1.0,223.0,,
2 Bedroom Townhouse,920000.0,2.0,2.0,2.0,3941.0,4 Tucker Avenue,
3 Bedroom Apartment,2300000.0,3.0,2.0,1.0,,,
3 Bedroom Apartment,1050000.0,3.0,2.0,1.0,,,
3 Bedroom Apartment,2300000.0,3.0,2.0,1.0,,,
7.5 Bedroom House,2998000.0,75.0,45.0,2.0,3174.0,113 Rock Road,
2 Bedroom Apartment,1850000.0,2.0,2.0,2.0,,,
4 Bedroom House,11215000.0,4.0,45.0,4.0,365.0,,
3 Bedroom House,1485000.0,3.0,1.0,8.0,,,
3 Bedroom Townhouse,1600000.0,3.0,2.0,2.0,111.0,,
0.5 Bedroom House,390000.0,5.0,1.0,,,,
3 Bedroom House,800000.0,3.0,2.0,6.0,1369.0,,
5 Bedroom House,18500000.0,5.0,5.0,3.0,1524.0,1 Umkhuhla Close,
2 Bedroom Apartment,1500000.0,2.0,2.0,1.0,,,
3 Bedroom Apartment,6875000.0,3.0,3.0,4.0,,13 The Plantations,
3 Bedroom Townhouse,1595000.0,3.0,2.0,2.0,,"12 Ss Jacaranda Dale, 143 Silverton Road",
1 Bedroom Apartment,690000.0,1.0,1.0,2.0,,,
3 Bedroom Townhouse,6795000.0,3.0,35.0,4.0,6198.0,"24 Oceans Edge, 32 Leadwood Loop",
5 Bedroom House,1395000.0,5.0,2.0,4.0,768.0,,
3 Bedroom House,2750000.0,3.0,2.0,5.0,,,
5 Bedroom Townhouse,770000.0,5.0,2.0,,,,
2 Bedroom Apartment,1095000.0,2.0,1.0,2.0,,,
4 Bedroom House,1675000.0,4.0,25.0,6.0,1346.0,,
3 Bedroom House,4900000.0,3.0,2.0,8.0,1969.0,,
2 Bedroom Townhouse,649000.0,2.0,2.0,2.0,108034.0,1a Ramsay Road,
3 Bedroom Townhouse,1295000.0,3.0,2.0,2.0,11167.0,"12 Colonial Mews, 10 Dale Road",
2 Bedroom House,630000.0,2.0,1.0,1.0,1016.0,41 6th Street Port Edward,
1 Bedroom Apartment,1500000.0,1.0,1.0,1.0,,,
3 Bedroom Apartment,960000.0,3.0,2.0,1.0,,,
1 Bedroom Apartment,750000.0,1.0,1.0,1.0,,,
4 Bedroom House,1850000.0,4.0,1.0,2.0,1743.0,,
4 Bedroom House,3290000.0,4.0,4.0,5.0,929.0,42 Rippon Crescent,
1 Bedroom Apartment,620000.0,1.0,15.0,1.0,,"9 Ss Panoramic Court Scottburgh, 6 Adams Street",
1 Bedroom Apartment,1250000.0,1.0,1.0,1.0,,,
2 Bedroom Apartment,625000.0,2.0,1.0,1.0,,,
3 Bedroom House,4900000.0,3.0,2.0,8.0,1969.0,,
3 Bedroom House,800000.0,3.0,1.0,1.0,440.0,,
3 Bedroom Apartment,1150000.0,3.0,2.0,2.0,,38 Barbara Avenue,
3 Bedroom House,2350000.0,3.0,2.0,2.0,483.0,,
2 Bedroom Apartment,850000.0,2.0,1.0,1.0,,,
1 Bedroom Apartment,749000.0,1.0,1.0,1.0,,,
4 Bedroom House,2350000.0,4.0,2.0,2.0,2024.0,24 Crompton Street,
2 Bedroom Townhouse,1190000.0,2.0,1.0,1.0,23963.0,,
3 Bedroom House,2000000.0,3.0,2.0,1.0,1266.0,1 Jarrow Road,
1 Bedroom Apartment,1500000.0,1.0,1.0,1.0,,,
3 Bedroom House,2290000.0,3.0,2.0,5.0,730.0,210 Clark Road,
2 Bedroom Apartment,695000.0,2.0,15.0,1.0,,,
4 Bedroom House,999000.0,4.0,25.0,4.0,343.0,,
2 Bedroom Apartment,770000.0,2.0,1.0,1.0,,,
2 Bedroom Apartment,795000.0,2.0,1.0,1.0,,,
2 Bedroom Apartment,2899000.0,2.0,2.0,2.0,,"10 Heleza Boulevard, Sibiya Precinct",
3.5 Bedroom Apartment,2000000.0,35.0,25.0,2.0,,,
6 Bedroom House,2995000.0,6.0,3.0,12.0,961.0,,
1.5 Bedroom Apartment,760000.0,15.0,1.0,1.0,,,
3 Bedroom House,2290000.0,3.0,2.0,5.0,730.0,210 Clark Road,
3 Bedroom Apartment,1545000.0,3.0,2.0,1.0,,"16 La Crete Sands, 1 Uvongo Beach Road",
3 Bedroom Townhouse,1850000.0,3.0,2.0,2.0,6735.0,,
4 Bedroom Townhouse,5600000.0,4.0,4.0,3.0,208.0,,
2 Bedroom Townhouse,1450000.0,2.0,2.0,2.0,,,
5 Bedroom House,12750000.0,5.0,55.0,6.0,1200.0,,
3 Bedroom Apartment,2200000.0,3.0,2.0,1.0,,,
5 Bedroom House,1950000.0,5.0,3.0,4.0,1111.0,24 Hill Crescent,
2 Bedroom Apartment,899000.0,2.0,1.0,1.0,,,
2 Bedroom Apartment,505000.0,2.0,1.0,1.0,,,
1 Bedroom Apartment,410000.0,1.0,1.0,2.0,,,
5 Bedroom Townhouse,9500000.0,5.0,7.0,5.0,4179.0,,
2 Bedroom Townhouse,2949750.0,2.0,2.0,3.0,,,
3 Bedroom Apartment,1050000.0,3.0,2.0,2.0,,"1902 Ss The Towers, 2 Bamboo Lane",
1 Bedroom Apartment,850000.0,1.0,1.0,,,,
4 Bedroom House,4000000.0,4.0,5.0,7.0,2000.0,6b Old Main Road,
3 Bedroom House,2495000.0,3.0,2.0,1.0,523.0,,
7 Bedroom House,3800000.0,7.0,7.0,7.0,944.0,,
5 Bedroom House,1250000.0,5.0,3.0,2.0,1118.0,10 Hazel Road,
2 Bedroom Apartment,1500000.0,2.0,1.0,2.0,,54 Vernon Rd,
3 Bedroom Apartment,1595000.0,3.0,2.0,2.0,,,
2.5 Bedroom Apartment,995000.0,25.0,15.0,1.0,,,
3 Bedroom Townhouse,3495000.0,3.0,3.0,2.0,2182.0,514 Essenwood Road,
4 Bedroom House,3250000.0,4.0,1.0,4.0,2020.0,14 Hazel Road,
3 Bedroom House,750000.0,3.0,2.0,3.0,225.0,,
3 Bedroom Townhouse,3495000.0,3.0,3.0,2.0,2182.0,514 Essenwood Road,
4 Bedroom Apartment,6850000.0,4.0,2.0,2.0,,"C38 Ss Sabuti, 4 Sicklebush Lane, Unit C38 Sabuti",
2 Bedroom Townhouse,1450000.0,2.0,15.0,1.0,2403.0,,
10 Bedroom House,5595000.0,10.0,10.0,3.0,1115.0,,
1 Bedroom Apartment,950000.0,1.0,1.0,1.0,,,
1 Bedroom Apartment,2450000.0,1.0,1.0,,558.0,,
3 Bedroom Townhouse,2299000.0,3.0,25.0,4.0,,,
3 Bedroom Apartment,1530000.0,3.0,2.0,2.0,2023.0,,
2 Bedroom Apartment,2395000.0,2.0,2.0,1.0,,,
3 Bedroom House,1150000.0,3.0,2.0,2.0,2412.0,,
5 Bedroom Townhouse,3200000.0,5.0,5.0,4.0,,,
3 Bedroom Apartment,3250000.0,3.0,2.0,2.0,,,
5 Bedroom House,2150000.0,5.0,3.0,6.0,1910.0,,
3 Bedroom Townhouse,1590000.0,3.0,1.0,1.0,,,
4 Bedroom Apartment,5350000.0,4.0,25.0,3.0,,"30 Ss 72 Rondevoux, 3691 William O'conner Drive",
2 Bedroom Apartment,2280000.0,2.0,2.0,2.0,,"23 Aura, 505 Sheffield Beach Road",
1.5 Bedroom Apartment,870000.0,15.0,2.0,1.0,,,
2 Bedroom Apartment,2280000.0,2.0,2.0,2.0,,"23 Aura, 505 Sheffield Beach Road",
3 Bedroom Apartment,2500000.0,3.0,2.0,2.0,,,
3 Bedroom Apartment,2000000.0,3.0,2.0,2.0,,,
7 Bedroom House,9500000.0,7.0,75.0,10.0,1365.0,,
3 Bedroom House,1275000.0,3.0,1.0,1.0,815.0,18 Pitcairn Road,
5 Bedroom House,13000000.0,5.0,5.0,8.0,10000.0,"2 Deeside Farm, Castle View",
5 Bedroom House,2950000.0,5.0,2.0,10.0,3339.0,,
Apartment,400000.0,,1.0,,,,
3 Bedroom Townhouse,2199000.0,3.0,2.0,3.0,,"45 Ss Cabana Sierra, 30 Browns Drift Road",
4 Bedroom House,2400000.0,4.0,45.0,3.0,,26 Argyll Road,
2 Bedroom Apartment,860000.0,2.0,1.0,,,34 Sol Harris Crescent,
6 Bedroom House,4850000.0,6.0,4.0,15.0,3650.0,,
2 Bedroom Townhouse,1495000.0,2.0,1.0,3.0,,"3 Ss Cobbles End, 76 Link Road",
5 Bedroom House,3600000.0,5.0,3.0,2.0,590.0,,
3 Bedroom Apartment,2825000.0,3.0,2.0,2.0,,,
3 Bedroom Apartment,1650000.0,3.0,2.0,1.0,,,
3 Bedroom Apartment,2350000.0,3.0,3.0,1.0,,,
3 Bedroom House,3495000.0,3.0,2.0,,4280.0,,
2 Bedroom Townhouse,1495000.0,2.0,1.0,3.0,,"3 Ss Cobbles End, 76 Link Road",
4 Bedroom House,1620000.0,4.0,2.0,8.0,1726.0,,
5 Bedroom House,1240000.0,5.0,4.0,4.0,,,
2 Bedroom Apartment,6750000.0,2.0,2.0,2.0,,24 Lagoon Drive,
1 Bedroom Apartment,1495000.0,1.0,1.0,1.0,,,
1 Bedroom Apartment,750000.0,1.0,1.0,,,,
3 Bedroom Apartment,1470000.0,3.0,2.0,2.0,,,
3 Bedroom House,1595000.0,3.0,1.0,4.0,483.0,,
2 Bedroom Apartment,860000.0,2.0,15.0,2.0,,,
5 Bedroom House,1690000.0,5.0,3.0,2.0,1650.0,1459 Lynne Road,
0.5 Bedroom Apartment,275000.0,5.0,1.0,,,57 Gillespie St,
3 Bedroom Apartment,2880000.0,3.0,2.0,1.0,,"Ss 11 Sea De La Vie, 182 South Beach Road",
3 Bedroom Townhouse,3995000.0,3.0,2.0,2.0,,,
2 Bedroom Apartment,1280000.0,2.0,2.0,1.0,,,
2 Bedroom Apartment,1300000.0,2.0,1.0,1.0,,,
3 Bedroom Townhouse,800000.0,3.0,3.0,2.0,22284.0,,
2 Bedroom Apartment,1450000.0,2.0,1.0,3.0,,,
2 Bedroom Apartment,995000.0,2.0,2.0,2.0,,,
4 Bedroom Townhouse,3499000.0,4.0,3.0,6.0,1755.0,,
3 Bedroom Apartment,2150000.0,3.0,2.0,,,,
3 Bedroom Apartment,2500000.0,3.0,25.0,1.0,,,
1 Bedroom Apartment,710000.0,1.0,1.0,1.0,,,
1.5 Bedroom Apartment,1500000.0,15.0,15.0,,,,
3 Bedroom Townhouse,1595000.0,3.0,2.0,2.0,5478.0,,
4 Bedroom Townhouse,1738000.0,4.0,3.0,4.0,118538.0,,
2 Bedroom Apartment,1085000.0,2.0,2.0,1.0,,,
2 Bedroom House,1650000.0,2.0,2.0,2.0,667.0,,
8 Bedroom House,4800000.0,8.0,8.0,2.0,2392.0,,
2.5 Bedroom Apartment,735000.0,25.0,1.0,1.0,,,
3 Bedroom Apartment,1020000.0,3.0,2.0,2.0,,,
2 Bedroom Apartment,995000.0,2.0,2.0,2.0,,,
3 Bedroom House,780000.0,3.0,1.0,1.0,1440.0,,
5 Bedroom Townhouse,8995000.0,5.0,5.0,4.0,6188.0,,
3 Bedroom Townhouse,1795000.0,3.0,25.0,2.0,,"7 Chris Hilton, 24 Venice Road",
4 Bedroom Townhouse,1150000.0,4.0,2.0,3.0,3270.0,"7 Ss Underwood, 30 Underwood Road",
2 Bedroom Apartment,6350000.0,2.0,2.0,1.0,,2a Lighthouse Rd,
2 Bedroom Apartment,850000.0,2.0,1.0,1.0,,185 Marine Drive,
3 Bedroom Townhouse,4595000.0,3.0,3.0,3.0,,"11 Sentinel Close, 11 Sentinel Close",
3 Bedroom House,950000.0,3.0,2.0,3.0,469.0,,
4 Bedroom House,889900.0,4.0,2.0,2.0,298.0,,
4 Bedroom House,950000.0,4.0,2.0,4.0,854.0,,
5 Bedroom House,3300000.0,5.0,5.0,6.0,873.0,,
3 Bedroom House,650000.0,3.0,1.0,5.0,925.0,,
1 Bedroom Apartment,720000.0,1.0,1.0,1.0,,,
5 Bedroom House,1895000.0,5.0,25.0,6.0,1668.0,142 Brighton Road,
2.5 Bedroom Apartment,700000.0,25.0,15.0,1.0,,,
2 Bedroom Apartment,690000.0,2.0,1.0,1.0,,,
3 Bedroom House,2160000.0,3.0,3.0,2.0,,,
5 Bedroom House,3300000.0,5.0,5.0,6.0,873.0,,
2 Bedroom Apartment,1000000.0,2.0,1.0,2.0,,,
10 Bedroom House,15400000.0,10.0,9.0,5.0,1371.0,,
2 Bedroom Apartment,2500000.0,2.0,2.0,1.0,,,
3 Bedroom Apartment,2300000.0,3.0,2.0,2.0,,,
4 Bedroom House,4295000.0,4.0,4.0,3.0,1450.0,2 8th Street Street,
2 Bedroom House,475000.0,2.0,1.0,1.0,,,
2 Bedroom Apartment,1850000.0,2.0,2.0,1.0,,,
2 Bedroom Apartment,2100000.0,2.0,1.0,1.0,,,
2 Bedroom Apartment,4500000.0,2.0,25.0,2.0,,,
2 Bedroom Apartment,2995000.0,2.0,2.0,1.0,,,
2 Bedroom Apartment,895000.0,2.0,2.0,1.0,,,
2 Bedroom Apartment,1295000.0,2.0,1.0,1.0,,,
3 Bedroom House,2695000.0,3.0,2.0,2.0,577.0,,
3 Bedroom Townhouse,3800000.0,3.0,3.0,5.0,,,
4 Bedroom House,5500000.0,4.0,25.0,7.0,24916.0,,
3 Bedroom Apartment,1995000.0,3.0,2.0,,,,
2 Bedroom Apartment,2300000.0,2.0,2.0,2.0,,,
2 Bedroom Apartment,486000.0,2.0,2.0,1.0,,,
4 Bedroom House,3800000.0,4.0,2.0,2.0,,,
2 Bedroom Apartment,2300000.0,2.0,2.0,2.0,,,
2 Bedroom Apartment,875000.0,2.0,2.0,2.0,,,
2 Bedroom Apartment,1225000.0,2.0,1.0,2.0,,,
6 Bedroom House,3000000.0,6.0,4.0,3.0,,,
3 Bedroom House,,3.0,4.0,3.0,1222.0,,
3 Bedroom Townhouse,890000.0,3.0,1.0,1.0,,,
1 Bedroom Apartment,649000.0,1.0,1.0,2.0,,132 Musgrave Road,
3 Bedroom House,1850000.0,3.0,2.0,8.0,1412.0,76 King Haakon Rd,
2 Bedroom Apartment,980000.0,2.0,1.0,2.0,,,
2 Bedroom Apartment,1050000.0,2.0,2.0,3.0,127.0,,
3 Bedroom House,950000.0,3.0,1.0,4.0,727.0,,
Apartment,975000.0,,1.0,1.0,,,
2 Bedroom Apartment,760000.0,2.0,1.0,2.0,,,
3 Bedroom House,562500.0,3.0,2.0,2.0,,,
2 Bedroom Apartment,780000.0,2.0,2.0,2.0,,,
1 Bedroom Apartment,560000.0,1.0,1.0,1.0,,,
4 Bedroom House,1695000.0,4.0,2.0,11.0,1670.0,,
2 Bedroom Apartment,785000.0,2.0,1.0,1.0,,,
3 Bedroom Apartment,2999000.0,3.0,2.0,1.0,,,
3 Bedroom House,1050000.0,3.0,2.0,4.0,562.0,,
2 Bedroom Apartment,795000.0,2.0,1.0,,,,
3 Bedroom Apartment,2450000.0,3.0,2.0,2.0,,56 Moffat Drive,
2 Bedroom Apartment,2095000.0,2.0,2.0,1.0,,56 Moffat Drive,
3 Bedroom House,562500.0,3.0,2.0,2.0,,,
3 Bedroom House,995000.0,3.0,2.0,2.0,974.0,,
2 Bedroom Apartment,2630000.0,2.0,2.0,2.0,,"2 Musgrave Towers, 115 Musgrave Road",
1 Bedroom Apartment,975000.0,1.0,1.0,1.0,,"69 Ss Belvedere, 137 Cato Road",
3 Bedroom Apartment,840000.0,3.0,15.0,1.0,,,
3 Bedroom House,950000.0,3.0,15.0,2.0,137.0,,
5 Bedroom House,2100000.0,5.0,3.0,2.0,,,
3 Bedroom House,4500000.0,3.0,3.0,4.0,8265.0,"10 Emperors Ridge, A1 The Ridge Street",
3 Bedroom House,1095000.0,3.0,2.0,2.0,,,
2 Bedroom Apartment,1081080.0,2.0,1.0,,,,
3 Bedroom House,3990000.0,3.0,2.0,4.0,,,
3 Bedroom House,6450000.0,3.0,4.0,3.0,29.0,,
3 Bedroom Apartment,3900000.0,3.0,2.0,1.0,,". ., 102 Burleigh",
3 Bedroom Apartment,2850000.0,3.0,2.0,3.0,,"51 Ss King Shaka Estate, 50 Valley Road, Unit 51 King Shaka Estate",
2 Bedroom Apartment,760000.0,2.0,2.0,2.0,,,
3 Bedroom Townhouse,2695000.0,3.0,2.0,1.0,4129.0,"808 The Tydes, 9 Marine Drive",
2 Bedroom Apartment,880000.0,2.0,1.0,2.0,,"B24 Riverside Estate, 115 Montain Rise Street",
1 Bedroom Apartment,1100000.0,1.0,1.0,1.0,,,
2 Bedroom House,590000.0,2.0,1.0,2.0,258.0,,
4 Bedroom Apartment,2250000.0,4.0,35.0,2.0,,,
2 Bedroom Apartment,1650000.0,2.0,1.0,2.0,,,
1 Bedroom Townhouse,500000.0,1.0,1.0,1.0,,"Inchanga Village Park, 8 Sunbird Crescent",
1 Bedroom Townhouse,500000.0,1.0,1.0,1.0,,"Inchanga Village Park, 8 Sunbird Crescent",
3 Bedroom House,1850000.0,3.0,3.0,12.0,,,
4 Bedroom House,1250000.0,4.0,2.0,3.0,,30 Cedar Road,
2 Bedroom Apartment,695000.0,2.0,2.0,1.0,,9 Canterbury Drive,
3 Bedroom Apartment,1500000.0,3.0,2.0,2.0,,,
3 Bedroom House,1195000.0,3.0,3.0,1.0,,,
2 Bedroom Apartment,1395000.0,2.0,1.0,1.0,928.0,,
0.5 Bedroom Apartment,290000.0,5.0,1.0,,,,
14 Bedroom Apartment,,14.0,,1.0,,,
3 Bedroom House,800000.0,3.0,2.0,5.0,161.0,,
3 Bedroom Apartment,550000.0,3.0,1.0,1.0,,,
2 Bedroom Apartment,750000.0,2.0,1.0,1.0,,,
2 Bedroom Townhouse,750000.0,2.0,1.0,2.0,48242.0,,
3 Bedroom House,650000.0,3.0,1.0,3.0,372.0,,
3 Bedroom House,1250000.0,3.0,1.0,3.0,,,
3 Bedroom Apartment,550000.0,3.0,1.0,1.0,,,
3 Bedroom House,2399000.0,3.0,2.0,2.0,,,
2 Bedroom House,550000.0,2.0,1.0,5.0,,,
0.5 Bedroom Apartment,495000.0,5.0,1.0,,,,
2 Bedroom Apartment,450000.0,2.0,1.0,1.0,,,
1 Bedroom Apartment,480000.0,1.0,1.0,,,,
2 Bedroom Apartment,774000.0,2.0,1.0,1.0,,,
5 Bedroom House,960000.0,5.0,2.0,2.0,297.0,,
2 Bedroom Apartment,390000.0,2.0,1.0,3.0,4466.0,,
House,5265000.0,,,,1724.0,,
3 Bedroom House,2380000.0,3.0,2.0,3.0,1027.0,,
2 Bedroom Apartment,3399000.0,2.0,2.0,2.0,,,
3 Bedroom Townhouse,4500000.0,3.0,25.0,4.0,12.0,1 Mvula Lane,
2 Bedroom Townhouse,1080000.0,2.0,1.0,1.0,7319.0,,
2 Bedroom Apartment,1195000.0,2.0,1.0,2.0,,,
1 Bedroom Apartment,620000.0,1.0,1.0,1.0,,,
2 Bedroom Apartment,1650000.0,2.0,2.0,2.0,,,
1 Bedroom Apartment,900000.0,1.0,1.0,2.0,,,
2 Bedroom Apartment,650000.0,2.0,1.0,2.0,,,
4 Bedroom House,3400000.0,4.0,35.0,6.0,1380.0,,
2 Bedroom Townhouse,850000.0,2.0,15.0,2.0,2913.0,"Idelwald, 4 Frieda Lane Lane",
1 Bedroom Apartment,1250000.0,1.0,1.0,1.0,,,
Apartment,550000.0,,1.0,,,,
5 Bedroom Townhouse,1570000.0,5.0,2.0,4.0,,"1 Ss Eagles Nest, 20 Kloof Road",
2 Bedroom Apartment,700000.0,2.0,2.0,,,,
1 Bedroom Apartment,900000.0,1.0,1.0,2.0,,,
3 Bedroom House,1480000.0,3.0,2.0,3.0,1350.0,26 Blesbok Avenue,
2 Bedroom Apartment,875000.0,2.0,2.0,1.0,,26 William Brown Road,
4 Bedroom House,7500000.0,4.0,3.0,8.0,1287.0,,
3 Bedroom Apartment,2250000.0,3.0,2.0,2.0,,103 Zenith Drive,
3 Bedroom Townhouse,4995000.0,3.0,3.0,3.0,7169.0,8 Mvula Ln,
2 Bedroom Apartment,1650000.0,2.0,2.0,1.0,,"302 Le Boulevard, 47 Aurora Drive",
2 Bedroom Apartment,5300000.0,2.0,35.0,2.0,,101 Avanti,
2 Bedroom Apartment,3950000.0,2.0,2.0,2.0,,,
2 Bedroom Apartment,17500000.0,2.0,35.0,2.0,,505 Avanti,
2 Bedroom Apartment,850000.0,2.0,15.0,1.0,,,
2 Bedroom Apartment,5500000.0,2.0,2.0,2.0,,,
4 Bedroom Townhouse,2350000.0,4.0,2.0,1.0,,,
3 Bedroom Townhouse,1450000.0,3.0,1.0,1.0,,,
4 Bedroom Townhouse,1495000.0,4.0,2.0,3.0,16185.0,,
2 Bedroom Apartment,1060000.0,2.0,2.0,2.0,,,
4 Bedroom House,1600000.0,4.0,,5.0,750.0,,
3 Bedroom Apartment,2650000.0,3.0,2.0,4.0,,,
2 Bedroom Apartment,995000.0,2.0,2.0,1.0,,,
3 Bedroom House,1800000.0,3.0,2.0,1.0,1000.0,,
3 Bedroom House,1900000.0,3.0,2.0,6.0,1255.0,,
3 Bedroom House,950000.0,3.0,1.0,3.0,556.0,17 Sastri Circle,
2 Bedroom Apartment,595000.0,2.0,1.0,2.0,,,
3 Bedroom Townhouse,2250000.0,3.0,25.0,2.0,6418.0,,
3 Bedroom Apartment,1295000.0,3.0,2.0,2.0,,,
3 Bedroom Townhouse,1250000.0,3.0,1.0,2.0,4087.0,"2 Clarke Road, 57 Clarke Road",
2 Bedroom Apartment,995000.0,2.0,2.0,1.0,,,
3 Bedroom Townhouse,5600000.0,3.0,25.0,2.0,13321.0,"13 Ss Luxe Zimbali, 2 Zimbali Drive, Unit 13 Luxe Zimbali",
2 Bedroom Apartment,1280000.0,2.0,2.0,2.0,80.0,,
2 Bedroom Townhouse,832000.0,2.0,1.0,3.0,220.0,"Capital Hill Estate, Bishopstowe",
3 Bedroom House,1645000.0,3.0,2.0,4.0,1100.0,,
2 Bedroom Apartment,690000.0,2.0,1.0,,,,
2.5 Bedroom Apartment,699000.0,25.0,15.0,1.0,,,
3 Bedroom Townhouse,1395000.0,3.0,2.0,1.0,,,
2 Bedroom Apartment,899990.0,2.0,1.0,2.0,,,
12 Bedroom House,13000000.0,12.0,10.0,16.0,2634.0,,
2 Bedroom Apartment,690000.0,2.0,1.0,,,,
4 Bedroom House,3999000.0,4.0,3.0,6.0,1662.0,,
2 Bedroom Apartment,3399999.0,2.0,2.0,1.0,,,
2 Bedroom Apartment,470000.0,2.0,1.0,1.0,,,
4 Bedroom Apartment,12500000.0,4.0,3.0,3.0,,,
4 Bedroom House,2050000.0,4.0,3.0,3.0,,198 Jocelyn Street,
4 Bedroom Apartment,2850000.0,4.0,3.0,2.0,,197 Lambert Road,
2 Bedroom Apartment,695000.0,2.0,1.0,1.0,,,
4 Bedroom Apartment,7995000.0,4.0,3.0,1.0,,"Unit 21, One On Seaton",
2.5 Bedroom Apartment,1050000.0,25.0,1.0,2.0,,,
4 Bedroom House,9560000.0,4.0,4.0,10.0,1283.0,44 Milkwood Drive,
3 Bedroom House,1100000.0,3.0,2.0,5.0,977.0,,
5 Bedroom House,3950000.0,5.0,6.0,10.0,2591.0,,
4 Bedroom House,2700000.0,4.0,4.0,2.0,3050.0,,
2 Bedroom House,950000.0,2.0,1.0,1.0,420.0,,
1.5 Bedroom Apartment,995000.0,15.0,1.0,3.0,,,
2 Bedroom Apartment,2575000.0,2.0,2.0,2.0,,,
6 Bedroom House,7000000.0,6.0,6.0,12.0,1585.0,,
3 Bedroom House,5700000.0,3.0,4.0,6.0,,,
4 Bedroom House,1945000.0,4.0,25.0,2.0,1019.0,,
3 Bedroom Townhouse,3950000.0,3.0,2.0,4.0,,,
10 Bedroom House,3200000.0,10.0,10.0,10.0,,,
3 Bedroom House,2999000.0,3.0,2.0,2.0,,,
7 Bedroom House,3500000.0,7.0,3.0,2.0,3635.0,,
3 Bedroom House,1380000.0,3.0,2.0,6.0,1709.0,,
Apartment,987000.0,,1.0,1.0,,,
3 Bedroom House,1295000.0,3.0,2.0,2.0,,,
2 Bedroom Apartment,1640000.0,2.0,1.0,1.0,,,
4 Bedroom Apartment,1250000.0,4.0,2.0,2.0,,,
3 Bedroom Townhouse,3950000.0,3.0,2.0,4.0,,,
5 Bedroom House,5650000.0,5.0,3.0,7.0,3650.0,,
1 Bedroom House,995000.0,1.0,1.0,2.0,5416.0,,
3 Bedroom House,780000.0,3.0,15.0,7.0,311.0,,
3 Bedroom House,3970000.0,3.0,25.0,11.0,667.0,,
2 Bedroom Apartment,3400000.0,2.0,2.0,2.0,,,
2 Bedroom Apartment,815000.0,2.0,1.0,1.0,,27 Marine Drive,
3 Bedroom Townhouse,1200000.0,3.0,15.0,1.0,4784.0,319 Clark Road,
2 Bedroom Apartment,1600000.0,2.0,2.0,,,,
2 Bedroom Apartment,1200000.0,2.0,2.0,1.0,,,
3 Bedroom House,650000.0,3.0,1.0,1.0,338.0,,
3 Bedroom Townhouse,4995000.0,3.0,35.0,2.0,,"48 Sea La Vie, 1 Mvula Lane",
5 Bedroom House,1820000.0,5.0,3.0,2.0,1360.0,,
2 Bedroom Apartment,2195000.0,2.0,1.0,1.0,21.0,,
5 Bedroom House,1950000.0,5.0,3.0,2.0,856.0,58 Varsity Drive,
2 Bedroom House,1100000.0,2.0,2.0,4.0,1323.0,,
2 Bedroom Apartment,1290000.0,2.0,1.0,1.0,,194 Stephen Dlamini Road,
2 Bedroom Apartment,880000.0,2.0,2.0,2.0,,98 Duke Road,
3 Bedroom House,800000.0,3.0,15.0,8.0,560.0,,
2 Bedroom Apartment,2700000.0,2.0,2.0,1.0,,2 East Row,
3 Bedroom Townhouse,2900000.0,3.0,2.0,2.0,,,
3 Bedroom Townhouse,4995000.0,3.0,3.0,,7169.0,,
3 Bedroom Townhouse,4300000.0,3.0,2.0,1.0,,25 The Sanctuary,
3 Bedroom House,900000.0,3.0,,5.0,672.0,,
3 Bedroom Townhouse,1200000.0,3.0,15.0,1.0,4784.0,319 Clark Road,
9 Bedroom House,4240000.0,9.0,9.0,2.0,2161.0,,
2 Bedroom Apartment,625000.0,2.0,1.0,2.0,,,
10 Bedroom House,5000000.0,10.0,75.0,9.0,1067.0,,
4 Bedroom House,5199000.0,4.0,3.0,4.0,504.0,,
3 Bedroom Apartment,1400000.0,3.0,2.0,2.0,,,
4 Bedroom Apartment,3745000.0,4.0,4.0,3.0,,,
3 Bedroom Townhouse,1595000.0,3.0,2.0,2.0,3164.0,3 Edgeware Road,
3 Bedroom House,850000.0,3.0,2.0,2.0,457.0,,
5 Bedroom House,5700000.0,5.0,4.0,8.0,2807.0,16 Barnstable,
3 Bedroom Apartment,3400000.0,3.0,3.0,2.0,,,
3 Bedroom Apartment,2780000.0,3.0,2.0,1.0,,74 Jacana,
3 Bedroom Apartment,2395000.0,3.0,2.0,2.0,,"101 98, 98 Gordon Road",
2 Bedroom Apartment,2000000.0,2.0,2.0,1.0,,"210 San Lameer, R61 Lower South Coast Road, San Lameer, San Lameer",
2 Bedroom Townhouse,1395000.0,2.0,2.0,3.0,,,
6 Bedroom House,2495000.0,6.0,4.0,5.0,700.0,,
3 Bedroom Townhouse,1280000.0,3.0,2.0,3.0,1766.0,13 Davies Crescent,
2 Bedroom Apartment,1125000.0,2.0,1.0,1.0,,"Unit 141 Burra Close, Bliss Ballitto",
2 Bedroom Apartment,705000.0,2.0,1.0,1.0,,,
2 Bedroom Apartment,750000.0,2.0,15.0,1.0,,,
2 Bedroom Townhouse,1395000.0,2.0,2.0,3.0,,,
2.5 Bedroom Apartment,995000.0,25.0,15.0,1.0,,,
2 Bedroom House,400000.0,2.0,1.0,,,,
4 Bedroom House,2349000.0,4.0,3.0,4.0,,,
1 Bedroom Apartment,430000.0,1.0,1.0,1.0,,,
2 Bedroom Apartment,1150000.0,2.0,1.0,1.0,,,
8 Bedroom House,6900000.0,8.0,6.0,10.0,17261.0,,
3 Bedroom Townhouse,3695000.0,3.0,2.0,1.0,,"5 The Links, 98 Edgeview Drive, Kindlewood Estate",
4 Bedroom House,1500000.0,4.0,2.0,5.0,1426.0,,
4 Bedroom House,1065000.0,4.0,2.0,1.0,,,
8 Bedroom House,6900000.0,8.0,6.0,10.0,17261.0,,
2 Bedroom Apartment,775000.0,2.0,1.0,1.0,,,
3 Bedroom House,1750000.0,3.0,2.0,2.0,1680.0,,
2 Bedroom Apartment,695000.0,2.0,1.0,2.0,,,
2 Bedroom Apartment,699999.0,2.0,2.0,1.0,,,
4 Bedroom House,1790000.0,4.0,2.0,2.0,,,
8 Bedroom House,4175000.0,8.0,3.0,3.0,24250.0,,
5 Bedroom Townhouse,3500000.0,5.0,4.0,4.0,523.0,,
1 Bedroom Apartment,950000.0,1.0,1.0,,,,
9 Bedroom House,1850000.0,9.0,3.0,7.0,979.0,,
5 Bedroom House,1195000.0,5.0,2.0,1.0,241.0,,
3 Bedroom House,1585000.0,3.0,2.0,4.0,929.0,,
5 Bedroom House,1550000.0,5.0,2.0,17.0,673.0,,
3 Bedroom Apartment,4495000.0,3.0,3.0,2.0,,,
13 Bedroom Apartment,3750000.0,13.0,10.0,,,,
2 Bedroom Apartment,600000.0,2.0,1.0,1.0,,,
3 Bedroom Apartment,14850000.0,3.0,35.0,8.0,,,
2 Bedroom Apartment,460000.0,2.0,1.0,2.0,,,
4 Bedroom House,1380000.0,4.0,2.0,2.0,,,
1 Bedroom Apartment,1800000.0,1.0,1.0,1.0,,,
3 Bedroom Apartment,3600000.0,3.0,2.0,1.0,,,
2 Bedroom Apartment,900000.0,2.0,2.0,,,,
Apartment,1995000.0,,,,,,
1.5 Bedroom Apartment,575000.0,15.0,1.0,,,,
3 Bedroom House,1250000.0,3.0,2.0,3.0,,,
13 Bedroom Apartment,3750000.0,13.0,10.0,,,,
Apartment,550000.0,,1.0,,1757.0,,
11 Bedroom House,2690000.0,11.0,10.0,10.0,78.0,,
1 Bedroom Apartment,799000.0,1.0,1.0,1.0,1757.0,,
1 Bedroom Apartment,649000.0,1.0,1.0,1.0,,,
2 Bedroom Apartment,700000.0,2.0,1.0,1.0,,,
3 Bedroom House,415000.0,3.0,1.0,6.0,,,
1 Bedroom Apartment,730000.0,1.0,1.0,2.0,,,
2 Bedroom Townhouse,700000.0,2.0,1.0,2.0,,,
2 Bedroom Townhouse,860000.0,2.0,1.0,1.0,,,
4 Bedroom House,1315000.0,4.0,2.0,6.0,1006.0,,
2 Bedroom Townhouse,1599000.0,2.0,2.0,2.0,142476.0,2 Brackenhill Rd,
2 Bedroom Apartment,520000.0,2.0,1.0,,,,
3 Bedroom Apartment,990000.0,3.0,2.0,2.0,,,
2.5 Bedroom Apartment,850000.0,25.0,1.0,2.0,,,
2 Bedroom Apartment,795000.0,2.0,1.0,1.0,,,
2 Bedroom Apartment,1625000.0,2.0,2.0,1.0,,,
2 Bedroom House,1575000.0,2.0,2.0,2.0,126.0,,
3 Bedroom House,1850000.0,3.0,2.0,4.0,2397.0,,
3 Bedroom Townhouse,2350000.0,3.0,2.0,6.0,,,
6 Bedroom House,2695000.0,6.0,4.0,9.0,1509.0,,
1 Bedroom Apartment,990000.0,1.0,15.0,2.0,,98 Vause Road,
3 Bedroom House,2500000.0,3.0,2.0,2.0,936.0,,
2 Bedroom Apartment,1625000.0,2.0,2.0,1.0,,,
3 Bedroom Townhouse,1795000.0,3.0,2.0,2.0,282.0,,
3 Bedroom Townhouse,1950000.0,3.0,2.0,2.0,,,
3 Bedroom House,4950000.0,3.0,2.0,10.0,1223.0,,
3 Bedroom Townhouse,2495000.0,3.0,2.0,3.0,,,
4 Bedroom House,1895000.0,4.0,4.0,5.0,1460.0,,
3 Bedroom Townhouse,2450000.0,3.0,25.0,5.0,,263 Inanda Rd,
3 Bedroom Apartment,1270000.0,3.0,2.0,1.0,,,
3 Bedroom Apartment,1200000.0,3.0,2.0,1.0,,,
2 Bedroom Apartment,1150000.0,2.0,2.0,3.0,,1a Ramsay Road,
2 Bedroom Apartment,795000.0,2.0,1.0,1.0,,,
1 Bedroom Apartment,1198000.0,1.0,1.0,1.0,,,
4 Bedroom House,2295000.0,4.0,3.0,6.0,1333.0,,
3 Bedroom Apartment,6899999.0,3.0,3.0,2.0,,,
4 Bedroom House,11500000.0,4.0,4.0,4.0,1192.0,9 Brittlewood Drive,
2 Bedroom Apartment,1290000.0,2.0,1.0,1.0,,,
2 Bedroom Apartment,995000.0,2.0,2.0,2.0,,,
4 Bedroom House,1195000.0,4.0,3.0,4.0,354.0,,
3 Bedroom Townhouse,4500000.0,3.0,35.0,4.0,,"36 The Abrey, 120 Abrey Road",
3 Bedroom Apartment,6899999.0,3.0,3.0,2.0,,,
3 Bedroom House,3950000.0,3.0,2.0,6.0,1145.0,357 Chantilly Lane,
4 Bedroom Apartment,9750000.0,4.0,3.0,2.0,,24 Lagoon Drive,
2 Bedroom Apartment,1950000.0,2.0,2.0,2.0,,20 Newlands Drive,
5 Bedroom House,3000000.0,5.0,6.0,12.0,709.0,,
5 Bedroom House,3995000.0,5.0,45.0,6.0,2465.0,,
3 Bedroom House,660000.0,3.0,1.0,4.0,200.0,,
2 Bedroom Apartment,975000.0,2.0,2.0,1.0,,,
3 Bedroom Apartment,5499999.0,3.0,3.0,2.0,,"4 One On Seaton, 1 Seaton Boulevard",
3 Bedroom Townhouse,9450000.0,3.0,6.0,3.0,5885.0,,
1 Bedroom Apartment,1650000.0,1.0,1.0,1.0,,,
3 Bedroom Townhouse,970000.0,3.0,2.0,1.0,4116.0,,
3 Bedroom Townhouse,970000.0,3.0,2.0,1.0,4116.0,,
3 Bedroom Apartment,3200000.0,3.0,25.0,2.0,,,
2 Bedroom Townhouse,860000.0,2.0,,,1562.0,,
5 Bedroom House,1795000.0,5.0,45.0,3.0,655.0,,
4 Bedroom Apartment,3900000.0,4.0,5.0,4.0,,,
10 Bedroom House,7790000.0,10.0,6.0,8.0,2024.0,,
3 Bedroom House,1400000.0,3.0,25.0,4.0,975.0,,
1 Bedroom Apartment,1650000.0,1.0,1.0,1.0,,,
2 Bedroom Apartment,1500000.0,2.0,2.0,2.0,,,
2 Bedroom Apartment,1170000.0,2.0,2.0,1.0,,,
1 Bedroom Apartment,570000.0,1.0,1.0,2.0,,,
3 Bedroom Apartment,2390000.0,3.0,2.0,2.0,,,
2 Bedroom Apartment,865000.0,2.0,2.0,1.0,,,
3 Bedroom Townhouse,2650000.0,3.0,2.0,2.0,,,
2 Bedroom Apartment,3700000.0,2.0,2.0,2.0,,,
2 Bedroom Apartment,865000.0,2.0,1.0,1.0,,,
3 Bedroom Apartment,3400000.0,3.0,2.0,2.0,,,
3 Bedroom Townhouse,1650000.0,3.0,25.0,2.0,38390.0,,
2 Bedroom Apartment,1850000.0,2.0,2.0,1.0,,"D3 Ss Azure, 138 South Beach Road , Unit D3 Azure",
3 Bedroom Townhouse,5800000.0,3.0,3.0,4.0,,,
30 Bedroom Apartment,16000000.0,30.0,27.0,24.0,4048.0,,
2 Bedroom Townhouse,1050000.0,2.0,1.0,3.0,3192.0,,
3 Bedroom Apartment,995000.0,3.0,2.0,1.0,,18 Lagoon Road,
5 Bedroom Townhouse,2795000.0,5.0,3.0,2.0,,"9 Tuscony Grove, 298 Mazisi Kunene Road",
4 Bedroom House,5450000.0,4.0,4.0,2.0,454.0,36 Brooklyn Estate,
3 Bedroom Apartment,1450000.0,3.0,2.0,,,5 Selvey Avenue,
2 Bedroom Apartment,740000.0,2.0,1.0,1.0,,1240 Cowrie Road,
3 Bedroom Apartment,1899000.0,3.0,2.0,2.0,,"Unique, 36 Manning Street",
2 Bedroom Apartment,895000.0,2.0,1.0,1.0,,,
3 Bedroom House,680000.0,3.0,2.0,1.0,,,
2 Bedroom Apartment,650000.0,2.0,2.0,1.0,,15 Erasmus Road,
4 Bedroom Apartment,644995.0,4.0,2.0,1.0,,"18 8 Ss Killarney, 18 Killarney",
2 Bedroom House,1295000.0,2.0,2.0,3.0,201.0,50a Bushwillow,
3 Bedroom Apartment,1795000.0,3.0,2.0,2.0,,,
2 Bedroom Townhouse,840000.0,2.0,2.0,2.0,146.0,"Riviera Mews, 3 Riviera Crescent",
3 Bedroom Townhouse,1295000.0,3.0,2.0,2.0,,,
2 Bedroom Apartment,3600000.0,2.0,2.0,2.0,,1 Blue Heron Street,
2 Bedroom Townhouse,1050000.0,2.0,1.0,3.0,3192.0,,
1 Bedroom Apartment,550000.0,1.0,,1.0,,,
4 Bedroom House,3250000.0,4.0,2.0,2.0,11406.0,,
3 Bedroom Apartment,11805000.0,3.0,35.0,1.0,,,
3 Bedroom House,1675000.0,3.0,2.0,5.0,255.0,,
3 Bedroom Apartment,1195000.0,3.0,15.0,2.0,,,
1 Bedroom Apartment,2200000.0,1.0,1.0,1.0,,,
3 Bedroom Apartment,10850000.0,3.0,35.0,1.0,,,
1.5 Bedroom Apartment,895000.0,15.0,15.0,,6949.0,,
3 Bedroom Townhouse,695000.0,3.0,1.0,2.0,191.0,,
1 Bedroom Apartment,2208675.0,1.0,1.0,2.0,,,
5 Bedroom Townhouse,10750000.0,5.0,5.0,4.0,,,
2 Bedroom Apartment,650000.0,2.0,1.0,,,,
3 Bedroom Apartment,4150000.0,3.0,2.0,2.0,,,
4 Bedroom Apartment,1950000.0,4.0,25.0,2.0,,,
3 Bedroom Townhouse,3950000.0,3.0,2.0,2.0,,,
4 Bedroom House,1450000.0,4.0,3.0,3.0,1599.0,,
3 Bedroom Apartment,650000.0,3.0,1.0,,,,
3 Bedroom House,1395000.0,3.0,15.0,5.0,842.0,,
2 Bedroom Apartment,5500000.0,2.0,2.0,3.0,,,
4 Bedroom Townhouse,1389000.0,4.0,2.0,3.0,74.0,,
Apartment,595000.0,,1.0,1.0,,,
4 Bedroom House,1450000.0,4.0,3.0,3.0,1599.0,,
3 Bedroom House,1100000.0,3.0,1.0,2.0,1483.0,8 Carlton Road,
1 Bedroom Apartment,600000.0,1.0,15.0,,,,
2 Bedroom Apartment,995000.0,2.0,2.0,1.0,,,
2 Bedroom Apartment,640000.0,2.0,1.0,2.0,,,
4 Bedroom House,1300000.0,4.0,2.0,14.0,1536.0,29 Violet Road,
3 Bedroom House,1750000.0,3.0,2.0,2.0,971.0,,
2 Bedroom Apartment,590000.0,2.0,1.0,,,,
4 Bedroom House,4650000.0,4.0,4.0,4.0,2000.0,"445 Abelia Crescent, Sea Park",
4 Bedroom House,995000.0,4.0,2.0,3.0,260.0,,
2 Bedroom Apartment,1295000.0,2.0,1.0,2.0,,,
1 Bedroom Apartment,1995000.0,1.0,1.0,1.0,,,
3 Bedroom Apartment,1695000.0,3.0,2.0,1.0,2208.0,,
4 Bedroom House,940000.0,4.0,2.0,4.0,252.0,,
3 Bedroom House,2250000.0,3.0,3.0,6.0,1502.0,,
3 Bedroom Apartment,2200000.0,3.0,2.0,2.0,,"1 Wakenshaw Simplex, 35 Chapman Drive",
2 Bedroom Apartment,1190000.0,2.0,15.0,1.0,,100 Musgrave Rd,
3 Bedroom House,2250000.0,3.0,3.0,6.0,1502.0,,
3 Bedroom House,550000.0,3.0,1.0,,,,
2 Bedroom Apartment,2800000.0,2.0,2.0,2.0,,,
5 Bedroom Townhouse,2795000.0,5.0,3.0,4.0,5060.0,,
2 Bedroom Apartment,3950000.0,2.0,2.0,2.0,,,
3 Bedroom House,690000.0,3.0,15.0,1.0,510.0,,
2 Bedroom Townhouse,3300000.0,2.0,2.0,3.0,,,
3 Bedroom Townhouse,2100000.0,3.0,2.0,2.0,,,
2 Bedroom Apartment,975000.0,2.0,2.0,1.0,,,
2 Bedroom Apartment,1095000.0,2.0,2.0,2.0,,,
6 Bedroom House,1990000.0,6.0,3.0,6.0,1395.0,,
Apartment,350000.0,,1.0,1.0,,,
4 Bedroom House,16900000.0,4.0,2.0,2.0,2000.0,,
1 Bedroom Apartment,620000.0,1.0,1.0,1.0,,,
3 Bedroom House,499000.0,3.0,1.0,2.0,190.0,,
5 Bedroom House,28000000.0,5.0,75.0,11.0,2236.0,,
3 Bedroom Apartment,720000.0,3.0,2.0,1.0,,,
5 Bedroom House,1290000.0,5.0,2.0,4.0,263.0,,
3 Bedroom Apartment,2999000.0,3.0,3.0,4.0,,,
2 Bedroom Apartment,750000.0,2.0,1.0,1.0,,,
5 Bedroom House,1550000.0,5.0,,,989.0,,
3 Bedroom House,499000.0,3.0,1.0,2.0,190.0,,
2 Bedroom House,1195000.0,2.0,1.0,,524.0,,
1 Bedroom Apartment,395000.0,1.0,1.0,1.0,,,
2 Bedroom House,595000.0,2.0,1.0,3.0,261.0,,
2 Bedroom Apartment,595000.0,2.0,1.0,1.0,,,
4 Bedroom House,2750000.0,4.0,3.0,2.0,1330.0,,
2 Bedroom Apartment,930000.0,2.0,1.0,1.0,,,
3 Bedroom Apartment,3850000.0,3.0,2.0,2.0,,"705 262 Florida Road, 262 Florida Road",
2 Bedroom Apartment,990000.0,2.0,2.0,1.0,,46 Arbour Road,
2 Bedroom Apartment,850000.0,2.0,15.0,2.0,,,
3 Bedroom House,5100000.0,3.0,3.0,7.0,1040.0,,
3 Bedroom House,1250000.0,3.0,2.0,3.0,1017.0,,
2 Bedroom Apartment,1390000.0,2.0,2.0,1.0,,,
4 Bedroom House,2120000.0,4.0,25.0,5.0,983.0,,
4 Bedroom House,2200000.0,4.0,3.0,12.0,1174.0,100 Flamboyant Drive,
2 Bedroom Townhouse,1530000.0,2.0,2.0,2.0,136.0,,
3 Bedroom Townhouse,5050000.0,3.0,2.0,2.0,40563.0,,
2 Bedroom Apartment,1390000.0,2.0,2.0,1.0,,,
2 Bedroom Apartment,1250000.0,2.0,15.0,1.0,,"12 Carn Brea, 238 St Thomas Road",
2 Bedroom House,2745000.0,2.0,2.0,4.0,1189.0,,
3 Bedroom House,1499000.0,3.0,2.0,6.0,1907.0,,
3 Bedroom Townhouse,1495000.0,3.0,25.0,3.0,1841.0,,
3 Bedroom House,5595000.0,3.0,2.0,4.0,810.0,,
4 Bedroom Apartment,6500000.0,4.0,35.0,2.0,,249 Montpelier Rd,
2 Bedroom Apartment,780000.0,2.0,1.0,2.0,,,
4 Bedroom House,4995000.0,4.0,4.0,2.0,,5 Deerhurst Link,
4 Bedroom House,1195000.0,4.0,2.0,4.0,1190.0,"34, 34 Westward",
4 Bedroom House,1600000.0,4.0,3.0,5.0,1035.0,,
3 Bedroom Apartment,1375000.0,3.0,2.0,2.0,,,
4 Bedroom House,5100000.0,4.0,45.0,2.0,4890.0,11 Msonti Road,
5 Bedroom House,8500000.0,5.0,35.0,9.0,1485.0,41 Glen Drive,
4 Bedroom Townhouse,13950000.0,4.0,4.0,2.0,16877.0,"9 Ss Setai, 9 Setai",
3 Bedroom Townhouse,945000.0,3.0,2.0,2.0,20257.0,,
5 Bedroom House,4500000.0,5.0,5.0,6.0,1331.0,20 Glen Drive,
4 Bedroom Apartment,5500000.0,4.0,3.0,2.0,,"20 Ss Setai, 1c Forestwood Drive, Unit 20 Setai",
4 Bedroom House,6950000.0,4.0,35.0,6.0,1291.0,335 Nkwazi Ridge,
4 Bedroom House,3950000.0,4.0,45.0,7.0,1301.0,104 Nkwazi Drive,
3 Bedroom Apartment,5500000.0,3.0,3.0,2.0,,"6 Ss THE Admiralty, 14 Beach Road",
2 Bedroom Apartment,930000.0,2.0,1.0,1.0,,"9 Ss Branderkant, 2049 Ray Road",
3 Bedroom House,850000.0,3.0,2.0,2.0,128.0,,
3 Bedroom Apartment,980000.0,3.0,25.0,2.0,,1 Edgeware Road,
4 Bedroom Apartment,950000.0,4.0,2.0,1.0,,"Chelston, 58 Queen Street",
3 Bedroom House,1300000.0,3.0,2.0,2.0,946.0,11 Acacia Road,
2 Bedroom Apartment,660000.0,2.0,1.0,2.0,,,
3 Bedroom Townhouse,4195000.0,3.0,3.0,2.0,8666.0,,
3 Bedroom Townhouse,1100000.0,3.0,3.0,2.0,,,
4 Bedroom House,1600000.0,4.0,3.0,5.0,1035.0,,
1 Bedroom House,220000.0,1.0,1.0,,,,
2 Bedroom Apartment,995000.0,2.0,2.0,1.0,,,
4 Bedroom House,3950000.0,4.0,4.0,10.0,1408.0,,
4 Bedroom House,1495000.0,4.0,3.0,12.0,1474.0,,
3 Bedroom Townhouse,1450000.0,3.0,2.0,3.0,,,
6 Bedroom House,1745000.0,6.0,3.0,4.0,919.0,,
3 Bedroom House,3200000.0,3.0,2.0,5.0,1100.0,,
2 Bedroom Townhouse,695000.0,2.0,1.0,4.0,177.0,,
2 Bedroom Apartment,750000.0,2.0,1.0,,,,
Apartment,650000.0,,1.0,,,47 South Beach Avenue,
3 Bedroom Townhouse,1500000.0,3.0,25.0,3.0,16703.0,,
2.5 Bedroom Apartment,840000.0,25.0,1.0,1.0,,,
3 Bedroom House,730000.0,3.0,1.0,2.0,467.0,,
2 Bedroom Townhouse,1220000.0,2.0,2.0,3.0,4419.0,,
3 Bedroom House,3200000.0,3.0,2.0,5.0,1100.0,,
2 Bedroom Apartment,925000.0,2.0,2.0,2.0,,,
4 Bedroom Townhouse,690000.0,4.0,1.0,1.0,11775.0,,
4 Bedroom House,2399000.0,4.0,35.0,4.0,1288.0,,
2 Bedroom Apartment,899000.0,2.0,1.0,1.0,82.0,,
2 Bedroom Apartment,2750000.0,2.0,2.0,3.0,,,
2 Bedroom Apartment,2000000.0,2.0,2.0,2.0,,,
House,3295000.0,,,,1877.0,,
1 Bedroom Apartment,1950000.0,1.0,1.0,1.0,,Zimbali,
1 Bedroom House,495000.0,1.0,1.0,1.0,,"19 Inchanga Park (kingfisher Drive), 1971 Old Main Road (inchanga Park)",
4 Bedroom House,2600000.0,4.0,3.0,2.0,1012.0,,
5 Bedroom House,8750000.0,5.0,4.0,2.0,1287.0,,
4 Bedroom House,999999.0,4.0,1.0,1.0,,,
4 Bedroom Townhouse,1000000.0,4.0,3.0,1.0,830.0,,
4 Bedroom Townhouse,1000000.0,4.0,3.0,1.0,830.0,,
2 Bedroom Townhouse,1380000.0,2.0,1.0,1.0,879.0,,
6 Bedroom House,2695000.0,6.0,3.0,10.0,1440.0,,
4 Bedroom House,2399000.0,4.0,3.0,4.0,1873.0,,
0.5 Bedroom Apartment,350000.0,5.0,1.0,,,,
3 Bedroom House,990000.0,3.0,2.0,5.0,982.0,,
3 Bedroom Townhouse,5950000.0,3.0,2.0,3.0,9788.0,,
1 Bedroom Apartment,950000.0,1.0,1.0,1.0,,19a Sun and Surf,
3 Bedroom House,1695000.0,3.0,2.0,4.0,1155.0,,
2 Bedroom Apartment,1130000.0,2.0,1.0,2.0,,,
3 Bedroom Townhouse,2975000.0,3.0,25.0,4.0,874.0,"24 Hazelview, 29 Assagay Crescent",
4 Bedroom Apartment,2195000.0,4.0,2.0,2.0,,2 Forest Road,
3 Bedroom Apartment,7450000.0,3.0,3.0,2.0,,,
4 Bedroom House,3120000.0,4.0,4.0,4.0,1041.0,41 Salmon Drive,
1 Bedroom Apartment,840000.0,1.0,1.0,1.0,,,
7 Bedroom House,4195000.0,7.0,8.0,14.0,902.0,,
3 Bedroom House,950000.0,3.0,2.0,6.0,602.0,,
3 Bedroom House,1999950.0,3.0,2.0,5.0,1034.0,,
5 Bedroom House,1850000.0,5.0,4.0,2.0,1959.0,1017 Fascadale Road,
2 Bedroom House,750000.0,2.0,1.0,3.0,297.0,,
2 Bedroom Apartment,6500000.0,2.0,25.0,2.0,,,
2 Bedroom Apartment,800000.0,2.0,2.0,2.0,,,
4 Bedroom House,2295000.0,4.0,2.0,1.0,1395.0,5 Lonetree,
2 Bedroom Apartment,820000.0,2.0,1.0,1.0,,60 Alan Paton Avenue,
1 Bedroom Apartment,900000.0,1.0,1.0,1.0,,,
2 Bedroom Apartment,3000000.0,2.0,2.0,2.0,,,
2 Bedroom Apartment,745000.0,2.0,1.0,1.0,,,
2 Bedroom Apartment,725000.0,2.0,2.0,1.0,,,
4 Bedroom House,2225000.0,4.0,2.0,6.0,2229.0,,
2 Bedroom Apartment,3000000.0,2.0,2.0,2.0,,,
4 Bedroom House,1850000.0,4.0,3.0,6.0,1745.0,,
3 Bedroom Townhouse,1200000.0,3.0,2.0,2.0,8999.0,,
5 Bedroom House,1950000.0,5.0,25.0,6.0,1837.0,,
2 Bedroom House,575000.0,2.0,1.0,4.0,329.0,,
2 Bedroom Apartment,999000.0,2.0,1.0,1.0,,"76 Manor Estates, 1 Old Main Road",
4 Bedroom House,3300000.0,4.0,3.0,,5710.0,50/53 Mark/kruger,
3 Bedroom House,3750000.0,3.0,2.0,4.0,1480.0,,
3 Bedroom Apartment,3980000.0,3.0,3.0,2.0,,,
9 Bedroom House,3795000.0,9.0,2.0,,1032.0,,
2 Bedroom Apartment,2590000.0,2.0,2.0,2.0,,,
4 Bedroom Townhouse,1050000.0,4.0,2.0,2.0,,,
2 Bedroom Apartment,795000.0,2.0,1.0,2.0,,80 Currie Road,
1 Bedroom Apartment,550000.0,1.0,1.0,1.0,,,
2 Bedroom Apartment,1182000.0,2.0,2.0,1.0,,,
5 Bedroom House,1795000.0,5.0,35.0,3.0,2046.0,,
4 Bedroom Townhouse,1050000.0,4.0,2.0,2.0,,,
8 Bedroom House,4995000.0,8.0,3.0,6.0,1308.0,,
3 Bedroom Townhouse,1100000.0,3.0,3.0,3.0,306.0,,
3 Bedroom Townhouse,1299000.0,3.0,2.0,1.0,4047.0,,
4 Bedroom Apartment,1820000.0,4.0,3.0,3.0,,,
1 Bedroom Apartment,775000.0,1.0,1.0,,,,
1 Bedroom Apartment,1350000.0,1.0,1.0,1.0,,,
3 Bedroom Townhouse,1350000.0,3.0,2.0,1.0,7451.0,,
7 Bedroom House,3200000.0,7.0,7.0,8.0,1122.0,,
3 Bedroom Apartment,700000.0,3.0,2.0,1.0,,,
3 Bedroom House,1550000.0,3.0,25.0,2.0,607.0,,
6 Bedroom House,2799000.0,6.0,35.0,6.0,901.0,,
2 Bedroom Apartment,890000.0,2.0,1.0,1.0,,,
0.5 Bedroom Apartment,290000.0,5.0,1.0,,,,
0.5 Bedroom Apartment,290000.0,5.0,1.0,,,,
2 Bedroom Apartment,2499000.0,2.0,2.0,1.0,,"Ss Grosvenor Court, 41 Snell Parade,",
3 Bedroom Apartment,8950000.0,3.0,3.0,5.0,,"3 Ss Sawubona, 14 Forestwood Drive, 3 Sawubona",
1 Bedroom Apartment,1310000.0,1.0,1.0,1.0,,,
2.5 Bedroom Apartment,2600000.0,25.0,2.0,3.0,,,
5 Bedroom House,4500000.0,5.0,4.0,20.0,11838.0,,
3 Bedroom Townhouse,1150000.0,3.0,2.0,1.0,4072.0,,
2 Bedroom Apartment,1350000.0,2.0,2.0,1.0,,,
7 Bedroom House,5825000.0,7.0,6.0,2.0,1214.0,,
3 Bedroom Apartment,975000.0,3.0,2.0,3.0,,,
2 Bedroom Townhouse,900000.0,2.0,2.0,3.0,,,
3 Bedroom House,6500000.0,3.0,35.0,7.0,3420.0,,
3 Bedroom House,750000.0,3.0,1.0,3.0,209.0,,
3 Bedroom Apartment,1050000.0,3.0,2.0,2.0,,,
1 Bedroom Townhouse,660000.0,1.0,1.0,1.0,26592.0,"26 Mtwalumi Holiday Resort, 92 Dek Road",
5 Bedroom House,1500000.0,5.0,32.0,8.0,1973.0,1723 Manaba Beach Rd,
3 Bedroom House,949000.0,3.0,25.0,8.0,600.0,,
4 Bedroom House,38000000.0,4.0,4.0,10.0,1984.0,12 Milkwood Drive,
3 Bedroom Apartment,1940000.0,3.0,2.0,2.0,,,
5 Bedroom House,2399000.0,5.0,4.0,7.0,4047.0,,
3 Bedroom Apartment,1200000.0,3.0,2.0,2.0,,,
3 Bedroom Apartment,9050000.0,3.0,3.0,2.0,,,
3 Bedroom Townhouse,3950000.0,3.0,3.0,4.0,400.0,,
2 Bedroom House,370000.0,2.0,1.0,3.0,,,
0.5 Bedroom Apartment,600000.0,5.0,1.0,,,,
5 Bedroom House,2800000.0,5.0,2.0,5.0,1566.0,25 Edward Street,
5 Bedroom House,5400000.0,5.0,55.0,13.0,,,
3 Bedroom House,1595000.0,3.0,1.0,4.0,538.0,,
2 Bedroom Apartment,975000.0,2.0,1.0,1.0,,,
3 Bedroom Apartment,9900000.0,3.0,3.0,7.0,,,
2 Bedroom Apartment,750000.0,2.0,1.0,1.0,,,
2 Bedroom Apartment,1250000.0,2.0,1.0,1.0,,,
2 Bedroom Apartment,795000.0,2.0,1.0,1.0,,,
1 Bedroom Apartment,550000.0,1.0,1.0,,,"96 Guildhall, 25 Dorothy Nyembe Street",
2 Bedroom Apartment,800000.0,2.0,1.0,2.0,,,
2 Bedroom Apartment,795000.0,2.0,1.0,1.0,,,
6 Bedroom House,17995000.0,6.0,7.0,12.0,1292.0,,
2 Bedroom Apartment,1092000.0,2.0,1.0,,,,
3 Bedroom Apartment,2050000.0,3.0,2.0,2.0,2023.0,,
3 Bedroom House,4200000.0,3.0,2.0,2.0,403.0,,
2 Bedroom Apartment,1895000.0,2.0,2.0,1.0,,,
2 Bedroom Apartment,1100000.0,2.0,1.0,2.0,,,
Apartment,1250000.0,,1.0,1.0,,,
3 Bedroom Apartment,4644000.0,3.0,2.0,2.0,,,
2 Bedroom Apartment,950000.0,2.0,2.0,1.0,,,
4 Bedroom House,1795000.0,4.0,3.0,2.0,1672.0,,
3 Bedroom Apartment,800000.0,3.0,2.0,1.0,,,
2 Bedroom Townhouse,2495000.0,2.0,2.0,2.0,9320.0,,
8 Bedroom Apartment,2800000.0,8.0,8.0,8.0,,,
1 Bedroom Apartment,1795000.0,1.0,1.0,1.0,,,
2 Bedroom Apartment,1895000.0,2.0,2.0,1.0,,,
1.5 Bedroom Apartment,849000.0,15.0,1.0,2.0,,,
2 Bedroom Apartment,3500000.0,2.0,2.0,,,,
8 Bedroom House,3900000.0,8.0,2.0,20.0,1349.0,,
5 Bedroom House,1799000.0,5.0,4.0,5.0,7133.0,,
3 Bedroom Townhouse,3200000.0,3.0,25.0,3.0,235.0,,
2 Bedroom Apartment,820000.0,2.0,1.0,1.0,,,
3 Bedroom House,970000.0,3.0,2.0,3.0,1427.0,,
2 Bedroom Apartment,2950000.0,2.0,2.0,2.0,,,
3 Bedroom Apartment,1590000.0,3.0,2.0,2.0,,,
3 Bedroom House,770000.0,3.0,1.0,2.0,501.0,,
3 Bedroom House,1495000.0,3.0,2.0,3.0,1000.0,,
4 Bedroom House,495000.0,4.0,2.0,,296.0,,
3 Bedroom Townhouse,4995000.0,3.0,4.0,2.0,19607.0,,
3 Bedroom House,2495000.0,3.0,15.0,7.0,1012.0,,
3 Bedroom Townhouse,1630000.0,3.0,2.0,2.0,7906.0,,
4 Bedroom House,6250000.0,4.0,4.0,2.0,1515.0,,
2 Bedroom Townhouse,880000.0,2.0,2.0,1.0,,,
1.5 Bedroom Apartment,750000.0,15.0,1.0,1.0,,,
2 Bedroom House,460000.0,2.0,1.0,1.0,326.0,,
4 Bedroom House,2800000.0,4.0,2.0,4.0,2046.0,,
2 Bedroom Apartment,900000.0,2.0,2.0,1.0,,,
1 Bedroom Apartment,1695000.0,1.0,1.0,,,,
3 Bedroom House,2495000.0,3.0,15.0,7.0,1012.0,,
2 Bedroom Townhouse,1075000.0,2.0,1.0,1.0,24564.0,,
2 Bedroom Apartment,920000.0,2.0,2.0,2.0,,,
3 Bedroom Apartment,1450000.0,3.0,2.0,2.0,,,
4 Bedroom House,900000.0,4.0,1.0,11.0,1607.0,,
2 Bedroom Apartment,475000.0,2.0,1.0,1.0,,47 Morcom Road,
3 Bedroom Apartment,799000.0,3.0,1.0,1.0,,,
3 Bedroom Townhouse,790000.0,3.0,2.0,2.0,,,
1 Bedroom Apartment,1500000.0,1.0,1.0,1.0,,17 Bellamont Road,
2 Bedroom House,1095000.0,2.0,1.0,2.0,836.0,,
3 Bedroom House,1650000.0,3.0,2.0,3.0,1176.0,,
3 Bedroom House,4490000.0,3.0,25.0,4.0,518.0,,
3 Bedroom Townhouse,1195000.0,3.0,3.0,2.0,,,
2 Bedroom Apartment,1120000.0,2.0,1.0,1.0,,42 Middleton Road,
4 Bedroom Apartment,2490000.0,4.0,35.0,2.0,,,
3 Bedroom House,1350000.0,3.0,2.0,4.0,371.0,,
2 Bedroom Apartment,925000.0,2.0,1.0,1.0,,,
2 Bedroom Townhouse,980000.0,2.0,2.0,2.0,31160.0,,
2 Bedroom Apartment,1650000.0,2.0,2.0,2.0,,"103 98 On Gordon, 98 Gordon Road",
3 Bedroom Townhouse,6200000.0,3.0,3.0,3.0,25473.0,,
3 Bedroom Townhouse,860000.0,3.0,1.0,4.0,8878.0,"33 Ss Mountain Mews, 44 Holzner Road",
4 Bedroom House,5500000.0,4.0,45.0,4.0,1167.0,,
2 Bedroom Apartment,2250000.0,2.0,2.0,2.0,,,
1.5 Bedroom Apartment,695000.0,15.0,1.0,1.0,,"3 Ss Bayhead Court, 26 Bottomley Road",
4 Bedroom House,2700000.0,4.0,4.0,4.0,781067.0,"G13 Ss Selborne Park, 13 Gleneagles",
2 Bedroom Apartment,1700000.0,2.0,2.0,2.0,,61 Mazisi Kunene Road,
1 Bedroom Apartment,995000.0,1.0,1.0,1.0,,"734 Ballito Groves, 9 Lee Barnes Blvd",
3 Bedroom House,1195000.0,3.0,2.0,4.0,373.0,,
4 Bedroom Apartment,2490000.0,4.0,35.0,2.0,,,
5 Bedroom House,2770000.0,5.0,4.0,12.0,,341 Park Station Road,
Apartment,2200000.0,,,30.0,7080.0,,
4 Bedroom House,1995000.0,4.0,25.0,10.0,1001.0,,
3 Bedroom House,1750000.0,3.0,2.0,4.0,2551.0,,
4 Bedroom Apartment,5900000.0,4.0,35.0,3.0,,,
2 Bedroom Apartment,568000.0,2.0,1.0,1.0,,,
4 Bedroom Townhouse,7750000.0,4.0,4.0,5.0,10362.0,,
2 Bedroom Apartment,670000.0,2.0,2.0,2.0,,,
2 Bedroom Apartment,1200000.0,2.0,1.0,1.0,,,
House,950000.0,,,,268.0,,
2 Bedroom Apartment,975000.0,2.0,2.0,1.0,,,
2 Bedroom Apartment,370000.0,2.0,1.0,1.0,,,
1.5 Bedroom Apartment,450000.0,15.0,1.0,,,,
3 Bedroom Apartment,10500000.0,3.0,3.0,3.0,,,
3 Bedroom Townhouse,1450000.0,3.0,25.0,1.0,,,
2 Bedroom Townhouse,560000.0,2.0,1.0,3.0,,,
Apartment,2200000.0,,,30.0,7080.0,,
3 Bedroom House,2250000.0,3.0,2.0,4.0,737.0,,
1 Bedroom Apartment,645000.0,1.0,1.0,1.0,,"42 Ss Lanzerac, 203 Avondale Road",
4 Bedroom House,1850000.0,4.0,3.0,2.0,3520.0,6 Dove Drive,
2 Bedroom Apartment,799999.0,2.0,2.0,1.0,,,
4 Bedroom Apartment,7995000.0,4.0,35.0,6.0,,,
2 Bedroom Apartment,1895000.0,2.0,2.0,2.0,,,
3 Bedroom Apartment,849000.0,3.0,2.0,2.0,,,
3 Bedroom House,1650000.0,3.0,1.0,4.0,1300.0,,
3 Bedroom House,1550000.0,3.0,2.0,7.0,1500.0,,
2 Bedroom Apartment,895000.0,2.0,2.0,1.0,,,
1 Bedroom Apartment,535000.0,1.0,1.0,1.0,,,
4 Bedroom Apartment,5950000.0,4.0,3.0,2.0,,,
4 Bedroom House,4500000.0,4.0,2.0,5.0,1576.0,,
2 Bedroom Apartment,995000.0,2.0,1.0,1.0,,,
2 Bedroom Apartment,900000.0,2.0,2.0,1.0,,,
2 Bedroom Apartment,1595000.0,2.0,1.0,1.0,,,
2 Bedroom Townhouse,775000.0,2.0,2.0,2.0,89000.0,,
5 Bedroom Apartment,3845000.0,5.0,4.0,3.0,,,
4 Bedroom Apartment,5950000.0,4.0,3.0,2.0,,,
4 Bedroom Apartment,6200000.0,4.0,3.0,3.0,,,
1 Bedroom Apartment,660000.0,1.0,1.0,1.0,,,
2 Bedroom Apartment,540000.0,2.0,2.0,,,,
3 Bedroom Townhouse,2100000.0,3.0,2.0,1.0,,,
2 Bedroom Apartment,650000.0,2.0,2.0,,,,
2 Bedroom Apartment,1350000.0,2.0,2.0,1.0,,,
3 Bedroom Apartment,4300000.0,3.0,25.0,2.0,,,
2 Bedroom House,690000.0,2.0,1.0,2.0,172.0,,
3 Bedroom House,650000.0,3.0,1.0,1.0,165.0,,
1 Bedroom Apartment,875000.0,1.0,1.0,,,,
2 Bedroom Townhouse,680000.0,2.0,1.0,4.0,,,
4 Bedroom House,5700000.0,4.0,3.0,4.0,,,
3 Bedroom Townhouse,1750000.0,3.0,3.0,2.0,,,
4 Bedroom House,4450000.0,4.0,4.0,8.0,1124.0,328 Wetherley Crescent,
4 Bedroom Townhouse,870000.0,4.0,2.0,3.0,25332.0,,
2 Bedroom House,700000.0,2.0,1.0,1.0,318.0,1198 Mabusela Street,
2 Bedroom Apartment,1495000.0,2.0,2.0,2.0,,,
2 Bedroom Townhouse,795000.0,2.0,15.0,1.0,,,
2 Bedroom Apartment,895000.0,2.0,1.0,,,,
3 Bedroom Townhouse,1750000.0,3.0,3.0,2.0,,,
3 Bedroom Apartment,16770000.0,3.0,3.0,2.0,,,
3 Bedroom House,2200000.0,3.0,3.0,1.0,1850.0,,
2 Bedroom Apartment,950000.0,2.0,1.0,1.0,,,
5 Bedroom House,1850000.0,5.0,3.0,2.0,4000.0,,
3 Bedroom House,1250000.0,3.0,1.0,4.0,680.0,,
3 Bedroom House,599000.0,3.0,1.0,,,,
1 Bedroom Apartment,1350000.0,1.0,1.0,1.0,,,
3 Bedroom Townhouse,2850000.0,3.0,2.0,4.0,,,
3 Bedroom Apartment,5500000.0,3.0,2.0,2.0,,,
6 Bedroom House,10500000.0,6.0,4.0,3.0,529.0,,
2 Bedroom Apartment,1695000.0,2.0,2.0,1.0,,,
3 Bedroom House,5300000.0,3.0,2.0,6.0,1439.0,,
2 Bedroom Apartment,2195000.0,2.0,2.0,1.0,,,
3 Bedroom House,1700000.0,3.0,2.0,3.0,,,
3 Bedroom House,2095000.0,3.0,2.0,2.0,616.0,,
3 Bedroom Apartment,850000.0,3.0,1.0,1.0,,,
3 Bedroom House,1095000.0,3.0,2.0,3.0,274.0,17 Hemside Crescent,
2 Bedroom Apartment,675000.0,2.0,1.0,,22262.0,,
1.5 Bedroom Apartment,650000.0,15.0,15.0,1.0,,"16000 Waverley, 54 Margaret Mncadi",
1 Bedroom Apartment,420000.0,1.0,1.0,,,6 Mcarthur Street,
3 Bedroom House,5390000.0,3.0,3.0,3.0,790.0,,
5 Bedroom House,12499000.0,5.0,45.0,3.0,2210.0,,
2 Bedroom House,460000.0,2.0,1.0,,,,
3 Bedroom Apartment,2950000.0,3.0,25.0,2.0,,,
1 Bedroom Apartment,420000.0,1.0,1.0,,,6 Mcarthur Street,
1 Bedroom Apartment,1201200.0,1.0,1.0,1.0,,,
2 Bedroom Apartment,1050000.0,2.0,2.0,,,,
4 Bedroom House,1390000.0,4.0,2.0,3.0,963.0,,
4 Bedroom House,1249000.0,4.0,3.0,3.0,646.0,,
3 Bedroom House,790000.0,3.0,2.0,6.0,,,
3 Bedroom Townhouse,2850000.0,3.0,2.0,4.0,,,
5 Bedroom House,5500000.0,5.0,3.0,,1152.0,,
3 Bedroom House,1250000.0,3.0,2.0,,2490.0,,
4 Bedroom House,2200000.0,4.0,4.0,2.0,900.0,,
3 Bedroom Townhouse,3050000.0,3.0,2.0,3.0,2503.0,,
3 Bedroom House,1423000.0,3.0,2.0,1.0,641.0,,
4 Bedroom House,1690000.0,4.0,3.0,2.0,,,
3 Bedroom House,1250000.0,3.0,2.0,,2490.0,,
3 Bedroom Townhouse,4750000.0,3.0,2.0,3.0,308.0,,
4 Bedroom House,799000.0,4.0,1.0,4.0,344.0,,
2 Bedroom Apartment,890000.0,2.0,1.0,1.0,,,
1 Bedroom Apartment,250000.0,1.0,1.0,,,,
2 Bedroom Apartment,950000.0,2.0,1.0,1.0,78.0,,
4 Bedroom House,1995000.0,4.0,25.0,7.0,1820.0,,
3 Bedroom House,1100000.0,3.0,2.0,4.0,1031.0,,
3 Bedroom House,750000.0,3.0,1.0,2.0,560.0,,
3 Bedroom Apartment,2295000.0,3.0,3.0,2.0,15963.0,,
34 Bedroom House,9750000.0,34.0,16.0,3.0,7695.0,,
4 Bedroom House,2190000.0,4.0,2.0,12.0,1904.0,,
5 Bedroom House,2400000.0,5.0,2.0,,1989.0,,
2 Bedroom House,750000.0,2.0,1.0,2.0,372.0,,
6 Bedroom House,5995000.0,6.0,4.0,1.0,1074.0,,
1 Bedroom Apartment,670000.0,1.0,1.0,1.0,,,
Apartment,660000.0,,1.0,,,,
3 Bedroom House,999000.0,3.0,2.0,2.0,650.0,46 Aasafa Way,
4 Bedroom House,3200000.0,4.0,5.0,5.0,2855.0,,
4 Bedroom House,2100000.0,4.0,3.0,,1086.0,,
3 Bedroom House,1300000.0,3.0,2.0,2.0,490.0,,
3 Bedroom House,995000.0,3.0,2.0,4.0,745.0,,
4 Bedroom House,1660000.0,4.0,2.0,,342.0,,
3 Bedroom House,3250000.0,3.0,2.0,3.0,,,
3 Bedroom House,2300000.0,3.0,2.0,2.0,962.0,,
1 Bedroom Apartment,720000.0,1.0,1.0,3.0,,,
6 Bedroom House,5995000.0,6.0,4.0,1.0,1074.0,,
5 Bedroom House,2550000.0,5.0,2.0,3.0,4468.0,,
1 Bedroom Apartment,2300000.0,1.0,1.0,2.0,,,
2 Bedroom Apartment,1650000.0,2.0,2.0,1.0,,,
2 Bedroom House,1200000.0,2.0,1.0,7.0,,,
Apartment,310000.0,,1.0,,,,
2 Bedroom Apartment,620000.0,2.0,15.0,,,,
3 Bedroom House,895000.0,3.0,15.0,5.0,318.0,,
2 Bedroom Apartment,1870000.0,2.0,1.0,2.0,107.0,"17 Tregenna Estates, 177 Golf Course Drive",
3 Bedroom Townhouse,1255000.0,3.0,25.0,1.0,11925.0,,
4 Bedroom House,4499000.0,4.0,3.0,6.0,850.0,,
2 Bedroom Apartment,1690000.0,2.0,1.0,2.0,,,
1 Bedroom Apartment,895000.0,1.0,1.0,1.0,,"75 Ss Grandborough Court, 15 O.r. Tambo Parade",
2 Bedroom Apartment,900000.0,2.0,2.0,2.0,,139 Marine Drive,
1 Bedroom Apartment,540000.0,1.0,1.0,1.0,75.0,55 Marine Drive,
5 Bedroom Townhouse,5950000.0,5.0,5.0,5.0,,,
3 Bedroom Apartment,2500000.0,3.0,2.0,3.0,,,
2 Bedroom Apartment,875000.0,2.0,1.0,1.0,,,
2 Bedroom Apartment,750000.0,2.0,1.0,,,,
3 Bedroom House,1380000.0,3.0,3.0,3.0,996.0,,
2 Bedroom Townhouse,720000.0,2.0,2.0,,85806.0,,
2 Bedroom Apartment,550000.0,2.0,1.0,,,,
3 Bedroom House,650000.0,3.0,2.0,1.0,1015.0,,
4 Bedroom Apartment,3950000.0,4.0,3.0,2.0,,,
4 Bedroom House,1299000.0,4.0,3.0,4.0,,,
3 Bedroom Apartment,710000.0,3.0,2.0,1.0,,,
2 Bedroom Apartment,900000.0,2.0,2.0,2.0,,139 Marine Drive,
2 Bedroom House,940000.0,2.0,,2.0,248.0,,
2 Bedroom Apartment,1500000.0,2.0,15.0,1.0,,,
2 Bedroom Apartment,1650000.0,2.0,2.0,1.0,,,
1 Bedroom Apartment,1850000.0,1.0,1.0,1.0,,,
2 Bedroom Apartment,4850000.0,2.0,2.0,2.0,,,
2 Bedroom Apartment,2500000.0,2.0,2.0,2.0,,,
3 Bedroom Apartment,2950000.0,3.0,2.0,2.0,,,
3 Bedroom House,1350000.0,3.0,2.0,6.0,394.0,,
3 Bedroom House,1950000.0,3.0,2.0,2.0,2021.0,,
3 Bedroom House,937000.0,3.0,2.0,2.0,445.0,,
3 Bedroom House,900000.0,3.0,15.0,7.0,307.0,,
3 Bedroom House,695000.0,3.0,1.0,3.0,351.0,,
4 Bedroom House,1399000.0,4.0,2.0,2.0,,,
2 Bedroom Apartment,685000.0,2.0,15.0,1.0,,,
3 Bedroom House,850000.0,3.0,1.0,4.0,151.0,,
1 Bedroom Apartment,480000.0,1.0,1.0,2.0,,,
3 Bedroom House,1075000.0,3.0,2.0,1.0,234.0,,
3 Bedroom Apartment,4500000.0,3.0,2.0,2.0,,,
4 Bedroom House,1600000.0,4.0,2.0,10.0,3000.0,,
3 Bedroom House,1850000.0,3.0,2.0,2.0,992.0,,
3 Bedroom House,937000.0,3.0,2.0,2.0,445.0,,
2 Bedroom Apartment,2500000.0,2.0,2.0,2.0,,,
3 Bedroom House,1780000.0,3.0,15.0,3.0,659.0,,
2 Bedroom Apartment,2195000.0,2.0,1.0,1.0,,,
6 Bedroom House,779000.0,6.0,2.0,1.0,406.0,,
3 Bedroom Apartment,3450000.0,3.0,2.0,2.0,,30 North Beach Road,
3 Bedroom Apartment,8495000.0,3.0,2.0,1.0,,,
4 Bedroom House,2400000.0,4.0,2.0,6.0,921.0,,
3 Bedroom Apartment,8495000.0,3.0,2.0,1.0,,,
4 Bedroom Apartment,2200000.0,4.0,2.0,4.0,,,
21 Bedroom House,5800000.0,21.0,14.0,8.0,2023.0,,
5 Bedroom House,2190000.0,5.0,2.0,2.0,,,
4 Bedroom House,2650000.0,4.0,3.0,6.0,2038.0,,
2 Bedroom Apartment,1050000.0,2.0,1.0,1.0,,,
7 Bedroom House,3499000.0,7.0,3.0,6.0,2523.0,,
5 Bedroom House,2200000.0,5.0,3.0,3.0,,,
1 Bedroom Apartment,980000.0,1.0,1.0,1.0,,,
2 Bedroom Apartment,1100000.0,2.0,1.0,1.0,2221.0,,
3 Bedroom House,990000.0,3.0,1.0,3.0,,Prime Location,
3 Bedroom House,1900000.0,3.0,2.0,5.0,1039.0,,
1 Bedroom Apartment,900000.0,1.0,1.0,1.0,,,
2 Bedroom Apartment,895000.0,2.0,1.0,2.0,,,
2 Bedroom Apartment,2699000.0,2.0,2.0,1.0,,,
4 Bedroom House,7999000.0,4.0,4.0,2.0,1347.0,,
2 Bedroom Apartment,3500000.0,2.0,2.0,1.0,,,
3 Bedroom Townhouse,1695000.0,3.0,2.0,2.0,,"20 Victoria Park, 16 Niagara Drive",
3 Bedroom Apartment,2250000.0,3.0,2.0,1.0,,,
3 Bedroom Townhouse,2695000.0,3.0,2.0,3.0,3808.0,,
2 Bedroom Apartment,3890000.0,2.0,2.0,4.0,,,
3 Bedroom Apartment,799000.0,3.0,2.0,1.0,126.0,"107 Pinefern, 2931 Payne Street",
3 Bedroom Townhouse,1795000.0,3.0,2.0,6.0,20746.0,"37 Amber Valley, 4 Radwin Road",
Apartment,,,,,,"4 Anton Lembede Street, Claridge Court",
3 Bedroom Townhouse,2495000.0,3.0,2.0,2.0,6544.0,,
2 Bedroom Apartment,1950000.0,2.0,2.0,1.0,,"53 Ss Cascades, 21 Bellamont Road",
3 Bedroom House,2850000.0,3.0,3.0,3.0,443.0,30 San Tropez,
6 Bedroom House,7465000.0,6.0,6.0,4.0,2295.0,,
2 Bedroom Apartment,610000.0,2.0,1.0,2.0,,"23 Ss Stralenberg, 18 Wartski Drive",
3 Bedroom House,1800000.0,3.0,2.0,1.0,1920.0,5 Canberra Pl,
4 Bedroom House,13000000.0,4.0,4.0,8.0,1306.0,,
4 Bedroom House,10955000.0,4.0,4.0,6.0,872.0,,
3 Bedroom Townhouse,7600000.0,3.0,3.0,4.0,16877.0,,
2 Bedroom Apartment,580000.0,2.0,1.0,1.0,,Fascadale Heights 2042 Fascadale Road,
3 Bedroom Townhouse,2695000.0,3.0,2.0,3.0,3808.0,,
4 Bedroom House,4500000.0,4.0,3.0,2.0,631.0,3 Lake Marion,
2 Bedroom Townhouse,4725000.0,2.0,2.0,3.0,9755.0,,
2 Bedroom Apartment,1350000.0,2.0,2.0,1.0,,,
4 Bedroom Apartment,3300000.0,4.0,2.0,4.0,,,
3 Bedroom Apartment,1390000.0,3.0,2.0,2.0,,,
3 Bedroom Townhouse,2390000.0,3.0,2.0,6.0,4144.0,"12 Ss Victoria Mews, 36 Barbara Avenue",
3 Bedroom House,3500000.0,3.0,3.0,4.0,3821.0,,
6 Bedroom House,12750000.0,6.0,5.0,10.0,,"2 Izinga Park, 4 Kana Close",
4 Bedroom House,6350000.0,4.0,4.0,4.0,,"18 19 and 20 Villa Grande, 105 Wager Avenue",
2 Bedroom Townhouse,2200000.0,2.0,2.0,2.0,400.0,,
2 Bedroom Apartment,875000.0,2.0,1.0,2.0,,,
2 Bedroom Apartment,1020000.0,2.0,1.0,1.0,,,
3 Bedroom Apartment,1450000.0,3.0,2.0,1.0,,,
1 Bedroom Apartment,530000.0,1.0,1.0,1.0,,,
1 Bedroom House,420000.0,1.0,1.0,,209.0,,
5 Bedroom House,1585000.0,5.0,3.0,9.0,11932.0,131 Chiltern Drive,
1 Bedroom Apartment,495000.0,1.0,1.0,,,,
2 Bedroom Apartment,1020000.0,2.0,1.0,1.0,,,
2 Bedroom Townhouse,990000.0,2.0,2.0,1.0,7740.0,,
3 Bedroom Apartment,1800000.0,3.0,2.0,2.0,,,
3 Bedroom Apartment,1895000.0,3.0,2.0,1.0,,,
5 Bedroom House,3400000.0,5.0,35.0,5.0,437.0,23/25 Musgrave Avenue,
3 Bedroom Apartment,1850000.0,3.0,2.0,2.0,,"20 Jimbaran, 27 Malcolm Welfare Circle",
6 Bedroom House,25000000.0,6.0,8.0,6.0,2171.0,,
3 Bedroom House,1500000.0,3.0,25.0,4.0,950.0,,
2 Bedroom Apartment,1450000.0,2.0,15.0,2.0,,,
3 Bedroom Apartment,1700000.0,3.0,2.0,3.0,,"405 Colonial Sands, 23 Lagoon Road",
3 Bedroom Townhouse,2995000.0,3.0,2.0,3.0,,,
3 Bedroom Townhouse,820000.0,3.0,25.0,2.0,8897.0,14 Kloof Road,
1 Bedroom Apartment,580000.0,1.0,1.0,1.0,,"29 Forest Waters, 70 Connor Road",
2 Bedroom Apartment,3000000.0,2.0,2.0,2.0,,,
2 Bedroom Apartment,650000.0,2.0,2.0,1.0,,,
2 Bedroom Townhouse,1900000.0,2.0,2.0,2.0,14519.0,,
2 Bedroom Townhouse,1900000.0,2.0,2.0,2.0,14519.0,,
2.5 Bedroom Apartment,795000.0,25.0,2.0,2.0,,,
3 Bedroom House,960000.0,3.0,2.0,4.0,1137.0,,
1 Bedroom Apartment,730000.0,1.0,1.0,1.0,,301 Spencer,
3 Bedroom Apartment,1900000.0,3.0,2.0,2.0,,,
1 Bedroom Apartment,975000.0,1.0,1.0,1.0,,"86 Ss THE Ascots, 29 Haden Road",
3 Bedroom Townhouse,1320000.0,3.0,2.0,1.0,,,
3 Bedroom House,1500000.0,3.0,2.0,4.0,1333.0,35 St Boniface Avenue Avenue,
3 Bedroom Townhouse,1195000.0,3.0,3.0,6.0,,,
3 Bedroom House,1775000.0,3.0,2.0,3.0,2113.0,,
3 Bedroom House,1695000.0,3.0,25.0,4.0,652.0,,
1 Bedroom Apartment,1350000.0,1.0,1.0,1.0,,,
2 Bedroom Apartment,1000000.0,2.0,15.0,1.0,,"Unit 12 - Sue Casa, 78 Lilliecrona Boulevard",
3 Bedroom Apartment,1375000.0,3.0,2.0,1.0,,,
3 Bedroom Townhouse,1480000.0,3.0,2.0,,115.0,,
2.5 Bedroom Apartment,680000.0,25.0,15.0,1.0,,,
13 Bedroom House,1950000.0,13.0,8.0,8.0,2208.0,,
1.5 Bedroom Apartment,950000.0,15.0,1.0,1.0,,,
3 Bedroom House,1095000.0,3.0,1.0,2.0,343.0,,
4 Bedroom Apartment,6600000.0,4.0,4.0,2.0,,,
4 Bedroom House,2250000.0,4.0,2.0,5.0,4446.0,,
4 Bedroom House,8500000.0,4.0,5.0,2.0,1099.0,,
1 Bedroom Apartment,530000.0,1.0,1.0,1.0,,,
2.5 Bedroom Apartment,680000.0,25.0,15.0,1.0,,,
2 Bedroom Apartment,930000.0,2.0,1.0,1.0,,,
2 Bedroom Apartment,2900000.0,2.0,2.0,2.0,,,
2 Bedroom Apartment,1900000.0,2.0,2.0,1.0,,,
3 Bedroom House,1695000.0,3.0,2.0,4.0,968.0,,
Apartment,820000.0,,,,,53 Marine Drive,
3 Bedroom Apartment,1600000.0,3.0,2.0,1.0,,,
2 Bedroom House,780000.0,2.0,1.0,,152.0,,
3 Bedroom House,1390000.0,3.0,2.0,1.0,509.0,,
1.5 Bedroom Apartment,730000.0,15.0,1.0,,,,
2 Bedroom Townhouse,599999.0,2.0,1.0,,,,
2 Bedroom Apartment,850000.0,2.0,15.0,2.0,,,
3 Bedroom House,1780000.0,3.0,2.0,,1415.0,,
Apartment,495000.0,,1.0,1.0,,,
4 Bedroom House,1100000.0,4.0,3.0,4.0,372.0,,
2 Bedroom House,1099000.0,2.0,1.0,3.0,,,
3 Bedroom House,635000.0,3.0,1.0,3.0,295.0,,
3 Bedroom House,2240000.0,3.0,2.0,2.0,349.0,,
3 Bedroom House,1395000.0,3.0,2.0,4.0,,,
2 Bedroom Apartment,2080000.0,2.0,2.0,,2225.0,1 Corner Twilight Drive & Umhlanga Ridge Boulevard,
3 Bedroom House,1295000.0,3.0,3.0,,,,
3 Bedroom House,799000.0,3.0,2.0,3.0,1269.0,,
10 Bedroom House,3670000.0,10.0,7.0,,1150.0,,
3 Bedroom Apartment,900000.0,3.0,2.0,1.0,,,
2 Bedroom Apartment,1650000.0,2.0,2.0,1.0,,199 Playfair,
2 Bedroom House,495000.0,2.0,1.0,1.0,349.0,,
7 Bedroom House,430000.0,7.0,2.0,1.0,,,
3 Bedroom House,1395000.0,3.0,2.0,4.0,,,
3 Bedroom Apartment,165000.0,3.0,3.0,1.0,,,
2 Bedroom House,840000.0,2.0,1.0,,1040.0,5 Sugra Street,
3 Bedroom Apartment,2145000.0,3.0,2.0,1.0,,,
1 Bedroom Apartment,380000.0,1.0,1.0,1.0,,,
3 Bedroom House,1550000.0,3.0,3.0,5.0,920.0,,
3 Bedroom Apartment,5300000.0,3.0,2.0,2.0,2025.0,167 Snell Parade,
3 Bedroom Apartment,550000.0,3.0,2.0,,,,
2 Bedroom Apartment,670000.0,2.0,1.0,,,,
3 Bedroom House,1299000.0,3.0,2.0,8.0,894.0,,
4 Bedroom House,2200000.0,4.0,4.0,2.0,994.0,,
3 Bedroom Apartment,4945000.0,3.0,3.0,4.0,,,
2 Bedroom Apartment,1850000.0,2.0,2.0,1.0,,,
3 Bedroom Townhouse,5795000.0,3.0,3.0,6.0,,,
3 Bedroom Apartment,4295000.0,3.0,3.0,2.0,,,
3 Bedroom House,2095000.0,3.0,2.0,3.0,1551.0,,
4 Bedroom House,2500000.0,4.0,3.0,3.0,4210.0,,
3 Bedroom House,850000.0,3.0,1.0,4.0,264.0,,
4 Bedroom House,1560000.0,4.0,3.0,5.0,1139.0,,
2 Bedroom Apartment,950000.0,2.0,2.0,,,,
5 Bedroom House,2850000.0,5.0,3.0,5.0,3157.0,,
2 Bedroom Apartment,950000.0,2.0,2.0,,,,
7 Bedroom House,2390000.0,7.0,5.0,7.0,,27 Baines Road,
3 Bedroom Townhouse,,3.0,25.0,2.0,,,
3 Bedroom House,750000.0,3.0,1.0,1.0,1120.0,,
1 Bedroom Apartment,440000.0,1.0,1.0,,,,
3 Bedroom House,3600000.0,3.0,15.0,2.0,1232.0,47 Ocean View Drive,
1 Bedroom Apartment,690000.0,1.0,1.0,1.0,,,
2 Bedroom Apartment,640000.0,2.0,1.0,1.0,,,
3 Bedroom House,1300000.0,3.0,2.0,5.0,984.0,,
3 Bedroom House,890000.0,3.0,1.0,,,,
5 Bedroom House,2800000.0,5.0,2.0,1.0,1025.0,,
3 Bedroom House,890000.0,3.0,1.0,,,,
3 Bedroom House,1200000.0,3.0,2.0,4.0,,,
3 Bedroom Apartment,1150000.0,3.0,1.0,2.0,,72 Mazisi Kunene Road,
House,12000000.0,,,,40000.0,,
3 Bedroom House,1900000.0,3.0,2.0,1.0,,,
3 Bedroom House,789000.0,3.0,2.0,,483.0,,
3 Bedroom Apartment,1520000.0,3.0,2.0,1.0,,,
3 Bedroom House,1050000.0,3.0,1.0,3.0,,,
2 Bedroom Apartment,640000.0,2.0,1.0,1.0,,,
3 Bedroom House,950000.0,3.0,2.0,2.0,333.0,,
8 Bedroom House,2500000.0,8.0,4.0,10.0,1880.0,,
3 Bedroom Apartment,1995000.0,3.0,2.0,1.0,120.0,,
2 Bedroom Apartment,1681300.0,2.0,2.0,,,,
4 Bedroom House,2300000.0,4.0,3.0,3.0,3800.0,,
4 Bedroom House,1545000.0,4.0,2.0,4.0,2246.0,483 Hove Crescent,
2 Bedroom Apartment,3195000.0,2.0,2.0,2.0,,28 Lush Condos,
2 Bedroom Townhouse,660000.0,2.0,2.0,1.0,,"2 Faerie Glen, 9 Canterbury Drive",
4 Bedroom House,2200000.0,4.0,3.0,5.0,1802.0,,
3 Bedroom Townhouse,1500000.0,3.0,2.0,4.0,11154.0,12 Varley Road,
4 Bedroom House,2200000.0,4.0,3.0,5.0,1802.0,,
3 Bedroom Apartment,2100000.0,3.0,2.0,2.0,,"8 Ss King Shaka Estate, 50 Valley Road, Unit 8 King Shaka Estate",
3 Bedroom House,1070000.0,3.0,25.0,2.0,1453.0,,
5 Bedroom House,4499000.0,5.0,3.0,12.0,832.0,12 Taunton Close,
6 Bedroom House,3200000.0,6.0,5.0,10.0,1061.0,,
3 Bedroom House,6700000.0,3.0,2.0,2.0,9788.0,,
3 Bedroom Apartment,1100000.0,3.0,25.0,1.0,,,
3 Bedroom House,420000.0,3.0,1.0,6.0,,,
2 Bedroom Apartment,2790000.0,2.0,2.0,1.0,,"One On Herrwood, 2 Umhlanga Ridge Boulevard",
2 Bedroom Apartment,580000.0,2.0,2.0,,,91 Marine Drive,
4 Bedroom House,8295000.0,4.0,35.0,4.0,862.0,35 Summit Road,
2 Bedroom Apartment,570000.0,2.0,2.0,2.0,,,
3 Bedroom Apartment,930000.0,3.0,2.0,1.0,,,
2 Bedroom Apartment,675000.0,2.0,1.0,1.0,,,
1 Bedroom Apartment,340000.0,1.0,1.0,2.0,,,
2 Bedroom House,680000.0,2.0,1.0,1.0,348.0,,
15 Bedroom House,15000000.0,15.0,185.0,4.0,34000.0,,
2 Bedroom Apartment,3550000.0,2.0,2.0,2.0,,,
2 Bedroom Apartment,2840000.0,2.0,2.0,,,,
3 Bedroom House,1950000.0,3.0,3.0,4.0,600.0,,
5 Bedroom House,4250000.0,5.0,4.0,3.0,985.0,14 Tragedy Hill,
2 Bedroom Apartment,4850000.0,2.0,2.0,2.0,,,
2 Bedroom House,5400000.0,2.0,2.0,4.0,9788.0,,
3 Bedroom House,2000000.0,3.0,2.0,2.0,2380.0,,
2 Bedroom Townhouse,880000.0,2.0,2.0,1.0,19223.0,,
2 Bedroom Apartment,1040000.0,2.0,1.0,,,,
6 Bedroom House,2063000.0,6.0,3.0,4.0,,,
3 Bedroom House,1750000.0,3.0,2.0,2.0,1303.0,,
3 Bedroom Apartment,1245000.0,3.0,2.0,1.0,,,
1 Bedroom Apartment,2275000.0,1.0,1.0,,,,
3 Bedroom Townhouse,2000000.0,3.0,2.0,2.0,,,
3 Bedroom Apartment,31500000.0,3.0,5.0,2.0,162.0,,
6 Bedroom House,2063000.0,6.0,3.0,4.0,,,
3 Bedroom House,1250000.0,3.0,1.0,3.0,400.0,,
2 Bedroom Apartment,650000.0,2.0,1.0,1.0,,,
2 Bedroom Apartment,950000.0,2.0,2.0,1.0,,,
5 Bedroom House,1795000.0,5.0,45.0,10.0,1366.0,,
3 Bedroom House,800000.0,3.0,1.0,1.0,1644.0,,
3 Bedroom Apartment,1380000.0,3.0,2.0,2.0,,"12 La Mer, 103 Marine Drive",
3 Bedroom Townhouse,1450000.0,3.0,2.0,,117.0,,
3 Bedroom House,999000.0,3.0,2.0,8.0,717.0,,
3 Bedroom House,4750000.0,3.0,25.0,4.0,476.0,35 Summit Drive,
3 Bedroom House,1765000.0,3.0,3.0,3.0,275.0,,
4 Bedroom Apartment,2299000.0,4.0,3.0,2.0,,,
3 Bedroom Apartment,1380000.0,3.0,2.0,2.0,,"12 La Mer, 103 Marine Drive",
3 Bedroom House,1499000.0,3.0,1.0,5.0,1171.0,,
4 Bedroom House,459000.0,4.0,3.0,2.0,,,
1 Bedroom Apartment,450000.0,1.0,1.0,1.0,,,
1.5 Bedroom Apartment,695000.0,15.0,1.0,1.0,,,
2 Bedroom Apartment,1350000.0,2.0,1.0,1.0,,314 Musgrave Road Berea,
4 Bedroom Townhouse,1599000.0,4.0,4.0,4.0,12309.0,,
1 Bedroom Apartment,1350000.0,1.0,1.0,2.0,,,
1 Bedroom Apartment,539000.0,1.0,1.0,1.0,,,
3 Bedroom Apartment,980000.0,3.0,1.0,2.0,,,
3 Bedroom Apartment,885000.0,3.0,1.0,1.0,,9 Eastbury Drive,
4 Bedroom House,,4.0,1.0,7.0,1680.0,,
1 Bedroom Apartment,1230000.0,1.0,1.0,1.0,,,
3 Bedroom House,980000.0,3.0,1.0,1.0,728.0,,
3 Bedroom House,1100000.0,3.0,2.0,2.0,,,
4 Bedroom House,1300000.0,4.0,1.0,2.0,319.0,,
1 Bedroom Apartment,370000.0,1.0,1.0,1.0,,,
4 Bedroom House,2275000.0,4.0,3.0,4.0,1009.0,,
3 Bedroom Apartment,2350000.0,3.0,2.0,3.0,,,
8 Bedroom House,2450000.0,8.0,7.0,6.0,4322.0,26 Umdoni Road North,
2 Bedroom Apartment,1979000.0,2.0,2.0,2.0,,,
2 Bedroom House,790000.0,2.0,1.0,5.0,286.0,,
3 Bedroom House,799000.0,3.0,,2.0,259.0,,
4 Bedroom House,1300000.0,4.0,1.0,2.0,319.0,,
3 Bedroom Townhouse,899000.0,3.0,2.0,1.0,1965.0,,
3 Bedroom Townhouse,1495000.0,3.0,2.0,2.0,,,
3 Bedroom Townhouse,4800000.0,3.0,3.0,3.0,406.0,,
2 Bedroom Apartment,650000.0,2.0,1.0,1.0,,,
3 Bedroom House,295000.0,3.0,2.0,1.0,268.0,,
2 Bedroom Apartment,1199000.0,2.0,1.0,1.0,,,
1 Bedroom Apartment,400000.0,1.0,1.0,1.0,,16 Chestnut Road,
3 Bedroom Apartment,1185000.0,3.0,2.0,,,,
3 Bedroom Townhouse,5900000.0,3.0,25.0,4.0,,,
3 Bedroom Townhouse,795000.0,3.0,1.0,1.0,,,
2 Bedroom Apartment,1995000.0,2.0,1.0,2.0,,,
4 Bedroom House,1220000.0,4.0,2.0,2.0,901.0,,
1 Bedroom Apartment,1340000.0,1.0,1.0,1.0,,,
6 Bedroom House,4250000.0,6.0,55.0,6.0,1100.0,1 Goshawk Place,
5 Bedroom House,6850000.0,5.0,4.0,4.0,780.0,9 Sheffield Beach Estate,
18 Bedroom House,15000000.0,18.0,5.0,3.0,34470.0,198 Inanda Road,
4 Bedroom House,4950000.0,4.0,4.0,8.0,600.0,"Seaward Estates, 11 San Lorenzo Street",
18 Bedroom House,15000000.0,18.0,5.0,3.0,34470.0,198 Inanda Road,
2 Bedroom Apartment,6975000.0,2.0,2.0,2.0,,"713 The Skye Ridgeside, 1 Vuna Close",
3 Bedroom House,1495000.0,3.0,3.0,2.0,1255.0,25 Seaview Road,
4 Bedroom Apartment,4200000.0,4.0,2.0,2.0,,,
3 Bedroom House,1949000.0,3.0,2.0,7.0,1185.0,54a Pioneer Road,
3 Bedroom Townhouse,790000.0,3.0,1.0,1.0,3328.0,,
3 Bedroom Townhouse,9950000.0,3.0,3.0,2.0,460.0,"5 Ss THE Bellamont, 8 Bellamont Road",
4 Bedroom House,995000.0,4.0,2.0,3.0,294.0,419 Longbury Drive,
5 Bedroom House,1070000.0,5.0,3.0,3.0,,,
3 Bedroom House,1295000.0,3.0,1.0,10.0,698.0,,
3 Bedroom Townhouse,1850000.0,3.0,25.0,2.0,,"6 Ss Three Seven One Musgrave Road, 371 Musgrave Road",
3 Bedroom Apartment,1595000.0,3.0,25.0,2.0,,,
4 Bedroom House,2485000.0,4.0,2.0,3.0,1026.0,7 Mitha Road,
1 Bedroom Apartment,4480000.0,1.0,1.0,1.0,,9 Lagoon Drive,
2 Bedroom Apartment,1350000.0,2.0,2.0,2.0,,,
3 Bedroom Apartment,850000.0,3.0,1.0,1.0,,121 Siripat Road,
2 Bedroom Apartment,655000.0,2.0,1.0,1.0,,"127 Highgrove, 10 James Herbert",
1 Bedroom Apartment,875000.0,1.0,1.0,2.0,,,
5 Bedroom House,2650000.0,5.0,4.0,2.0,1082.0,,
2 Bedroom Apartment,1495000.0,2.0,1.0,1.0,,,
3 Bedroom Apartment,2650000.0,3.0,25.0,2.0,,87 Lagoon Drive,
3 Bedroom House,750000.0,3.0,2.0,1.0,1145.0,,
3 Bedroom Apartment,1935000.0,3.0,2.0,1.0,,"2 Bianca, 24 Forest Road",
4 Bedroom House,1295000.0,4.0,2.0,10.0,700.0,,
3 Bedroom Apartment,1935000.0,3.0,2.0,1.0,,"2 Bianca, 24 Forest Road",
3 Bedroom Apartment,1895000.0,3.0,2.0,3.0,,,
4 Bedroom House,8980000.0,4.0,5.0,,4507.0,,
4 Bedroom House,1650000.0,4.0,2.0,3.0,1833.0,14 Berlin Drive,
9 Bedroom House,6300000.0,9.0,9.0,,1042.0,114-120 Madeline Road,
5 Bedroom House,4400000.0,5.0,3.0,8.0,1045.0,3a Allen Place,
4 Bedroom House,1300000.0,4.0,3.0,4.0,1000.0,,
1 Bedroom Apartment,1350000.0,1.0,1.0,1.0,,,
3 Bedroom Townhouse,1550000.0,3.0,3.0,2.0,2370.0,,
2 Bedroom Townhouse,1250000.0,2.0,2.0,4.0,,"21 Ss Montevista, 71 Valley View Avenue",
3 Bedroom House,5950000.0,3.0,2.0,2.0,1765.0,"House 5 Oceans On Main, 1 Main Road",
3 Bedroom Apartment,1620000.0,3.0,2.0,2.0,,,
3 Bedroom Apartment,1620000.0,3.0,2.0,2.0,,,
2 Bedroom Apartment,799000.0,2.0,1.0,1.0,,,
3 Bedroom House,920000.0,3.0,2.0,5.0,1055.0,362 Adrienne Avenue,
2 Bedroom Apartment,2550000.0,2.0,2.0,2.0,,"65 Ss Lush Condos, 1 Ingwe Drive, Unit 65 Lush Condos",
3 Bedroom Townhouse,3995000.0,3.0,25.0,4.0,,,
2 Bedroom Apartment,440000.0,2.0,1.0,,,"24 Raeton, 40 South Beach Avenue",
7 Bedroom House,1495000.0,7.0,4.0,7.0,2400.0,,
2 Bedroom Apartment,440000.0,2.0,1.0,,,"24 Raeton, 40 South Beach Avenue",
2 Bedroom Apartment,1590000.0,2.0,1.0,2.0,,"5104 Eagle, 117 Inanda Road",
3 Bedroom House,700000.0,3.0,2.0,1.0,,,
3 Bedroom House,1650000.0,3.0,2.0,3.0,2045.0,,
3 Bedroom House,550000.0,3.0,1.0,4.0,300.0,,
3 Bedroom Apartment,2600000.0,3.0,2.0,1.0,,47 Aurora Drive,
4 Bedroom House,1290000.0,4.0,2.0,3.0,929.0,,
2 Bedroom Apartment,2850000.0,2.0,2.0,1.0,,11 Simbithi The Verve,
4 Bedroom House,1685000.0,4.0,3.0,3.0,1421.0,,
2 Bedroom Townhouse,795000.0,2.0,1.0,,,,
3 Bedroom House,1400000.0,3.0,2.0,1.0,1012.0,20 Reynolds Street,
21 Bedroom House,36000000.0,21.0,15.0,9.0,65000.0,,
2 Bedroom Apartment,680000.0,2.0,1.0,1.0,,,
1 Bedroom Apartment,650000.0,1.0,1.0,1.0,,,
3 Bedroom Apartment,1149000.0,3.0,3.0,2.0,,"8 Ss Ramsgate Beach Club, 1192 National Road",
3 Bedroom Apartment,990000.0,3.0,2.0,1.0,,1 Streetdavids Lane,
2 Bedroom Apartment,850000.0,2.0,1.0,1.0,,,
House,660000.0,,,,2200.0,,
2 Bedroom Apartment,3700000.0,2.0,2.0,2.0,,,
1 Bedroom Apartment,450000.0,1.0,1.0,1.0,,,
3 Bedroom House,5750000.0,3.0,25.0,2.0,13321.0,2 Zimbali Drive,
3 Bedroom House,5900000.0,3.0,25.0,2.0,13321.0,2 Zimbali Drive,
3 Bedroom House,2175000.0,3.0,2.0,6.0,1255.0,59 Ahmedys Street,
1 Bedroom Apartment,1895000.0,1.0,1.0,1.0,,"302 Ss Umdloti Holiday Resort, 1 South Beach Road",
12 Bedroom House,5840000.0,12.0,4.0,,1533.0,,
2 Bedroom Apartment,820000.0,2.0,15.0,2.0,,,
4 Bedroom House,1230000.0,4.0,1.0,4.0,1278.0,,
4 Bedroom House,6495000.0,4.0,3.0,3.0,6293.0,,
3 Bedroom House,1695000.0,3.0,3.0,4.0,4047.0,,
1 Bedroom Apartment,450000.0,1.0,1.0,1.0,,,
3 Bedroom House,650000.0,3.0,1.0,1.0,,,
3 Bedroom Apartment,6000000.0,3.0,3.0,2.0,,"301 The Skye Ridgeside, 1 Vuna Close",
2 Bedroom Apartment,1200000.0,2.0,3.0,2.0,,,
3 Bedroom Townhouse,1600000.0,3.0,2.0,3.0,,,
3 Bedroom Apartment,1390000.0,3.0,25.0,4.0,,,
7 Bedroom House,1790000.0,7.0,5.0,1.0,934.0,,
5 Bedroom House,2500000.0,5.0,45.0,6.0,871.0,19 Lancaster Road,
2 Bedroom Apartment,2010000.0,2.0,1.0,1.0,,"317 Breakers Resort, 88 Lagoon Drive",
5 Bedroom House,1530000.0,5.0,3.0,4.0,1012.0,14 Homestead Road,
3 Bedroom House,850000.0,3.0,1.0,1.0,338.0,,
4 Bedroom Apartment,1200000.0,4.0,2.0,4.0,,,
2 Bedroom Apartment,2010000.0,2.0,1.0,1.0,,"317 Breakers Resort, 88 Lagoon Drive",
2 Bedroom House,700000.0,2.0,1.0,1.0,469.0,,
3 Bedroom Townhouse,900000.0,3.0,1.0,1.0,,,
3 Bedroom House,1200000.0,3.0,2.0,1.0,838.0,,
2 Bedroom Townhouse,900000.0,2.0,2.0,,18113.0,,
1.5 Bedroom Apartment,695000.0,15.0,1.0,,,,
1 Bedroom Apartment,650000.0,1.0,1.0,,,,
3 Bedroom Apartment,4500000.0,3.0,2.0,2.0,,"1202 Shoreline, 46 Heleza Boulevard",
3 Bedroom House,2295000.0,3.0,2.0,2.0,5632.0,,
5 Bedroom House,14995000.0,5.0,35.0,12.0,1001.0,,
4 Bedroom House,1319000.0,4.0,2.0,3.0,1094.0,,
4 Bedroom House,2195000.0,4.0,2.0,4.0,1491.0,,
1 Bedroom House,350000.0,1.0,1.0,,388.0,,
4 Bedroom House,1850000.0,4.0,3.0,12.0,1238.0,,
3 Bedroom Townhouse,4450000.0,3.0,2.0,4.0,325.0,,
2 Bedroom Apartment,540000.0,2.0,1.0,1.0,,,
3 Bedroom Townhouse,2175000.0,3.0,3.0,,4771.0,,
2 Bedroom Apartment,730000.0,2.0,1.0,1.0,,,
4 Bedroom House,2200000.0,4.0,2.0,6.0,495.0,47 Mermaid Avenue,
3 Bedroom House,1395000.0,3.0,1.0,3.0,344.0,,
4 Bedroom House,3500000.0,4.0,3.0,2.0,1406.0,,
1 Bedroom Apartment,600000.0,1.0,1.0,1.0,,47 Ellcock Road,
4 Bedroom House,3500000.0,4.0,4.0,4.0,2036.0,,
2 Bedroom House,550000.0,2.0,1.0,,627.0,,
2 Bedroom Townhouse,1350000.0,2.0,1.0,1.0,2218.0,"2 Fionisha, 85 Esselmont Avenue",
6 Bedroom House,1550000.0,6.0,6.0,6.0,558.0,50 Payne Road,
2 Bedroom Apartment,1150000.0,2.0,1.0,1.0,,,
5 Bedroom House,1495000.0,5.0,5.0,10.0,465.0,,
3 Bedroom House,1250000.0,3.0,35.0,2.0,480.0,,
3 Bedroom House,770000.0,3.0,1.0,1.0,525.0,,
2 Bedroom Apartment,4199000.0,2.0,2.0,2.0,,,
3 Bedroom Townhouse,1950000.0,3.0,2.0,4.0,37525.0,,
1 Bedroom Apartment,620000.0,1.0,1.0,1.0,,,
2 Bedroom Apartment,730000.0,2.0,1.0,1.0,,,
4 Bedroom House,2100000.0,4.0,3.0,6.0,1998.0,78 Dolphin Crescent,
4 Bedroom House,1895000.0,4.0,2.0,8.0,1794.0,,
2 Bedroom Apartment,2500000.0,2.0,1.0,2.0,,"110 Boulevard Edge, 320 Albizia Drive",
3 Bedroom House,3250000.0,3.0,2.0,2.0,300.0,P229 Sheffield Beach Road,
3 Bedroom Apartment,9995000.0,3.0,4.0,4.0,,,
2 Bedroom Apartment,1750000.0,2.0,1.0,1.0,,,
3 Bedroom House,3250000.0,3.0,2.0,2.0,300.0,P229 Sheffield Beach Road,
1.5 Bedroom Apartment,850000.0,15.0,15.0,1.0,,,
3 Bedroom House,1685000.0,3.0,2.0,4.0,1895.0,,
4 Bedroom House,9850000.0,4.0,55.0,9.0,1903.0,"Zimbali Estate, 15 Forestwood Drive",
2 Bedroom Apartment,745000.0,2.0,15.0,2.0,,,
3 Bedroom Townhouse,4795000.0,3.0,25.0,4.0,200.0,,
1 Bedroom Apartment,550000.0,1.0,1.0,1.0,,7 Marine Drive,
2 Bedroom Apartment,710000.0,2.0,1.0,1.0,,"12 Kingsley, 23 Brand Road",
3 Bedroom Apartment,720000.0,3.0,1.0,1.0,,,
2 Bedroom House,1500000.0,2.0,15.0,,820.0,,
1 Bedroom Apartment,550000.0,1.0,1.0,1.0,,7 Marine Drive,
2 Bedroom Apartment,650000.0,2.0,1.0,2.0,,"4 Burg, 65 Burton Avenue",
4 Bedroom House,3390000.0,4.0,3.0,6.0,1263.0,,
5 Bedroom House,2050000.0,5.0,55.0,5.0,1600.0,,
3 Bedroom Townhouse,6100000.0,3.0,4.0,4.0,1202.0,,
2 Bedroom Apartment,2995000.0,2.0,2.0,1.0,,"706 Ss Lighthouse Mall, 14 Chartwell Drive",
3 Bedroom Apartment,850000.0,3.0,2.0,3.0,,"35 Fascadale Heights, 2042 Fascadale Road",
2 Bedroom Apartment,1550000.0,2.0,2.0,1.0,,"108 Manor Gardens, 44 Old Main Road",
0.5 Bedroom Apartment,700000.0,5.0,1.0,1.0,,,
2 Bedroom Apartment,800000.0,2.0,1.0,1.0,,,
3 Bedroom Townhouse,2850000.0,3.0,2.0,3.0,,"8 Wavecrest Views, 35 Wavecrest Road",
3 Bedroom Townhouse,2790000.0,3.0,2.0,3.0,,"7 Wavecrest Views, 35 Wavecrest Road",
3 Bedroom Apartment,12900000.0,3.0,2.0,2.0,,32 Lagoon Drive,
2 Bedroom Apartment,620000.0,2.0,2.0,2.0,,616 Rambler Road,
3 Bedroom Apartment,850000.0,3.0,15.0,3.0,,,
3 Bedroom Townhouse,3450000.0,3.0,2.0,1.0,,"5 Marine Terraces, 11 Marine Drive",
3 Bedroom Apartment,1650000.0,3.0,15.0,,,80 Somtseu Road,
3 Bedroom House,990000.0,3.0,2.0,2.0,870.0,,
4 Bedroom House,12250000.0,4.0,45.0,7.0,1022.0,,
3.5 Bedroom Townhouse,4195000.0,35.0,35.0,3.0,237.0,37 Ilala Drive,
5 Bedroom Apartment,2500000.0,5.0,4.0,3.0,,"5 Ss Mountainairs Village, 13 Ridge Road",
2 Bedroom Apartment,890000.0,2.0,1.0,1.0,,,
3 Bedroom House,2940000.0,3.0,2.0,1.0,300.0,"67 Ss Lalela Estate, Erf 1485 Lalela Estates, Unit 67 Lalea Estates",
2 Bedroom Apartment,790000.0,2.0,1.0,1.0,,,
2 Bedroom Apartment,800000.0,2.0,1.0,1.0,,,
5 Bedroom House,2250000.0,5.0,4.0,2.0,1032.0,41 Dolphin Crescent,
3 Bedroom House,950000.0,3.0,2.0,2.0,1486.0,,
4 Bedroom House,1250000.0,4.0,2.0,2.0,929.0,,
2 Bedroom Apartment,2100000.0,2.0,1.0,1.0,,1 Aurora Drive,
3 Bedroom Townhouse,1495000.0,3.0,2.0,2.0,383.0,"79 Waltdorf, 771 Town Bush",
2 Bedroom Apartment,695000.0,2.0,1.0,2.0,,,
2 Bedroom Apartment,4750000.0,2.0,2.0,,,,
2 Bedroom Apartment,4750000.0,2.0,2.0,,,,
6 Bedroom House,4250000.0,6.0,45.0,8.0,945.0,,
2 Bedroom Apartment,578000.0,2.0,2.0,,,52 Aquamarine Drive,
2 Bedroom Apartment,1800000.0,2.0,1.0,1.0,,,
2 Bedroom Apartment,2500000.0,2.0,2.0,3.0,,,
2 Bedroom House,695000.0,2.0,1.0,6.0,403.0,,
3 Bedroom Townhouse,1995000.0,3.0,2.0,3.0,,,
2 Bedroom Apartment,790000.0,2.0,2.0,1.0,,"2 Wilkie Rd, Margate",
3 Bedroom House,2950000.0,3.0,3.0,7.0,2430.0,,
1 Bedroom Apartment,870000.0,1.0,15.0,2.0,,154 Scott Street,
5 Bedroom House,1440000.0,5.0,2.0,3.0,1382.0,,
1 Bedroom Apartment,570000.0,1.0,1.0,1.0,,,
3 Bedroom House,850000.0,3.0,2.0,2.0,644.0,,
2 Bedroom House,799000.0,2.0,1.0,2.0,,,
2 Bedroom Townhouse,3250000.0,2.0,2.0,2.0,,45 Somerset Drive,
3 Bedroom Apartment,1195000.0,3.0,2.0,1.0,,,
3 Bedroom House,2300000.0,3.0,3.0,4.0,403.0,,
2 Bedroom Apartment,650000.0,2.0,1.0,1.0,,,
4 Bedroom House,2500000.0,4.0,3.0,3.0,2051.0,,
3 Bedroom House,1100000.0,3.0,2.0,14.0,1538.0,,
3 Bedroom House,320000.0,3.0,1.0,,309.0,,
3 Bedroom Apartment,910000.0,3.0,2.0,2.0,,,
5 Bedroom House,2850000.0,5.0,5.0,7.0,1352.0,,
4 Bedroom House,950000.0,4.0,2.0,5.0,1022.0,,
2 Bedroom Apartment,1040000.0,2.0,2.0,1.0,,,
4 Bedroom House,2500000.0,4.0,3.0,3.0,2051.0,,
3 Bedroom House,1575000.0,3.0,2.0,4.0,500.0,,
4 Bedroom House,1650000.0,4.0,2.0,2.0,1306.0,28 Len Nichol Road,
1 Bedroom Townhouse,525000.0,1.0,1.0,2.0,46242.0,,
4 Bedroom House,2950000.0,4.0,3.0,7.0,1307.0,,
5 Bedroom House,2650000.0,5.0,3.0,5.0,1920.0,,
Apartment,760000.0,,1.0,,,,
House,499000.0,,,,226.0,,
6 Bedroom House,3999999.0,6.0,5.0,2.0,,,
House,2500000.0,,,,,,
2 Bedroom House,1750000.0,2.0,2.0,1.0,,,
3 Bedroom Townhouse,1360000.0,3.0,2.0,4.0,19175.0,,
2 Bedroom Apartment,1180000.0,2.0,2.0,2.0,,,
2 Bedroom Apartment,756000.0,2.0,1.0,1.0,,,
2 Bedroom Apartment,2550000.0,2.0,2.0,2.0,,,
2 Bedroom Apartment,795000.0,2.0,1.0,2.0,,,
3 Bedroom Apartment,910000.0,3.0,2.0,1.0,,,
2 Bedroom House,599000.0,2.0,1.0,4.0,477.0,,
3 Bedroom Apartment,2650000.0,3.0,2.0,1.0,,"302 Nahanda, 1 Campbell Drive",
3 Bedroom Apartment,680000.0,3.0,2.0,2.0,,,
8 Bedroom House,4300000.0,8.0,8.0,8.0,2572.0,,
3 Bedroom House,1295000.0,3.0,3.0,9.0,1096.0,,
3 Bedroom Townhouse,1760000.0,3.0,15.0,2.0,9847.0,,
1 Bedroom Apartment,2689400.0,1.0,1.0,1.0,,,
8 Bedroom House,4300000.0,8.0,8.0,8.0,2572.0,,
1 Bedroom Apartment,465000.0,1.0,1.0,1.0,,,
3 Bedroom House,1950000.0,3.0,3.0,3.0,899.0,,
3 Bedroom Apartment,1200000.0,3.0,1.0,2.0,,,
House,250000.0,,,,,,
1 Bedroom Townhouse,630000.0,1.0,1.0,1.0,,,
3 Bedroom Apartment,1200000.0,3.0,2.0,2.0,,,
2 Bedroom Apartment,615000.0,2.0,1.0,1.0,,,
1 Bedroom Apartment,795000.0,1.0,1.0,2.0,,"7 Daventry Gardens, 302 Cato Road",
3 Bedroom House,820000.0,3.0,1.0,3.0,468.0,,
3 Bedroom House,600000.0,3.0,1.0,1.0,153.0,,
3 Bedroom House,1799000.0,3.0,15.0,4.0,613.0,,
5 Bedroom House,850000.0,5.0,3.0,6.0,,,
3 Bedroom House,820000.0,3.0,1.0,3.0,468.0,,
3 Bedroom House,2395000.0,3.0,25.0,2.0,2185.0,13 Hamilton Crescent,
3 Bedroom Apartment,1800000.0,3.0,2.0,2.0,,,
2 Bedroom Apartment,775000.0,2.0,1.0,1.0,,,
3 Bedroom House,1950000.0,3.0,25.0,10.0,1258.0,,
3 Bedroom House,1690000.0,3.0,25.0,1.0,1010.0,85 Yarmouth Avenue,
3 Bedroom Townhouse,2995000.0,3.0,2.0,5.0,,,
3 Bedroom Apartment,9995000.0,3.0,35.0,4.0,,,
4 Bedroom House,1700000.0,4.0,2.0,4.0,564.0,,
4 Bedroom Townhouse,980000.0,4.0,2.0,2.0,4305.0,1 992 Ptn Road,
3 Bedroom Apartment,1100000.0,3.0,2.0,1.0,,29 Marine Drive,
3 Bedroom House,2900000.0,3.0,2.0,,12007.0,,
2 Bedroom Apartment,740000.0,2.0,1.0,1.0,,"3 Ss Valhaven, 80 Cromwell Road",
3 Bedroom Apartment,1200000.0,3.0,2.0,2.0,,,
3 Bedroom Townhouse,3895000.0,3.0,2.0,2.0,76090.0,,
Townhouse,1130000.0,,2.0,,,,
4 Bedroom House,7995000.0,4.0,4.0,2.0,,,
2 Bedroom House,430000.0,2.0,1.0,1.0,,,
25 Bedroom Apartment,14500000.0,25.0,11.0,,531.0,,
3 Bedroom Townhouse,1995000.0,3.0,2.0,2.0,,,
2 Bedroom Apartment,670000.0,2.0,2.0,1.0,,,
2 Bedroom Apartment,850000.0,2.0,1.0,2.0,,,
1 Bedroom Apartment,550000.0,1.0,1.0,2.0,1698.0,,
3 Bedroom House,1650000.0,3.0,1.0,6.0,1565.0,,
2 Bedroom Apartment,1595000.0,2.0,2.0,2.0,,,
3 Bedroom Apartment,5738000.0,3.0,3.0,1.0,,,
4 Bedroom House,1250000.0,4.0,3.0,2.0,550.0,,
3 Bedroom Townhouse,545000.0,3.0,2.0,1.0,14334.0,,
3 Bedroom House,4000000.0,3.0,2.0,4.0,1969.0,,
1 Bedroom Apartment,570000.0,1.0,1.0,,,,
4 Bedroom House,1750000.0,4.0,3.0,2.0,900.0,,
Apartment,750000.0,,1.0,1.0,,,
2 Bedroom Apartment,670000.0,2.0,2.0,1.0,,,
3 Bedroom House,1700000.0,3.0,2.0,1.0,,,
2 Bedroom Apartment,1795000.0,2.0,2.0,2.0,,,
5 Bedroom House,1400000.0,5.0,2.0,,2216.0,,
3 Bedroom House,950000.0,3.0,1.0,5.0,,,
2 Bedroom House,1300000.0,2.0,1.0,1.0,,,
4 Bedroom House,4200000.0,4.0,4.0,4.0,1012.0,,
3 Bedroom Townhouse,1645000.0,3.0,25.0,2.0,12033.0,"2 Ss Aletta Gardens Eco Estate, 55 Aletta Place",
5 Bedroom House,9900000.0,5.0,5.0,7.0,,,
3 Bedroom Apartment,4300000.0,3.0,3.0,2.0,,,
2 Bedroom Apartment,2750000.0,2.0,2.0,1.0,,,
4 Bedroom House,2499000.0,4.0,2.0,7.0,1460.0,,
4 Bedroom House,2650000.0,4.0,2.0,12.0,2346.0,22 Michigan Street,
4 Bedroom Townhouse,3500000.0,4.0,35.0,4.0,,,
2 Bedroom Apartment,2300000.0,2.0,2.0,1.0,,,
4 Bedroom Townhouse,2500000.0,4.0,3.0,2.0,4076.0,,
4 Bedroom House,2700000.0,4.0,2.0,9.0,1261.0,553 Marine Drive,
5 Bedroom House,5100000.0,5.0,5.0,2.0,1040.0,,
3 Bedroom House,2700000.0,3.0,2.0,6.0,1080.0,42 Churston Road,
12 Bedroom Apartment,3750000.0,12.0,7.0,6.0,,14 Tweed Rd,
2 Bedroom Apartment,500000.0,2.0,2.0,1.0,,9 Russel Street,
2 Bedroom Apartment,1695000.0,2.0,2.0,2.0,117.0,,
4 Bedroom House,2650000.0,4.0,2.0,12.0,2346.0,22 Michigan Street,
3 Bedroom House,4650000.0,3.0,2.0,6.0,1405.0,,
2.5 Bedroom Apartment,850000.0,25.0,15.0,1.0,,,
3 Bedroom Townhouse,1750000.0,3.0,2.0,3.0,,,
1 Bedroom Apartment,1975000.0,1.0,1.0,1.0,,"204 Lighthouse Mall, 14 Chartwell Drive",
4 Bedroom Townhouse,12999999.0,4.0,4.0,4.0,,,
3 Bedroom House,4995000.0,3.0,3.0,4.0,675.0,,
6 Bedroom House,1700000.0,6.0,3.0,10.0,2163.0,,
3 Bedroom Apartment,12500000.0,3.0,4.0,3.0,,,
2 Bedroom Apartment,1200000.0,2.0,1.0,2.0,,,
24 Bedroom Apartment,6200000.0,24.0,21.0,10.0,,,
3 Bedroom Townhouse,950000.0,3.0,2.0,,,,
3 Bedroom House,7550000.0,3.0,2.0,2.0,,,
3 Bedroom Townhouse,1300000.0,3.0,15.0,2.0,,84 Clarence Road,
1 Bedroom House,2150000.0,1.0,1.0,1.0,,,
2 Bedroom House,2450000.0,2.0,1.0,1.0,,,
3 Bedroom House,4300000.0,3.0,2.0,4.0,743.0,20 Salt Rock City,
4 Bedroom House,1690000.0,4.0,25.0,1.0,666.0,,
3 Bedroom Townhouse,1340000.0,3.0,2.0,3.0,19175.0,,
3 Bedroom Townhouse,3999000.0,3.0,2.0,3.0,,,
2 Bedroom Townhouse,3184000.0,2.0,2.0,1.0,,,
3 Bedroom House,980000.0,3.0,2.0,2.0,974.0,15 Oceanic Grove,
2 Bedroom House,2450000.0,2.0,1.0,1.0,,,
4 Bedroom House,4600000.0,4.0,4.0,8.0,1646.0,,
3 Bedroom House,960000.0,3.0,2.0,1.0,,,
1 Bedroom Townhouse,2545000.0,1.0,1.0,2.0,113172.0,136 Mount Edgecombe Drive,
2 Bedroom Townhouse,885000.0,2.0,15.0,1.0,111.0,,
3 Bedroom Apartment,1095000.0,3.0,1.0,2.0,,,
1 Bedroom Apartment,1500000.0,1.0,1.0,2.0,,,
2 Bedroom Apartment,2280000.0,2.0,2.0,2.0,,,
5 Bedroom House,950000.0,5.0,3.0,4.0,654.0,,
3 Bedroom House,1195000.0,3.0,2.0,7.0,1176.0,20 Dalgairns Road,
4 Bedroom House,2800000.0,4.0,5.0,10.0,1508.0,,
1 Bedroom Apartment,4995000.0,1.0,1.0,1.0,,,
3 Bedroom House,3700000.0,3.0,3.0,5.0,1039.0,,
4 Bedroom House,2600000.0,4.0,25.0,6.0,1761.0,,
3 Bedroom Townhouse,1195000.0,3.0,15.0,2.0,,,
3 Bedroom Apartment,1230000.0,3.0,2.0,1.0,,"Kingfisher, Spink Road, Shelly Beach",
1 Bedroom Apartment,1050000.0,1.0,1.0,1.0,,"2 Musgrave Mansions, 690 Musgrave Road",
2 Bedroom Apartment,1795000.0,2.0,25.0,1.0,,49 San Lameer Lower South Coast Kwa-Zulu Natal N2s R61.,
4 Bedroom House,990000.0,4.0,1.0,5.0,,,
2 Bedroom Apartment,795000.0,2.0,2.0,1.0,,,
2 Bedroom Apartment,1899000.0,2.0,2.0,1.0,,,
3 Bedroom Apartment,1199000.0,3.0,2.0,2.0,,,
2 Bedroom Apartment,795000.0,2.0,2.0,1.0,,,
8 Bedroom House,3995000.0,8.0,7.0,24.0,4045.0,,
2 Bedroom Apartment,970000.0,2.0,1.0,2.0,,"A1 Ramsey Road , Banners Rest",
3 Bedroom House,650000.0,3.0,1.0,,450.0,,
2 Bedroom House,750000.0,2.0,2.0,2.0,265.0,,
1.5 Bedroom Apartment,1998000.0,15.0,1.0,1.0,,,
2 Bedroom Townhouse,1050000.0,2.0,2.0,2.0,,,
3 Bedroom House,1400000.0,3.0,2.0,1.0,1339.0,,
3 Bedroom Apartment,2750000.0,3.0,2.0,1.0,,,
2 Bedroom Apartment,1900000.0,2.0,1.0,1.0,,,
2 Bedroom Apartment,1980000.0,2.0,2.0,1.0,,,
4 Bedroom House,4300000.0,4.0,4.0,2.0,21122.0,,
4 Bedroom House,16999995.0,4.0,2.0,,5087.0,,
1 Bedroom Apartment,595000.0,1.0,1.0,,,,
2 Bedroom Apartment,350000.0,2.0,1.0,,,,
11 Bedroom House,2950000.0,11.0,10.0,12.0,6360.0,,
12 Bedroom House,3599000.0,12.0,10.0,21.0,8161.0,,
3 Bedroom Apartment,1995000.0,3.0,2.0,3.0,,,
2 Bedroom Apartment,2300000.0,2.0,2.0,2.0,,,
3 Bedroom Apartment,1587725.0,3.0,2.0,1.0,,,
1 Bedroom Apartment,895000.0,1.0,1.0,2.0,,,
3 Bedroom Apartment,1827500.0,3.0,2.0,1.0,,5 Selvey Road Uvongo,
2 Bedroom Apartment,350000.0,2.0,1.0,,,,
1 Bedroom Apartment,2700000.0,1.0,1.0,1.0,,,
3 Bedroom House,560000.0,3.0,1.0,,,,
4 Bedroom House,20500000.0,4.0,4.0,7.0,2221.0,,
1 Bedroom Apartment,430000.0,1.0,1.0,1.0,,,
Apartment,2495000.0,,1.0,1.0,,,
2 Bedroom Townhouse,750000.0,2.0,2.0,1.0,89896.0,,
2 Bedroom Apartment,1700000.0,2.0,2.0,2.0,,"43 Stonehurst, 175 Station Ridge Road",
5 Bedroom House,5750000.0,5.0,4.0,8.0,1900.0,,
3 Bedroom Townhouse,1500000.0,3.0,15.0,2.0,985.0,,
3 Bedroom Apartment,1595000.0,3.0,2.0,2.0,,,
3 Bedroom House,999000.0,3.0,1.0,5.0,740.0,,
2 Bedroom Townhouse,730000.0,2.0,1.0,1.0,,Main Road Umzumbe,
4 Bedroom House,6798514.0,4.0,4.0,4.0,5062.0,,
2 Bedroom Townhouse,730000.0,2.0,1.0,1.0,,Main Road Umzumbe,
3 Bedroom House,950000.0,3.0,1.0,2.0,700.0,,
2 Bedroom Townhouse,690000.0,2.0,2.0,1.0,2765.0,,
1 Bedroom Apartment,420000.0,1.0,1.0,1.0,,,
3 Bedroom House,1100000.0,3.0,25.0,1.0,1418.0,,
2 Bedroom Apartment,1150000.0,2.0,1.0,1.0,,,
2 Bedroom Apartment,1150000.0,2.0,2.0,1.0,,,
5 Bedroom House,10999000.0,5.0,55.0,6.0,700.0,,
3 Bedroom House,980000.0,3.0,1.0,1.0,306.0,,
3 Bedroom House,1595000.0,3.0,2.0,1.0,2194.0,23 Sunbird Road,
4 Bedroom House,1150000.0,4.0,2.0,1.0,403.0,,
3 Bedroom House,875000.0,3.0,1.0,3.0,325.0,,
3 Bedroom House,1200000.0,3.0,25.0,4.0,837.0,,
5 Bedroom House,7995000.0,5.0,5.0,7.0,898.0,,
3 Bedroom Apartment,1595000.0,3.0,2.0,2.0,,,
1 Bedroom Apartment,399000.0,1.0,1.0,,,27 OR Tambo Parade,
2 Bedroom Apartment,980000.0,2.0,2.0,2.0,,18 Panorama Parade,
3 Bedroom Townhouse,846000.0,3.0,2.0,2.0,130.0,,
3 Bedroom Apartment,8950000.0,3.0,35.0,2.0,,2 Sicklebush Lane,
3 Bedroom Apartment,1295000.0,3.0,3.0,2.0,,,
3 Bedroom House,1595000.0,3.0,2.0,1.0,2194.0,23 Sunbird Road,
4 Bedroom House,1980000.0,4.0,2.0,4.0,,,
2 Bedroom House,870000.0,2.0,1.0,,50.0,,
3 Bedroom House,1100000.0,3.0,2.0,,294.0,,
3 Bedroom House,1150000.0,3.0,2.0,6.0,757.0,,
4 Bedroom Apartment,8750000.0,4.0,3.0,8.0,,,
2 Bedroom Apartment,1275000.0,2.0,1.0,1.0,,,
4 Bedroom Apartment,6790000.0,4.0,25.0,4.0,,,
3 Bedroom Apartment,1095000.0,3.0,1.0,2.0,,,
3 Bedroom Apartment,2495000.0,3.0,2.0,2.0,,,
10 Bedroom House,7950000.0,10.0,7.0,8.0,66.0,,
4 Bedroom House,1695000.0,4.0,3.0,2.0,1091.0,17 Manaba Beach Road,
4 Bedroom House,2000000.0,4.0,1.0,2.0,628.0,,
4 Bedroom Townhouse,2250000.0,4.0,3.0,1.0,20021.0,,
2 Bedroom Apartment,790000.0,2.0,2.0,2.0,,9 Homestead Road,
3 Bedroom Apartment,2300000.0,3.0,2.0,2.0,,14 Dolphin Crescent,
10 Bedroom House,7950000.0,10.0,7.0,8.0,66.0,,
3 Bedroom Townhouse,1895000.0,3.0,3.0,10.0,,,
3 Bedroom House,920000.0,3.0,15.0,,,,
4 Bedroom House,4700000.0,4.0,5.0,2.0,3417.0,,
4 Bedroom House,850000.0,4.0,2.0,2.0,,,
4 Bedroom House,1650000.0,4.0,2.0,2.0,,,
6 Bedroom House,6200000.0,6.0,6.0,2.0,,,
2 Bedroom Apartment,690000.0,2.0,1.0,,,,
3 Bedroom Apartment,895000.0,3.0,2.0,1.0,,,
3 Bedroom Apartment,5200000.0,3.0,2.0,2.0,,,
3 Bedroom House,900000.0,3.0,1.0,2.0,629.0,,
2 Bedroom Apartment,1650000.0,2.0,1.0,1.0,,,
1 Bedroom Apartment,575000.0,1.0,1.0,,,"8 Umthunzi, 256 Avondale Road",
2.5 Bedroom Apartment,950000.0,25.0,2.0,1.0,,35 Beach Road,
3 Bedroom Townhouse,1190000.0,3.0,2.0,1.0,6304.0,,
2 Bedroom Apartment,1649000.0,2.0,1.0,2.0,,,
3.5 Bedroom House,1500000.0,35.0,2.0,6.0,976.0,,
3 Bedroom Apartment,990000.0,3.0,1.0,1.0,,,
4 Bedroom House,900000.0,4.0,2.0,1.0,,,
2 Bedroom Apartment,625000.0,2.0,1.0,2.0,,"Ss Tudor Court, 144 Clark Road",
3 Bedroom House,1099000.0,3.0,2.0,3.0,462.0,,
3 Bedroom House,1980000.0,3.0,2.0,1.0,1153.0,,
4 Bedroom Apartment,1100000.0,4.0,3.0,2.0,,,
3 Bedroom House,1350000.0,3.0,2.0,4.0,310.0,,
2 Bedroom Apartment,600000.0,2.0,1.0,2.0,,,
2 Bedroom Apartment,1649000.0,2.0,1.0,2.0,,,
4 Bedroom House,1300000.0,4.0,3.0,10.0,616.0,,
3 Bedroom Townhouse,4995000.0,3.0,2.0,3.0,,,
2 Bedroom Apartment,650000.0,2.0,1.0,,,183 Prince Street,
2 Bedroom Townhouse,1050000.0,2.0,1.0,,,1 Ngwele Rd,
6 Bedroom Townhouse,3950000.0,6.0,4.0,4.0,12500.0,,
3 Bedroom House,2495000.0,3.0,2.0,2.0,1358.0,17 Kent Drive,
2 Bedroom Apartment,1420000.0,2.0,1.0,1.0,,,
2 Bedroom Apartment,1490000.0,2.0,25.0,2.0,,,
3 Bedroom House,2600000.0,3.0,3.0,3.0,2291.0,,
5 Bedroom House,2600000.0,5.0,3.0,4.0,1095.0,,
3 Bedroom House,905000.0,3.0,2.0,1.0,21880.0,,
2 Bedroom Apartment,3000000.0,2.0,2.0,2.0,,,
2 Bedroom Apartment,1610000.0,2.0,2.0,,,,
2 Bedroom Apartment,690000.0,2.0,2.0,1.0,,,
2 Bedroom Apartment,600000.0,2.0,1.0,1.0,,,
5 Bedroom Townhouse,3000000.0,5.0,5.0,4.0,3557.0,,
3 Bedroom Apartment,1200000.0,3.0,2.0,1.0,,,
5 Bedroom Townhouse,3900000.0,5.0,5.0,2.0,608.0,"33 Greenhart Estate, 865 Houlton Drive",
1.5 Bedroom Apartment,600000.0,15.0,1.0,1.0,,,
3 Bedroom Apartment,2300000.0,3.0,2.0,3.0,,,
4 Bedroom House,6500000.0,4.0,45.0,6.0,5805.0,,
2 Bedroom Apartment,980000.0,2.0,2.0,2.0,,,
3 Bedroom Townhouse,2450000.0,3.0,2.0,2.0,,,
2 Bedroom Apartment,730000.0,2.0,2.0,,,,
1 Bedroom Apartment,700000.0,1.0,1.0,,,,
2 Bedroom Apartment,980000.0,2.0,2.0,2.0,,,
3 Bedroom Apartment,2600000.0,3.0,2.0,2.0,,,
3 Bedroom Townhouse,1050000.0,3.0,2.0,2.0,1100.0,,
2 Bedroom Townhouse,899000.0,2.0,2.0,1.0,89896.0,,
2 Bedroom Apartment,1350000.0,2.0,1.0,,,,
3 Bedroom House,2538000.0,3.0,2.0,6.0,900.0,31 A Broadway,
2 Bedroom Apartment,1500000.0,2.0,2.0,3.0,,,
3 Bedroom House,1695000.0,3.0,2.0,1.0,1145.0,,
12 Bedroom House,6990000.0,12.0,10.0,9.0,1369.0,,
4 Bedroom House,3750000.0,4.0,2.0,2.0,,,
3 Bedroom House,2538000.0,3.0,2.0,6.0,900.0,31 A Broadway,
2 Bedroom Apartment,895000.0,2.0,15.0,1.0,,,
2 Bedroom Apartment,4446612.0,2.0,2.0,2.0,,,
4 Bedroom Apartment,4300000.0,4.0,3.0,2.0,,,
4 Bedroom House,875000.0,4.0,3.0,4.0,345.0,83 Golden Poppy Crescent,
5 Bedroom House,19995000.0,5.0,3.0,6.0,1709.0,9 Rock Lane Street,
10 Bedroom House,3050000.0,10.0,3.0,26.0,1818.0,53 Braid Street,
4 Bedroom Apartment,6995000.0,4.0,5.0,4.0,,,
4 Bedroom Apartment,6995000.0,4.0,5.0,2.0,,,
3 Bedroom House,1250000.0,3.0,2.0,2.0,,,
1 Bedroom Apartment,1250000.0,1.0,1.0,1.0,,,
2 Bedroom Apartment,2275000.0,2.0,2.0,2.0,,,
3 Bedroom Townhouse,4500000.0,3.0,2.0,6.0,,,
2 Bedroom Apartment,1095000.0,2.0,1.0,2.0,,,
4 Bedroom House,2150000.0,4.0,3.0,6.0,930.0,21 Larkson Crescent,
1 Bedroom Apartment,1445000.0,1.0,1.0,1.0,,,
1 Bedroom Apartment,1450000.0,1.0,1.0,1.0,,,
2 Bedroom House,795000.0,2.0,2.0,4.0,572.0,,
2 Bedroom Apartment,1200000.0,2.0,1.0,2.0,,,
3 Bedroom Apartment,3599000.0,3.0,2.0,4.0,,,
3 Bedroom Apartment,850000.0,3.0,1.0,1.0,,,
2 Bedroom Apartment,800000.0,2.0,1.0,1.0,,,
1 Bedroom Apartment,320000.0,1.0,1.0,,,,
3 Bedroom Apartment,850000.0,3.0,1.0,1.0,,,
2.5 Bedroom Apartment,2650000.0,25.0,2.0,2.0,,,
3 Bedroom House,995000.0,3.0,1.0,,465.0,,
3 Bedroom Apartment,2950000.0,3.0,2.0,2.0,,,
6 Bedroom House,3200000.0,6.0,4.0,2.0,785.0,"Carribean Estates, Port Edward",
1 Bedroom Townhouse,550000.0,1.0,1.0,,,11 Buckleigh Place,
1.5 Bedroom Apartment,735000.0,15.0,15.0,1.0,,,
5 Bedroom House,845000.0,5.0,2.0,4.0,232.0,,
1 Bedroom Apartment,530000.0,1.0,1.0,,,,
2 Bedroom Apartment,919999.0,2.0,2.0,1.0,,,
Apartment,980000.0,,,,,,
3 Bedroom Apartment,4850000.0,3.0,3.0,3.0,,,
2 Bedroom Apartment,3600000.0,2.0,2.0,2.0,,"106 Burleigh, 618 Edwards Place",
4 Bedroom House,1199000.0,4.0,3.0,2.0,1427.0,,
2 Bedroom Apartment,1000000.0,2.0,1.0,1.0,,101 Beach Rd,
3 Bedroom House,3500000.0,3.0,25.0,8.0,614.0,179 Sienna Street,
3 Bedroom Townhouse,1750000.0,3.0,2.0,2.0,,,
5 Bedroom House,7350000.0,5.0,55.0,6.0,935.0,1 Salt Rock Drive,
6 Bedroom House,5400000.0,6.0,3.0,3.0,,,
2 Bedroom Apartment,650000.0,2.0,1.0,1.0,,,
2 Bedroom Apartment,1900000.0,2.0,1.0,1.0,,89 Lagoon Dr,
4 Bedroom House,648000.0,4.0,1.0,1.0,1080.0,,
3 Bedroom House,1299000.0,3.0,2.0,2.0,550.0,,
2 Bedroom Apartment,1000000.0,2.0,1.0,1.0,,101 Beach Rd,
4 Bedroom House,4975000.0,4.0,3.0,5.0,,13 Hillside Road,
3 Bedroom Townhouse,4900000.0,3.0,3.0,3.0,,32 Lambert Road,
3 Bedroom Apartment,2150000.0,3.0,2.0,1.0,,303 San Lameer Lower South Coast Kwa-Zulu Natal N2s R61,
3 Bedroom House,780000.0,3.0,1.0,2.0,,,
2 Bedroom Apartment,1650000.0,2.0,2.0,1.0,,,
2 Bedroom Apartment,1780000.0,2.0,3.0,2.0,,117 Inanda Road,
3 Bedroom Townhouse,3250000.0,3.0,2.0,3.0,,1 Sheffield Beach Road,
1.5 Bedroom Apartment,599000.0,15.0,15.0,,,,
2 Bedroom Apartment,980000.0,2.0,2.0,1.0,,,
3 Bedroom House,1590000.0,3.0,25.0,6.0,,,
3 Bedroom Townhouse,,3.0,3.0,2.0,317.0,,
3 Bedroom House,3195000.0,3.0,35.0,3.0,,,
4 Bedroom House,1220000.0,4.0,1.0,8.0,1963.0,,
2 Bedroom Apartment,750000.0,2.0,2.0,2.0,,,
3 Bedroom Townhouse,1545000.0,3.0,2.0,2.0,3763.0,,
2 Bedroom Townhouse,2600000.0,2.0,2.0,3.0,4517.0,Salamander 32 Park Drive,
3 Bedroom Townhouse,3595000.0,3.0,3.0,2.0,,,
4 Bedroom Townhouse,4250000.0,4.0,3.0,4.0,,,
3 Bedroom Townhouse,3995000.0,3.0,2.0,4.0,,,
5 Bedroom House,899000.0,5.0,2.0,4.0,880.0,,
4 Bedroom House,2700000.0,4.0,3.0,6.0,12494.0,,
5 Bedroom House,2750000.0,5.0,4.0,6.0,1180.0,31 Tipuana Drive,
3 Bedroom House,960000.0,3.0,2.0,1.0,1140.0,,
4 Bedroom House,6000000.0,4.0,45.0,7.0,1177.0,5 Marion Place,
2 Bedroom Apartment,1150000.0,2.0,2.0,1.0,,,
5 Bedroom House,1200000.0,5.0,2.0,7.0,1000.0,,
6 Bedroom House,750000.0,6.0,3.0,20.0,2023.0,,
2 Bedroom Townhouse,3390000.0,2.0,25.0,2.0,1620.0,,
4 Bedroom House,3350000.0,4.0,3.0,3.0,919.0,,
2 Bedroom Townhouse,3520000.0,2.0,2.0,2.0,154.0,"Ilala Park , Ilala Ridge",
3 Bedroom Townhouse,1545000.0,3.0,2.0,2.0,3763.0,,
3 Bedroom House,3495000.0,3.0,2.0,4.0,556.0,,
1 Bedroom Apartment,740000.0,1.0,1.0,2.0,,"Ss San Juan, 270 Problem Mkhize Road",
5 Bedroom House,12500000.0,5.0,5.0,8.0,1268.0,,
5 Bedroom House,8995000.0,5.0,45.0,8.0,1105.0,17 Tara Crescent,
2 Bedroom Apartment,1133500.0,2.0,1.0,2.0,,,
1.5 Bedroom Apartment,920000.0,15.0,1.0,1.0,,,
3 Bedroom House,1495000.0,3.0,2.0,2.0,1000.0,,
2 Bedroom Apartment,700000.0,2.0,1.0,1.0,,27 Marine Drive,
2 Bedroom Apartment,1750000.0,2.0,15.0,2.0,,,
3 Bedroom Apartment,1295000.0,3.0,2.0,2.0,,,
2 Bedroom Apartment,1750000.0,2.0,15.0,2.0,,,
5 Bedroom House,2800000.0,5.0,4.0,8.0,713.0,,
2 Bedroom Townhouse,1650000.0,2.0,2.0,1.0,,,
2 Bedroom Apartment,1240000.0,2.0,1.0,2.0,,,
3 Bedroom Apartment,1650900.0,3.0,2.0,2.0,,,
3 Bedroom House,3700000.0,3.0,25.0,6.0,3571.0,,
2 Bedroom Apartment,1550000.0,2.0,2.0,2.0,,,
2 Bedroom Apartment,995000.0,2.0,2.0,1.0,,"13 Villa Del Sol, 155 Marine Drive",
6 Bedroom House,2900000.0,6.0,5.0,6.0,2023.0,24 Perth Road,
2 Bedroom Townhouse,2950400.0,2.0,2.0,1.0,,,
5 Bedroom House,2950000.0,5.0,25.0,3.0,3339.0,,
3 Bedroom Apartment,1585000.0,3.0,1.0,3.0,,,
4 Bedroom House,5500000.0,4.0,3.0,2.0,2180.0,12 Ridge Road,
2 Bedroom Apartment,3495000.0,2.0,25.0,2.0,,1 Ncondo Place,
3 Bedroom Apartment,1475000.0,3.0,2.0,3.0,,,
3 Bedroom Apartment,24550000.0,3.0,3.0,2.0,512.0,9 Beachwood Place,
0.5 Bedroom Apartment,565000.0,5.0,1.0,,,,
3 Bedroom Apartment,860000.0,3.0,1.0,2.0,,,
3 Bedroom House,1300000.0,3.0,3.0,3.0,1375.0,,
1.5 Bedroom Apartment,780000.0,15.0,1.0,2.0,,,
3 Bedroom Apartment,3695000.0,3.0,2.0,1.0,,"29 Beachcombers, 29 Mertil Lane",
4 Bedroom Apartment,3500000.0,4.0,2.0,2.0,,,
2 Bedroom House,1111860.0,2.0,2.0,1.0,208.0,,
2 Bedroom Apartment,1795000.0,2.0,2.0,,,,
0.5 Bedroom Apartment,1400000.0,5.0,1.0,1.0,,"148 Boulevard Suites, 2 Boulevard Lane",
4 Bedroom House,2400000.0,4.0,2.0,2.0,2497.0,,
2 Bedroom House,1245000.0,2.0,2.0,8.0,4106.0,,
6 Bedroom House,2300000.0,6.0,5.0,4.0,686.0,,
2 Bedroom House,715000.0,2.0,1.0,3.0,216.0,,
2 Bedroom House,895000.0,2.0,2.0,2.0,365800.0,,
3 Bedroom Townhouse,1129000.0,3.0,2.0,3.0,,,
2 Bedroom House,895000.0,2.0,2.0,2.0,365800.0,,
2 Bedroom Apartment,2500000.0,2.0,2.0,2.0,,,
2 Bedroom Apartment,789000.0,2.0,1.0,1.0,,,
1.5 Bedroom Apartment,545000.0,15.0,1.0,,,"8 Ss Glenariff, 94 Umbilo Road",
1.5 Bedroom Apartment,830000.0,15.0,1.0,1.0,,,
3 Bedroom Townhouse,3395000.0,3.0,3.0,2.0,175.0,,
4 Bedroom Townhouse,4950000.0,4.0,4.0,4.0,175.0,,
2 Bedroom Apartment,930000.0,2.0,2.0,1.0,,"10 Jakaranda, 2 Lilliecrona Boulevard",
3 Bedroom House,1995000.0,3.0,2.0,3.0,953.0,,
5 Bedroom House,1350000.0,5.0,3.0,6.0,1716.0,,
2 Bedroom Apartment,800000.0,2.0,2.0,1.0,,2 Beach Road,
1 Bedroom Apartment,650000.0,1.0,1.0,1.0,,,
4 Bedroom Townhouse,1150000.0,4.0,3.0,2.0,,"4 Yorkshire Mews, 47 York Avenue",
3 Bedroom House,1250000.0,3.0,2.0,,901.0,,
3 Bedroom Townhouse,1850000.0,3.0,2.0,2.0,10581.0,,
1 Bedroom Apartment,650000.0,1.0,1.0,1.0,,,
4 Bedroom House,7950000.0,4.0,45.0,3.0,1042.0,,
2 Bedroom Apartment,900000.0,2.0,15.0,2.0,,,
2 Bedroom Apartment,2200000.0,2.0,1.0,2.0,,,
2 Bedroom Apartment,690000.0,2.0,1.0,1.0,,,
3 Bedroom Apartment,1400000.0,3.0,2.0,2.0,,,
3 Bedroom House,1600000.0,3.0,2.0,4.0,764.0,,
2 Bedroom Apartment,950000.0,2.0,2.0,1.0,,237 Marine Parade,
1 Bedroom Apartment,4063850.0,1.0,1.0,,,,
2 Bedroom Townhouse,870000.0,2.0,1.0,1.0,,,
1 Bedroom Apartment,850000.0,1.0,1.0,1.0,,,
2 Bedroom House,595000.0,2.0,1.0,3.0,365.0,,
3 Bedroom Townhouse,1400000.0,3.0,2.0,2.0,,,
1 Bedroom Apartment,490000.0,1.0,1.0,1.0,,20 Margaret Mncadiavenue,
1 Bedroom Apartment,1100000.0,1.0,15.0,1.0,,,
4 Bedroom House,1295000.0,4.0,2.0,14.0,1000.0,,
2 Bedroom House,865000.0,2.0,1.0,1.0,79.0,,
3 Bedroom Apartment,2650000.0,3.0,2.0,,,,
1 Bedroom Apartment,550000.0,1.0,1.0,1.0,,,
2 Bedroom Apartment,2150000.0,2.0,1.0,1.0,1032.0,,
2 Bedroom House,350000.0,2.0,1.0,1.0,800.0,,
3 Bedroom House,985000.0,3.0,1.0,2.0,,,
0.5 Bedroom Apartment,320000.0,5.0,1.0,,41.0,,
Apartment,250000.0,,1.0,,,,
3 Bedroom House,1490000.0,3.0,2.0,4.0,,,
10 Bedroom House,450000.0,10.0,3.0,6.0,800.0,,
Apartment,250000.0,,1.0,,,,
1 Bedroom House,2545000.0,1.0,1.0,2.0,,,
Apartment,575000.0,,15.0,1.0,,,
4 Bedroom House,450000.0,4.0,1.0,5.0,,,
6 Bedroom House,2500000.0,6.0,3.0,3.0,643.0,,
2 Bedroom Apartment,2200000.0,2.0,2.0,2.0,,,
4 Bedroom House,10775000.0,4.0,35.0,5.0,901.0,Izinyoni Terrace,
2 Bedroom Townhouse,3500000.0,2.0,2.0,2.0,7072.0,,
1 Bedroom Apartment,650000.0,1.0,1.0,,,,
2 Bedroom Apartment,899999.0,2.0,1.0,1.0,,,
2 Bedroom Apartment,1790000.0,2.0,1.0,1.0,,,
2 Bedroom Apartment,1780000.0,2.0,1.0,1.0,,,
7 Bedroom House,3300000.0,7.0,5.0,,2158.0,,
4 Bedroom House,7990000.0,4.0,35.0,5.0,,,
3 Bedroom Apartment,750000.0,3.0,2.0,1.0,,,
3 Bedroom House,4100000.0,3.0,2.0,3.0,4047.0,,
4 Bedroom Townhouse,2700000.0,4.0,2.0,1.0,,,
3 Bedroom Townhouse,950000.0,3.0,1.0,2.0,,,
2 Bedroom Apartment,670000.0,2.0,1.0,1.0,,,
1 Bedroom Apartment,2545000.0,1.0,1.0,1.0,,,
1 Bedroom Apartment,695000.0,1.0,1.0,1.0,,,
2 Bedroom Apartment,920000.0,2.0,1.0,1.0,,,
3 Bedroom Townhouse,1200000.0,3.0,2.0,4.0,3648.0,,
2 Bedroom Apartment,2200000.0,2.0,2.0,2.0,,,
4 Bedroom House,1495000.0,4.0,2.0,3.0,1016.0,,
2 Bedroom Townhouse,895000.0,2.0,1.0,1.0,8531.0,,
2 Bedroom Apartment,1200000.0,2.0,1.0,,,,
2 Bedroom Apartment,600000.0,2.0,,1.0,,,
2 Bedroom House,2250000.0,2.0,1.0,4.0,2025.0,,
3 Bedroom Apartment,925000.0,3.0,2.0,2.0,,,
2 Bedroom Apartment,6336000.0,2.0,2.0,2.0,,,
2 Bedroom Apartment,1150000.0,2.0,2.0,2.0,,,
5 Bedroom House,2900000.0,5.0,4.0,4.0,1423.0,9 Quarry Road,
Apartment,1100000.0,,1.0,1.0,,"317 Ss THE Cube, 37 Zenith Drive",
2 Bedroom Apartment,600000.0,2.0,,1.0,,,
2 Bedroom Apartment,709900.0,2.0,1.0,,,,
3 Bedroom Apartment,5900000.0,3.0,25.0,2.0,,,
3 Bedroom Apartment,3800000.0,3.0,25.0,2.0,,,
3 Bedroom House,1240000.0,3.0,15.0,14.0,530.0,,
3 Bedroom House,1850000.0,3.0,2.0,6.0,1417.0,,
4 Bedroom House,2440000.0,4.0,2.0,7.0,1860.0,,
2 Bedroom House,550000.0,2.0,1.0,,,,
5 Bedroom House,6495000.0,5.0,3.0,4.0,873.0,,
2 Bedroom Apartment,1030000.0,2.0,2.0,1.0,,,
3 Bedroom House,954000.0,3.0,1.0,2.0,642.0,,
2 Bedroom Apartment,1795000.0,2.0,2.0,2.0,,,
2 Bedroom Apartment,790000.0,2.0,2.0,1.0,,,
1 Bedroom Apartment,850000.0,1.0,1.0,1.0,,,
1 Bedroom Townhouse,580000.0,1.0,1.0,1.0,27771.0,,
1 Bedroom Apartment,1345000.0,1.0,1.0,1.0,,,
3 Bedroom Apartment,1270000.0,3.0,2.0,1.0,,,
3 Bedroom Townhouse,1400000.0,3.0,2.0,,4086.0,"9 Gemicowave, 433 Mcloed",
3 Bedroom Townhouse,1200000.0,3.0,2.0,2.0,,,
2 Bedroom Apartment,1299000.0,2.0,2.0,1.0,,,
2 Bedroom Apartment,1460000.0,2.0,2.0,2.0,,,
1 Bedroom Apartment,620000.0,1.0,1.0,1.0,,,
2 Bedroom Apartment,985500.0,2.0,2.0,1.0,,,
1 Bedroom Apartment,850000.0,1.0,1.0,1.0,,,
2 Bedroom Apartment,2013650.0,2.0,2.0,,,,
2 Bedroom Apartment,1886575.0,2.0,2.0,,,,
2 Bedroom Apartment,1788825.0,2.0,2.0,,,,
2 Bedroom Apartment,1964775.0,2.0,2.0,,,,
1.5 Bedroom Apartment,1395000.0,15.0,15.0,,,,
2 Bedroom Apartment,995000.0,2.0,2.0,2.0,,,
5 Bedroom House,1439000.0,5.0,3.0,8.0,1327.0,,
1 Bedroom Apartment,760000.0,1.0,1.0,1.0,,,
1 Bedroom Apartment,1800000.0,1.0,1.0,1.0,,,
1 Bedroom Apartment,620000.0,1.0,1.0,1.0,,,
3 Bedroom Apartment,995000.0,3.0,2.0,1.0,,2 Panorama Parade,
3 Bedroom Apartment,930000.0,3.0,2.0,1.0,,,
3 Bedroom Apartment,12500000.0,3.0,3.0,4.0,,,
3 Bedroom House,1400000.0,3.0,3.0,6.0,937.0,51 Neptune Drive,
3 Bedroom House,4100000.0,3.0,2.0,2.0,1013.0,,
3 Bedroom House,2399000.0,3.0,25.0,4.0,2018.0,,
3 Bedroom Apartment,2040000.0,3.0,2.0,2.0,,,
1.5 Bedroom Apartment,415000.0,15.0,1.0,,,42 Broad Street,
2 Bedroom Apartment,1250000.0,2.0,2.0,2.0,,,
6 Bedroom House,2600000.0,6.0,5.0,2.0,1131.0,,
3 Bedroom Townhouse,2850000.0,3.0,2.0,2.0,32054.0,,
4 Bedroom House,3200000.0,4.0,2.0,2.0,2243.0,,
4 Bedroom House,6295000.0,4.0,35.0,8.0,,,
3 Bedroom Apartment,2040000.0,3.0,2.0,2.0,,,
2 Bedroom Apartment,550000.0,2.0,1.0,2.0,,,
5 Bedroom House,4495000.0,5.0,3.0,3.0,3358.0,,
2.5 Bedroom Apartment,1295000.0,25.0,2.0,,,,
2 Bedroom Apartment,1900000.0,2.0,2.0,1.0,,,
3 Bedroom House,1500000.0,3.0,2.0,4.0,976.0,,
2 Bedroom Townhouse,980000.0,2.0,1.0,1.0,,,
2 Bedroom Apartment,450000.0,2.0,2.0,1.0,,,
2 Bedroom Townhouse,950000.0,2.0,1.0,2.0,71023.0,"6 Ss Eden Crest, 24 Maurice Road",
3 Bedroom Apartment,1150000.0,3.0,2.0,1.0,,1 Panorama Parade,
3 Bedroom Townhouse,3450000.0,3.0,2.0,1.0,,,
0.5 Bedroom Apartment,1650000.0,5.0,1.0,1.0,,,
3 Bedroom House,2900000.0,3.0,4.0,4.0,2076.0,39 Highlands Road,
3 Bedroom Apartment,2850000.0,3.0,2.0,2.0,,,
1 Bedroom Apartment,1700000.0,1.0,1.0,1.0,,115 Musgrave Avenue,
3 Bedroom House,650000.0,3.0,1.0,8.0,392.0,,
1 Bedroom House,850000.0,1.0,1.0,,,,
3 Bedroom House,999000.0,3.0,1.0,,62.0,,
1 Bedroom Apartment,900000.0,1.0,1.0,1.0,,,
4 Bedroom House,1280000.0,4.0,25.0,4.0,,,
2 Bedroom Apartment,1650000.0,2.0,1.0,1.0,,,
2 Bedroom Apartment,650000.0,2.0,1.0,1.0,,,
2 Bedroom House,595000.0,2.0,2.0,1.0,580.0,,
3 Bedroom Townhouse,1799000.0,3.0,25.0,2.0,6951.0,,
3 Bedroom Townhouse,3450000.0,3.0,2.0,1.0,,,
2 Bedroom Apartment,1325000.0,2.0,2.0,1.0,,,
2 Bedroom Apartment,930000.0,2.0,1.0,1.0,,,
4 Bedroom House,9750000.0,4.0,5.0,2.0,1051.0,105 Crowned Eagle Drive,
3 Bedroom House,1150000.0,3.0,1.0,5.0,275.0,,
6 Bedroom House,5200000.0,6.0,4.0,8.0,5562.0,69a Montgomery Drive,
10 Bedroom House,4200000.0,10.0,10.0,5.0,1896.0,,
4 Bedroom House,1750000.0,4.0,3.0,2.0,2147.0,32 Beach Front,
2 Bedroom Apartment,895000.0,2.0,1.0,2.0,,,
3 Bedroom House,2595000.0,3.0,2.0,2.0,,19 Berea Park Road,
1 Bedroom Apartment,1050000.0,1.0,1.0,1.0,57.0,,
3 Bedroom House,3500000.0,3.0,2.0,3.0,4172.0,,
3 Bedroom House,900000.0,3.0,1.0,2.0,228.0,,
5 Bedroom House,5990000.0,5.0,7.0,22.0,2997.0,11 Sherwood Road,
3 Bedroom Apartment,6899000.0,3.0,3.0,2.0,,,
3 Bedroom Townhouse,780000.0,3.0,2.0,,20257.0,,
2 Bedroom Apartment,880000.0,2.0,15.0,1.0,,,
2 Bedroom Apartment,1700000.0,2.0,1.0,,,263 Marine Parade,
6 Bedroom House,3500000.0,6.0,4.0,3.0,,,
2 Bedroom Apartment,2995000.0,2.0,2.0,2.0,,,
3 Bedroom House,3500000.0,3.0,2.0,3.0,4172.0,,
2 Bedroom Apartment,2450000.0,2.0,2.0,2.0,,64 Lush Condos,
2 Bedroom House,772000.0,2.0,1.0,1.0,1412.0,,
3 Bedroom House,1650000.0,3.0,15.0,1.0,357.0,,
3 Bedroom Apartment,2100000.0,3.0,2.0,3.0,,,
1 Bedroom House,290000.0,1.0,1.0,1.0,,"12 Margate Caravan Park, 12 Varley Road",
3 Bedroom Apartment,2650000.0,3.0,2.0,2.0,,,
2 Bedroom Apartment,720000.0,2.0,1.0,1.0,,"74 Derek Hall, 170 Jabu Ndlovu Street",
3 Bedroom Townhouse,1140000.0,3.0,2.0,2.0,108034.0,,
2 Bedroom Apartment,500000.0,2.0,1.0,1.0,,,
2 Bedroom Apartment,660000.0,2.0,1.0,,,,
1 Bedroom Apartment,795000.0,1.0,1.0,1.0,,,
4 Bedroom House,5670000.0,4.0,3.0,4.0,534.0,6 Plantations,
1 Bedroom Apartment,650000.0,1.0,1.0,1.0,,,
4 Bedroom House,895000.0,4.0,1.0,3.0,200.0,,
2 Bedroom Apartment,920000.0,2.0,1.0,1.0,,,
4 Bedroom House,999000.0,4.0,2.0,6.0,866.0,51a Circle Drive,
3 Bedroom Townhouse,2200000.0,3.0,2.0,3.0,643.0,,
2 Bedroom Apartment,895000.0,2.0,2.0,1.0,,,
3 Bedroom House,1279000.0,3.0,2.0,7.0,942.0,,
4 Bedroom House,1270000.0,4.0,2.0,2.0,1000.0,,
3 Bedroom Apartment,2849000.0,3.0,2.0,2.0,,,
4 Bedroom House,1450000.0,4.0,2.0,9.0,1033.0,,
1 Bedroom Apartment,795000.0,1.0,1.0,1.0,,,
5 Bedroom House,5975000.0,5.0,45.0,2.0,1731.0,,
3 Bedroom Apartment,1950000.0,3.0,2.0,2.0,,,
3 Bedroom Apartment,1250000.0,3.0,2.0,1.0,,,
3 Bedroom House,2580000.0,3.0,2.0,6.0,1138.0,,
7 Bedroom House,1630000.0,7.0,3.0,8.0,676.0,,
1 Bedroom Apartment,651000.0,1.0,1.0,1.0,,,
2 Bedroom Apartment,3500000.0,2.0,2.0,1.0,,,
2 Bedroom Apartment,680000.0,2.0,1.0,1.0,,,
3 Bedroom House,800000.0,3.0,1.0,4.0,309.0,,
3 Bedroom Apartment,2495000.0,3.0,2.0,2.0,,,
2 Bedroom Apartment,1995000.0,2.0,2.0,1.0,,,
1 Bedroom Apartment,400000.0,1.0,1.0,,,,
2 Bedroom Townhouse,799999.0,2.0,1.0,2.0,117.0,,
5 Bedroom House,4395000.0,5.0,3.0,4.0,1844.0,,
1 Bedroom Apartment,825000.0,1.0,1.0,1.0,,,
1.5 Bedroom Apartment,520000.0,15.0,1.0,1.0,,,
3 Bedroom Townhouse,3449000.0,3.0,2.0,3.0,10689.0,,
2 Bedroom Apartment,595000.0,2.0,2.0,1.0,,,
1 Bedroom Apartment,400000.0,1.0,1.0,,,,
2 Bedroom Apartment,850000.0,2.0,15.0,1.0,,,
2 Bedroom Apartment,1349000.0,2.0,1.0,2.0,,,
1.5 Bedroom Apartment,1395000.0,15.0,2.0,1.0,,,
3 Bedroom Townhouse,2450000.0,3.0,3.0,6.0,500.0,"1 Clifton Manor, 14 York Road",
2 Bedroom Apartment,1150000.0,2.0,1.0,2.0,,,
3 Bedroom House,6900000.0,3.0,35.0,3.0,,Forestwood Drive,
4 Bedroom House,4400000.0,4.0,3.0,2.0,5252.0,29 Russell Mellick Road,
3 Bedroom House,1269000.0,3.0,2.0,5.0,,,
2.5 Bedroom Apartment,1275000.0,25.0,1.0,2.0,,,
2 Bedroom Apartment,950000.0,2.0,15.0,1.0,,69 Currie Road,
4 Bedroom House,1599000.0,4.0,1.0,10.0,925.0,,
3 Bedroom House,789000.0,3.0,2.0,,352.0,,
3 Bedroom House,1290000.0,3.0,3.0,2.0,1295.0,,
House,340000.0,,,,,,
6 Bedroom House,5750000.0,6.0,45.0,12.0,949.0,,
4 Bedroom House,2250000.0,4.0,2.0,4.0,1052.0,,
3 Bedroom House,1600000.0,3.0,2.0,6.0,743.0,38 Mercury Drive,
2.5 Bedroom Apartment,450000.0,25.0,1.0,,,32 Joseph Nduli St,
5 Bedroom House,28000000.0,5.0,5.0,4.0,860.0,,
3 Bedroom Apartment,2999000.0,3.0,3.0,2.0,,,
3 Bedroom Townhouse,1450000.0,3.0,25.0,2.0,,"202 Ss New Haven Mews, 18 Newhaven Road",
3 Bedroom Apartment,1495000.0,3.0,2.0,2.0,,"9 Ss Innes Grange, 168 Innes Road",
3 Bedroom Townhouse,3200000.0,3.0,2.0,4.0,,,
3 Bedroom House,1600000.0,3.0,2.0,6.0,743.0,38 Mercury Drive,
2 Bedroom House,850000.0,2.0,1.0,,223.0,59 Seafern Road,
4 Bedroom House,1850000.0,4.0,3.0,4.0,1100.0,14 Graham Mcfie Avenue,
3 Bedroom Apartment,1699000.0,3.0,3.0,3.0,,Unit 8 Naroth Ville 121 Wattle Grove,
2 Bedroom Townhouse,1295000.0,2.0,3.0,2.0,5643.0,,
3 Bedroom Apartment,753000.0,3.0,2.0,1.0,,,
3 Bedroom Apartment,2225250.0,3.0,2.0,2.0,,,
5 Bedroom House,10500000.0,5.0,5.0,4.0,583.0,,
5 Bedroom House,1290000.0,5.0,4.0,5.0,1433.0,,
3 Bedroom House,5199000.0,3.0,25.0,4.0,,1 Sheffield Drive,
3 Bedroom Townhouse,980000.0,3.0,2.0,2.0,4410.0,,
3 Bedroom Townhouse,1550000.0,3.0,2.0,5.0,2271.0,,
5 Bedroom House,2400000.0,5.0,35.0,6.0,1215.0,,
3 Bedroom House,5199000.0,3.0,25.0,4.0,,1 Sheffield Drive,
3 Bedroom House,995000.0,3.0,2.0,1.0,406.0,22 Sinana Place,
4 Bedroom House,1349000.0,4.0,2.0,5.0,681.0,,
4 Bedroom Apartment,3795000.0,4.0,25.0,2.0,,96 Ilala,
4 Bedroom House,3350000.0,4.0,3.0,1.0,1000.0,13 Brokensha Rd,
3 Bedroom Townhouse,995000.0,3.0,2.0,2.0,,,
3 Bedroom Apartment,799000.0,3.0,2.0,1.0,,,
2 Bedroom Apartment,650000.0,2.0,1.0,1.0,,,
2 Bedroom Townhouse,950000.0,2.0,2.0,1.0,825.0,,
3 Bedroom House,1050000.0,3.0,2.0,1.0,,,
4 Bedroom Townhouse,3250000.0,4.0,35.0,3.0,15941.0,,
4 Bedroom House,1450000.0,4.0,2.0,6.0,,,
2 Bedroom Townhouse,2853241.0,2.0,2.0,4.0,,33 The Woods 2,
0.5 Bedroom Apartment,669600.0,5.0,1.0,,,,
4 Bedroom House,550000.0,4.0,2.0,5.0,800.0,,
3 Bedroom Apartment,1540000.0,3.0,2.0,1.0,,,
1 Bedroom Apartment,499000.0,1.0,1.0,,,"4 Kings Mansion, 30 Acutt Street",
1 Bedroom Apartment,980000.0,1.0,1.0,1.0,,,
3 Bedroom Townhouse,1350000.0,3.0,25.0,2.0,,,
2 Bedroom Townhouse,590000.0,2.0,1.0,2.0,109558.0,,
3 Bedroom House,5500000.0,3.0,3.0,2.0,1000.0,,
3 Bedroom Townhouse,3600000.0,3.0,3.0,2.0,,,
3 Bedroom Apartment,1500000.0,3.0,2.0,2.0,,29 Marine Drive,
2 Bedroom Apartment,1100000.0,2.0,2.0,1.0,,,
3 Bedroom Apartment,17695000.0,3.0,35.0,3.0,,,
2 Bedroom Townhouse,795000.0,2.0,1.0,3.0,1564.0,,
2 Bedroom Apartment,1200000.0,2.0,1.0,1.0,,1 Lee Barnes Boulevard,
2 Bedroom Apartment,2650000.0,2.0,2.0,2.0,,,
4 Bedroom House,550000.0,4.0,2.0,5.0,800.0,,
Apartment,815000.0,,1.0,1.0,,,
1.5 Bedroom Apartment,645000.0,15.0,1.0,2.0,,"12 Constantia, 157 Fenniscowles Road",
3 Bedroom Townhouse,2350000.0,3.0,35.0,4.0,,"Unit # 25 (section 37) Ss Eagles Ayre, 10 Scott Street",
3 Bedroom Townhouse,2400000.0,3.0,3.0,6.0,,"Unit # 29 (section 40) Ss Eagles Ayre, 10 Scott Street",
3 Bedroom Townhouse,2500000.0,3.0,25.0,4.0,,"Ss 34 Section 45 Ss Eagles Ayre, 10 Scott Street",
2 Bedroom Townhouse,950000.0,2.0,1.0,1.0,,,
3 Bedroom Apartment,9995000.0,3.0,35.0,2.0,,,
3 Bedroom House,3395000.0,3.0,25.0,4.0,,"3 Fernridge, 32 Flamingo Drive",
3 Bedroom Apartment,1390000.0,3.0,25.0,3.0,,"5 Ss Rue De Ville, 73 Marine Terrace",
3 Bedroom Apartment,850000.0,3.0,15.0,4.0,,,
4 Bedroom House,2995000.0,4.0,4.0,4.0,3641.0,,
3 Bedroom Apartment,2490000.0,3.0,2.0,,,,
1.5 Bedroom Apartment,625000.0,15.0,1.0,1.0,,"14 Constantia, 151 Fenniscowles Road",
3 Bedroom House,750000.0,3.0,2.0,3.0,413.0,,
4 Bedroom House,2365000.0,4.0,2.0,,25.0,,
3 Bedroom House,950000.0,3.0,3.0,5.0,209.0,,
2 Bedroom Apartment,6900000.0,2.0,2.0,1.0,,7 Lagoon Drive,
1.5 Bedroom Apartment,625000.0,15.0,1.0,1.0,,"14 Constantia, 151 Fenniscowles Road",
1 Bedroom Apartment,4200000.0,1.0,1.0,1.0,,"2010 Ss Pearl Sky, 6 Lagoon Drive",
3 Bedroom House,2895000.0,3.0,25.0,3.0,,,
4 Bedroom House,7500000.0,4.0,4.0,13.0,6537.0,,
2 Bedroom Apartment,2049900.0,2.0,2.0,2.0,,789 Hills Avenue,
1 Bedroom Apartment,750000.0,1.0,,,,,
2 Bedroom Apartment,1500000.0,2.0,2.0,2.0,,,
2 Bedroom Apartment,890000.0,2.0,2.0,1.0,,113 Beach Road,
3 Bedroom Apartment,2695000.0,3.0,2.0,2.0,,,
3 Bedroom Townhouse,2350000.0,3.0,2.0,2.0,,,
2.5 Bedroom Apartment,1695000.0,25.0,15.0,1.0,,526 Currie Road,
4 Bedroom House,1300000.0,4.0,2.0,2.0,387.0,,
12 Bedroom House,2300000.0,12.0,11.0,5.0,1010.0,,
2 Bedroom Apartment,5600000.0,2.0,2.0,1.0,,,
2 Bedroom Apartment,699000.0,2.0,15.0,2.0,,,
2 Bedroom Apartment,1190000.0,2.0,1.0,1.0,,,
1 Bedroom Apartment,750000.0,1.0,,,,,
4 Bedroom House,1950000.0,4.0,2.0,4.0,1012.0,,
3 Bedroom House,3290000.0,3.0,15.0,15.0,1013.0,,
3 Bedroom House,1299000.0,3.0,2.0,1.0,1219.0,,
3 Bedroom Townhouse,1095000.0,3.0,2.0,2.0,4076.0,,
5 Bedroom House,1550000.0,5.0,3.0,6.0,1006.0,27 Manton Crescent,
4 Bedroom House,,4.0,3.0,2.0,1501.0,,
3 Bedroom Apartment,2499000.0,3.0,2.0,2.0,,,
4 Bedroom House,950000.0,4.0,2.0,3.0,1587.0,,
4 Bedroom House,13950000.0,4.0,4.0,9.0,1617.0,171 Marula Close,
2 Bedroom Apartment,1296000.0,2.0,2.0,1.0,,,
2 Bedroom Townhouse,2395000.0,2.0,2.0,2.0,9320.0,,
1.5 Bedroom Apartment,549000.0,15.0,1.0,1.0,2902.0,,
3 Bedroom House,1195000.0,3.0,2.0,7.0,2001.0,,
4 Bedroom House,1350000.0,4.0,2.0,2.0,929.0,,
11 Bedroom House,3950000.0,11.0,105.0,7.0,4156.0,,
4 Bedroom Apartment,4995000.0,4.0,45.0,3.0,,,
3 Bedroom Apartment,3250000.0,3.0,2.0,2.0,,,
3 Bedroom Townhouse,1150000.0,3.0,2.0,2.0,,,
4 Bedroom House,5300000.0,4.0,3.0,6.0,1129.0,,
3 Bedroom House,799000.0,3.0,1.0,5.0,286.0,,
3 Bedroom Townhouse,2950000.0,3.0,2.0,5.0,1282.0,,
2 Bedroom Apartment,1420000.0,2.0,15.0,1.0,,,
2 Bedroom Apartment,3500000.0,2.0,2.0,2.0,,,
3 Bedroom Apartment,4650000.0,3.0,3.0,3.0,,,
11 Bedroom House,3950000.0,11.0,105.0,7.0,4156.0,,
3 Bedroom House,668000.0,3.0,1.0,1.0,351.0,,
2 Bedroom Apartment,1421000.0,2.0,2.0,1.0,,,
3 Bedroom Apartment,1150000.0,3.0,2.0,3.0,,,
3 Bedroom House,1100000.0,3.0,2.0,6.0,930.0,,
House,6900000.0,,,,20000.0,142 Shakaskraal Street,
4 Bedroom House,1750000.0,4.0,2.0,2.0,1851.0,,
1 Bedroom Apartment,540000.0,1.0,1.0,,,,
3 Bedroom House,1550000.0,3.0,2.0,1.0,460.0,,
4 Bedroom House,3750000.0,4.0,4.0,12.0,1107.0,,
4 Bedroom House,10000000.0,4.0,4.0,4.0,1281.0,,
9 Bedroom House,3995000.0,9.0,9.0,12.0,959.0,,
2 Bedroom Apartment,870000.0,2.0,2.0,2.0,,,
3 Bedroom Townhouse,930000.0,3.0,2.0,1.0,6826.0,,
4 Bedroom House,1745000.0,4.0,2.0,1.0,900.0,,
4 Bedroom House,7395000.0,4.0,35.0,3.0,1247.0,,
4 Bedroom House,1440000.0,4.0,25.0,3.0,1100.0,,
5 Bedroom House,1100000.0,5.0,2.0,3.0,1253.0,,
3 Bedroom House,2250000.0,3.0,1.0,15.0,1559.0,,
1 Bedroom Apartment,600000.0,1.0,1.0,1.0,,,
3 Bedroom House,1450000.0,3.0,1.0,,1015.0,,
3 Bedroom House,2375000.0,3.0,2.0,10.0,1029.0,,
2 Bedroom Apartment,1270000.0,2.0,2.0,2.0,60.0,,
5 Bedroom House,1700000.0,5.0,4.0,4.0,1167.0,,
Apartment,452000.0,,1.0,,59.0,,
5 Bedroom House,1100000.0,5.0,2.0,3.0,1253.0,,
2 Bedroom Apartment,1250000.0,2.0,1.0,1.0,,,
7 Bedroom House,1800000.0,7.0,6.0,3.0,,85 Groom Street,
1 Bedroom Apartment,470000.0,1.0,1.0,1.0,,,
3 Bedroom Apartment,2500000.0,3.0,2.0,,,,
2 Bedroom House,740000.0,2.0,1.0,6.0,156.0,,
4 Bedroom House,700000.0,4.0,3.0,1.0,820.0,,
3 Bedroom Apartment,5799000.0,3.0,3.0,2.0,,,
2 Bedroom House,490000.0,2.0,1.0,6.0,246.0,,
4 Bedroom House,3392000.0,4.0,3.0,10.0,,,
3 Bedroom House,750000.0,3.0,2.0,2.0,,,
Apartment,450000.0,,1.0,,,,
3 Bedroom Apartment,960000.0,3.0,2.0,2.0,,,
2 Bedroom House,1150000.0,2.0,2.0,,,,
2 Bedroom House,690000.0,2.0,1.0,1.0,89.0,,
8 Bedroom Apartment,2800000.0,8.0,4.0,1.0,398.0,,
1.5 Bedroom Apartment,1265000.0,15.0,1.0,,,,
2 Bedroom Townhouse,450000.0,2.0,1.0,,,,
2 Bedroom Apartment,,2.0,1.0,1.0,,"Aviva, Emberton Estate, 90 Ashley Drive, Gillitts",
1 Bedroom Apartment,499000.0,1.0,1.0,1.0,20000.0,,
3 Bedroom Townhouse,3400000.0,3.0,25.0,2.0,2624.0,,
4 Bedroom House,3392000.0,4.0,3.0,10.0,,,
2 Bedroom Apartment,995000.0,2.0,1.0,2.0,,,
4 Bedroom House,3750000.0,4.0,2.0,4.0,,,
9 Bedroom House,1350000.0,9.0,7.0,10.0,1558.0,625 Main Road,
3 Bedroom Apartment,3750000.0,3.0,2.0,2.0,,10 Heleza Boulevard,
5 Bedroom House,18500000.0,5.0,55.0,7.0,1598.0,,
4 Bedroom House,1795000.0,4.0,3.0,9.0,,,
3 Bedroom House,2945000.0,3.0,2.0,2.0,220.0,,
2 Bedroom Apartment,699000.0,2.0,1.0,1.0,,,
3 Bedroom House,1850000.0,3.0,2.0,2.0,1360.0,,
2 Bedroom Apartment,1299000.0,2.0,2.0,2.0,,,
7 Bedroom House,13000000.0,7.0,7.0,7.0,1335.0,,
2 Bedroom Apartment,2275000.0,2.0,2.0,2.0,,,
4 Bedroom House,9995000.0,4.0,4.0,9.0,1012.0,,
4 Bedroom House,899000.0,4.0,2.0,4.0,372.0,,
9 Bedroom House,1350000.0,9.0,7.0,10.0,1558.0,625 Main Road,
3 Bedroom Townhouse,2195000.0,3.0,2.0,2.0,,,
2 Bedroom House,1250000.0,2.0,1.0,,250.0,,
6 Bedroom House,7000000.0,6.0,65.0,8.0,1585.0,,
2 Bedroom House,1074100.0,2.0,2.0,1.0,205.0,,
3 Bedroom Apartment,450000.0,3.0,2.0,1.0,,"G08 The Boulders, 84ab Compensation Beach Road",
2 Bedroom Apartment,1080000.0,2.0,1.0,1.0,,,
3 Bedroom Apartment,940000.0,3.0,2.0,2.0,,,
6 Bedroom House,20000000.0,6.0,7.0,4.0,1813.0,,
2 Bedroom Apartment,1800000.0,2.0,2.0,1.0,,,
4 Bedroom Apartment,1475000.0,4.0,2.0,2.0,,,
2 Bedroom Apartment,1150000.0,2.0,1.0,1.0,,,
2 Bedroom Apartment,1700000.0,2.0,1.0,1.0,,,
3 Bedroom Apartment,11750000.0,3.0,3.0,2.0,,,
5 Bedroom House,,5.0,8.0,8.0,3544.0,,
1 Bedroom Apartment,650000.0,1.0,1.0,1.0,,,
2 Bedroom Apartment,650000.0,2.0,1.0,1.0,,,
3 Bedroom House,4100000.0,3.0,2.0,4.0,552.0,,
2 Bedroom Apartment,581000.0,2.0,1.0,,,,
2 Bedroom Townhouse,450000.0,2.0,1.0,1.0,,,
6 Bedroom House,1050000.0,6.0,3.0,5.0,,,
3 Bedroom House,1050000.0,3.0,2.0,,766.0,,
2 Bedroom Apartment,690000.0,2.0,1.0,,,,
4 Bedroom Townhouse,5950000.0,4.0,3.0,2.0,5021.0,,
2 Bedroom Apartment,390000.0,2.0,1.0,10.0,,,
4 Bedroom Townhouse,5950000.0,4.0,3.0,2.0,5021.0,,
2 Bedroom Apartment,1200000.0,2.0,1.0,1.0,,,
1 Bedroom Apartment,1080000.0,1.0,1.0,2.0,,,
3 Bedroom Apartment,1300000.0,3.0,2.0,2.0,,,
2 Bedroom Apartment,760000.0,2.0,1.0,1.0,,10 Ross Street,
3 Bedroom Apartment,1599000.0,3.0,25.0,1.0,,,
4 Bedroom Townhouse,1270000.0,4.0,2.0,3.0,13372.0,,
2 Bedroom Townhouse,895000.0,2.0,1.0,2.0,,,
4 Bedroom House,7899000.0,4.0,4.0,2.0,,,
2 Bedroom House,5500000.0,2.0,2.0,4.0,5.0,,
3 Bedroom Townhouse,1200000.0,3.0,2.0,1.0,,,
3 Bedroom House,4690000.0,3.0,25.0,2.0,1364.0,,
4 Bedroom House,7899000.0,4.0,4.0,2.0,,,
1 Bedroom Apartment,1195000.0,1.0,1.0,1.0,,,
3 Bedroom House,850000.0,3.0,2.0,3.0,,,
3 Bedroom House,799000.0,3.0,1.0,1.0,308.0,,
19 Bedroom House,,19.0,20.0,11.0,4200.0,,
2 Bedroom Apartment,965000.0,2.0,2.0,1.0,,,
1.5 Bedroom Apartment,495000.0,15.0,1.0,,,,
5 Bedroom House,,5.0,4.0,4.0,1245.0,,
1 Bedroom Apartment,625000.0,1.0,1.0,1.0,,,
4 Bedroom Apartment,3595000.0,4.0,25.0,4.0,,,
2 Bedroom Apartment,830000.0,2.0,2.0,1.0,,,
2 Bedroom Townhouse,1280000.0,2.0,15.0,2.0,119.0,,
5 Bedroom House,1650000.0,5.0,35.0,1.0,,,
1 Bedroom Apartment,1150000.0,1.0,1.0,1.0,,,
4 Bedroom Townhouse,3280000.0,4.0,4.0,4.0,,,
3 Bedroom Townhouse,3850000.0,3.0,2.0,4.0,,1 Kindlewood Drive,
2.5 Bedroom Apartment,699000.0,25.0,15.0,1.0,,,
2 Bedroom Apartment,2975000.0,2.0,25.0,1.0,,,
2 Bedroom Townhouse,1195000.0,2.0,1.0,3.0,,,
3 Bedroom Apartment,1000000.0,3.0,2.0,1.0,,,
3 Bedroom Apartment,1100000.0,3.0,2.0,2.0,,,
3 Bedroom Townhouse,1995000.0,3.0,2.0,2.0,1045.0,,
3 Bedroom Apartment,3695000.0,3.0,2.0,2.0,,,
2 Bedroom House,480000.0,2.0,1.0,,1031.0,,
3 Bedroom Townhouse,1815000.0,3.0,2.0,4.0,4858.0,,
2 Bedroom Apartment,1250000.0,2.0,1.0,1.0,,,
3 Bedroom Apartment,2895000.0,3.0,2.0,2.0,,,
2 Bedroom Apartment,695000.0,2.0,2.0,1.0,,,
4 Bedroom Townhouse,3280000.0,4.0,4.0,4.0,,,
2 Bedroom Apartment,1269999.0,2.0,2.0,1.0,,,
15 Bedroom House,3799999.0,15.0,9.0,4.0,,,
5 Bedroom House,685000.0,5.0,3.0,4.0,413.0,3 Larkins Road,
4 Bedroom Apartment,6350000.0,4.0,2.0,2.0,,,
3 Bedroom House,4400000.0,3.0,25.0,2.0,,,
1 Bedroom Apartment,650000.0,1.0,1.0,1.0,1087.0,219 Helen Joseph Road,
4 Bedroom House,1650000.0,4.0,,3.0,,,
4 Bedroom House,5100000.0,4.0,35.0,2.0,1856.0,,
3 Bedroom House,1250000.0,3.0,2.0,7.0,1597.0,,
3 Bedroom Apartment,10412500.0,3.0,35.0,2.0,,,
3 Bedroom House,2595000.0,3.0,3.0,2.0,1300.0,,
9 Bedroom House,2800000.0,9.0,5.0,6.0,1005.0,,
1 Bedroom Apartment,745000.0,1.0,1.0,1.0,,"6 Ss Chopleigh, 121 Peter Mokaba Road",
2 Bedroom Apartment,1295000.0,2.0,1.0,2.0,,,
3 Bedroom Townhouse,1150000.0,3.0,2.0,2.0,,,
5 Bedroom House,1750000.0,5.0,3.0,6.0,1419.0,,
3 Bedroom Apartment,3450000.0,3.0,2.0,2.0,,,
4 Bedroom House,1695000.0,4.0,2.0,3.0,1547.0,,
3 Bedroom Apartment,2395000.0,3.0,2.0,3.0,,,
4 Bedroom House,1695000.0,4.0,2.0,3.0,1547.0,,
2 Bedroom House,4850000.0,2.0,2.0,2.0,604.0,18 Yellowwood Avenue,
2 Bedroom Apartment,2615000.0,2.0,2.0,1.0,,9 East Row,
4 Bedroom House,1380000.0,4.0,4.0,6.0,,,
1 Bedroom Apartment,850000.0,1.0,1.0,1.0,,10 Newton Place,
2 Bedroom Apartment,695000.0,2.0,1.0,,,,
4 Bedroom House,5995000.0,4.0,35.0,4.0,1.0,,
3 Bedroom House,2850000.0,3.0,2.0,1.0,635.0,,
3 Bedroom House,1825000.0,3.0,2.0,3.0,1774.0,,
20 Bedroom House,35000000.0,20.0,16.0,40.0,20.0,,
1.5 Bedroom Apartment,600000.0,15.0,1.0,1.0,,,
5 Bedroom Townhouse,2750000.0,5.0,2.0,2.0,,,
4 Bedroom House,1700000.0,4.0,2.0,5.0,817.0,,
3 Bedroom Townhouse,5800000.0,3.0,2.0,2.0,,,
3 Bedroom House,5200000.0,3.0,25.0,13.0,1008.0,,
1.5 Bedroom Apartment,750000.0,15.0,1.0,1.0,,,
3 Bedroom House,1300000.0,3.0,2.0,13.0,955.0,,
2 Bedroom Apartment,1501500.0,2.0,1.0,1.0,,,
3 Bedroom Apartment,1050000.0,3.0,1.0,3.0,,1118 Smuts Street,
3 Bedroom Apartment,695000.0,3.0,1.0,2.0,,,
3 Bedroom House,1600000.0,3.0,2.0,4.0,,,
3 Bedroom House,485000.0,3.0,1.0,,788.0,,
3 Bedroom Townhouse,850000.0,3.0,2.0,2.0,,201 Boeren Street,
6 Bedroom House,15800000.0,6.0,4.0,4.0,8700.0,,
3 Bedroom Townhouse,4750000.0,3.0,25.0,3.0,358.0,,
1 Bedroom Apartment,580000.0,1.0,1.0,1.0,,,
3 Bedroom House,1600000.0,3.0,2.0,4.0,,,
3 Bedroom House,6800000.0,3.0,1.0,2.0,200.0,"512 San Lameer Estate; Lower South Coast Kwa-Zulu Natal, San Lameer",
2 Bedroom House,480000.0,2.0,2.0,1.0,332.0,,
2 Bedroom House,1194000.0,2.0,1.0,10.0,688.0,77 Rawalpindi Road,
2 Bedroom House,1190000.0,2.0,1.0,8.0,344.0,,
3 Bedroom Apartment,4800000.0,3.0,2.0,1.0,,,
2 Bedroom House,1190000.0,2.0,1.0,8.0,344.0,,
2 Bedroom Apartment,2200000.0,2.0,2.0,1.0,,,
2 Bedroom Apartment,750000.0,2.0,1.0,2.0,,"13 Morcom Gardens, 41 Morcom Road, Prestbury",
3 Bedroom Apartment,1290000.0,3.0,2.0,2.0,,758 Weightman Avenue,
5 Bedroom House,2950000.0,5.0,2.0,6.0,3340.0,,
2 Bedroom Apartment,690000.0,2.0,1.0,1.0,,,
3 Bedroom House,1050000.0,3.0,2.0,2.0,943.0,,
4 Bedroom Apartment,7595000.0,4.0,3.0,4.0,,"21 One On Seaton, 1 P228 Road",
4 Bedroom House,3350000.0,4.0,2.0,8.0,2141.0,124b Mount Edgecombe Drive,
4 Bedroom Townhouse,5700000.0,4.0,35.0,4.0,17200.0,,
3 Bedroom Apartment,900000.0,3.0,1.0,2.0,,,
2 Bedroom House,820000.0,2.0,15.0,2.0,260.0,,
4 Bedroom House,1370000.0,4.0,2.0,3.0,209.0,,
2 Bedroom Apartment,1825000.0,2.0,2.0,2.0,,,
5 Bedroom Townhouse,860000.0,5.0,4.0,2.0,23999.0,,
4 Bedroom House,1495000.0,4.0,2.0,5.0,556.0,,
6 Bedroom House,,6.0,6.0,1.0,1339.0,118 Ridge Road,
2 Bedroom House,289000.0,2.0,1.0,2.0,,,
4 Bedroom House,950000.0,4.0,3.0,2.0,416.0,,
2 Bedroom Apartment,945000.0,2.0,2.0,2.0,,,
5 Bedroom House,2200000.0,5.0,25.0,6.0,7088.0,,
3 Bedroom Apartment,1100000.0,3.0,2.0,2.0,,,
1 Bedroom Apartment,570000.0,1.0,1.0,1.0,,75 Gladys Mazibuko Road,
2 Bedroom Townhouse,1490000.0,2.0,2.0,2.0,121.0,,
2 Bedroom Apartment,2695000.0,2.0,2.0,2.0,,"26 Ss Lush Condos, 1 Ingwe Drive, Unit 26 Lush Condos",
3 Bedroom House,1240000.0,3.0,1.0,6.0,573.0,,
1 Bedroom Apartment,580000.0,1.0,1.0,1.0,,,
3 Bedroom House,800000.0,3.0,15.0,3.0,931.0,,
1 Bedroom Apartment,1380000.0,1.0,1.0,1.0,,,
1 Bedroom Townhouse,750000.0,1.0,1.0,1.0,14136.0,"20 Ss THE Wilds, 26 Cowry Drive",
3 Bedroom Townhouse,2950000.0,3.0,2.0,1.0,149.0,115 Wager Avenue,
3 Bedroom House,900000.0,3.0,2.0,1.0,,,
2 Bedroom Townhouse,6450000.0,2.0,25.0,1.0,118.0,,
1 Bedroom Apartment,575000.0,1.0,2.0,1.0,,,
1 Bedroom Apartment,350000.0,1.0,1.0,,,,
3 Bedroom House,900000.0,3.0,2.0,1.0,,,
3 Bedroom Apartment,1295000.0,3.0,2.0,3.0,,,
3 Bedroom Apartment,3150000.0,3.0,2.0,2.0,,,
4 Bedroom Townhouse,11000000.0,4.0,3.0,4.0,6198.0,"2 Ss Oceans Edge, 15-17 Leadwood Loop, Unit 2 Oceans Edge",
3 Bedroom House,995000.0,3.0,1.0,2.0,557.0,,
3 Bedroom House,3375000.0,3.0,2.0,2.0,25.0,,
3 Bedroom Apartment,1300000.0,3.0,2.0,2.0,,,
2.5 Bedroom Apartment,920000.0,25.0,15.0,1.0,,,
4 Bedroom House,2195000.0,4.0,2.0,2.0,735.0,,
3 Bedroom House,3375000.0,3.0,2.0,2.0,25.0,,
3 Bedroom Apartment,1799000.0,3.0,2.0,2.0,,30 Collison Street,
2 Bedroom House,998000.0,2.0,1.0,3.0,232.0,,
3 Bedroom Apartment,1300000.0,3.0,2.0,1.0,,2 Panorama Parade,
5 Bedroom House,2300000.0,5.0,1.0,6.0,,,
3 Bedroom Townhouse,2250000.0,3.0,25.0,2.0,,,
3 Bedroom Apartment,3150000.0,3.0,2.0,2.0,,,
3 Bedroom Townhouse,4195000.0,3.0,35.0,4.0,,"2 & 3 Orchard Estates, 35 Langford Road",
3 Bedroom House,899000.0,3.0,2.0,6.0,405.0,,
2 Bedroom House,1295000.0,2.0,2.0,2.0,869.0,,
2 Bedroom Apartment,540000.0,2.0,2.0,1.0,,1 Uplands Road,
2 Bedroom House,650000.0,2.0,1.0,2.0,300.0,,
2 Bedroom House,690000.0,2.0,2.0,1.0,,,
5 Bedroom House,15500000.0,5.0,5.0,3.0,659.0,91 Flatcrown Circle,
3 Bedroom Apartment,32000000.0,3.0,45.0,4.0,,,
3 Bedroom Townhouse,1295000.0,3.0,2.0,1.0,4066.0,,
2 Bedroom Apartment,3200000.0,2.0,2.0,2.0,,,
3 Bedroom Townhouse,1398000.0,3.0,15.0,5.0,202.0,,
3 Bedroom Townhouse,1100000.0,3.0,2.0,2.0,,,
1 Bedroom Apartment,520000.0,1.0,1.0,1.0,,,
3 Bedroom Townhouse,1195000.0,3.0,2.0,2.0,25000.0,,
8 Bedroom House,1275000.0,8.0,2.0,1.0,2023.0,,
6 Bedroom House,16900000.0,6.0,5.0,8.0,2708.0,,
123 Bedroom Apartment,115000000.0,123.0,120.0,93.0,,,
2 Bedroom Apartment,940000.0,2.0,2.0,1.0,,,
2 Bedroom House,1299000.0,2.0,2.0,2.0,1487.0,,
2 Bedroom Apartment,940000.0,2.0,2.0,1.0,,,
3 Bedroom Apartment,1099000.0,3.0,2.0,1.0,,,
4 Bedroom House,4500000.0,4.0,4.0,8.0,1196.0,,
3 Bedroom House,480000.0,3.0,2.0,4.0,,,
6 Bedroom House,4200000.0,6.0,6.0,4.0,6287.0,,
4 Bedroom House,6950000.0,4.0,3.0,2.0,875.0,"Mount Edgecombe Country Estate, 11 Radcliffe Crescent",
2 Bedroom Apartment,1050000.0,2.0,2.0,1.0,,,
3 Bedroom House,750000.0,3.0,2.0,2.0,1400.0,18 5th Street Street,
5 Bedroom House,,5.0,5.0,9.0,2985.0,,
3 Bedroom Apartment,895000.0,3.0,1.0,1.0,,"6 Ss Chiltern, 74 Williamson Street",
2 Bedroom Townhouse,3250000.0,2.0,2.0,4.0,,28 Elaleni Lifestyle Estate,
3 Bedroom Apartment,1777000.0,3.0,2.0,2.0,,,
3 Bedroom Apartment,2500000.0,3.0,2.0,2.0,,,
4 Bedroom House,1350000.0,4.0,3.0,,534.0,12 Moonstone Drive,
2 Bedroom Apartment,820000.0,2.0,1.0,1.0,,,
2 Bedroom Apartment,660000.0,2.0,1.0,2.0,,,
3 Bedroom Townhouse,850000.0,3.0,2.0,3.0,6783.0,,
2 Bedroom Apartment,3350000.0,2.0,2.0,2.0,,,
0.5 Bedroom Apartment,453600.0,5.0,1.0,1.0,,,
0.5 Bedroom Apartment,447720.0,5.0,1.0,1.0,,,
3 Bedroom House,1450000.0,3.0,2.0,3.0,676.0,,
3 Bedroom Apartment,3000000.0,3.0,2.0,3.0,,,
2 Bedroom Apartment,1395000.0,2.0,1.0,1.0,,,
3 Bedroom Townhouse,4895000.0,3.0,4.0,3.0,,,
3 Bedroom House,1400000.0,3.0,2.0,,856.0,,
14 Bedroom House,2800000.0,14.0,14.0,10.0,4806.0,,
4 Bedroom Apartment,780000.0,4.0,2.0,1.0,84.0,,
3 Bedroom Apartment,3995000.0,3.0,2.0,2.0,,,
2 Bedroom Apartment,2050000.0,2.0,2.0,2.0,73.0,,
3 Bedroom Townhouse,3200000.0,3.0,2.0,4.0,,,
0.5 Bedroom Apartment,453600.0,5.0,1.0,1.0,,,
2 Bedroom Apartment,560000.0,2.0,2.0,2.0,,"Flamboyant, 2 Hibiscus Avenue",
2 Bedroom Apartment,1385000.0,2.0,1.0,2.0,,,
4 Bedroom Townhouse,4200000.0,4.0,3.0,3.0,,,
4 Bedroom Townhouse,1250000.0,4.0,25.0,2.0,9264.0,,
3 Bedroom House,2750000.0,3.0,2.0,4.0,1242.0,6 Seaforth Drive,
3 Bedroom House,1200000.0,3.0,2.0,2.0,809.0,,
3 Bedroom Apartment,1995000.0,3.0,2.0,1.0,,,
3 Bedroom House,1250000.0,3.0,2.0,4.0,1788.0,,
3 Bedroom Townhouse,2350000.0,3.0,3.0,4.0,,,
2 Bedroom Apartment,1950000.0,2.0,2.0,1.0,,,
3 Bedroom Townhouse,1375000.0,3.0,25.0,2.0,2205.0,,
0.5 Bedroom Apartment,426600.0,5.0,1.0,,,,
3 Bedroom House,3850000.0,3.0,25.0,2.0,1217.0,,
3 Bedroom House,1200000.0,3.0,2.0,2.0,809.0,,
3 Bedroom Townhouse,4795000.0,3.0,2.0,7.0,,,
4 Bedroom House,14950000.0,4.0,5.0,5.0,1000.0,,
3 Bedroom Townhouse,1735000.0,3.0,2.0,2.0,500.0,"4 Lakeview Lifestyle Village, 2 Olive Road",
4 Bedroom House,5850000.0,4.0,4.0,4.0,1356.0,19 Captain Smiths Road,
1 Bedroom Apartment,4470000.0,1.0,1.0,1.0,,,
1 Bedroom Apartment,580000.0,1.0,1.0,1.0,,"18 Ss Peacehaven, 1394 Cordiner Street",
2 Bedroom Apartment,640000.0,2.0,1.0,1.0,,58 Ronald Road,
House,250000.0,,,,,,
3 Bedroom Townhouse,1690000.0,3.0,1.0,2.0,7157.0,1118 Smuts Street,
3 Bedroom House,899000.0,3.0,1.0,3.0,209.0,,
3 Bedroom Apartment,1750000.0,3.0,2.0,2.0,,,
2 Bedroom House,2805000.0,2.0,2.0,2.0,332.0,House Type C,
2 Bedroom Apartment,3215000.0,2.0,2.0,2.0,,"4 Simbithi Verve, 4 Club Lane",
3 Bedroom Apartment,10580000.0,3.0,3.0,,265.0,9 Beachwood Place,
3 Bedroom Apartment,890000.0,3.0,2.0,2.0,,,
2 Bedroom Apartment,820000.0,2.0,2.0,1.0,,,
4 Bedroom Townhouse,3280000.0,4.0,3.0,2.0,9200.0,,
4 Bedroom House,2950000.0,4.0,3.0,1.0,236.0,"347 San Lameer, R61 Lower South Coast Road",
1 Bedroom Apartment,1400000.0,1.0,1.0,1.0,,"122 Boulevard Suites, 19 Albizia Drive",
4 Bedroom House,1880000.0,4.0,35.0,2.0,1035.0,,
2 Bedroom Apartment,1980000.0,2.0,2.0,2.0,,,
1 Bedroom Apartment,550000.0,1.0,1.0,1.0,,8 Panorama Parade,
2 Bedroom Apartment,560000.0,2.0,1.0,1.0,,,
2 Bedroom Apartment,700000.0,2.0,2.0,2.0,,24 Maurice Road,
2 Bedroom Apartment,560000.0,2.0,1.0,1.0,,,
2 Bedroom Apartment,1225000.0,2.0,15.0,1.0,,,
4 Bedroom House,2750000.0,4.0,2.0,4.0,808.0,198 Gordon Road,
2 Bedroom Apartment,940000.0,2.0,1.0,1.0,,"3193 Seabrook,warwick Ave",
4 Bedroom House,8950000.0,4.0,4.0,2.0,1500.0,12 Umkhovothi Close,
4 Bedroom House,1150000.0,4.0,2.0,3.0,482.0,,
3 Bedroom Apartment,8750000.0,3.0,35.0,4.0,,". Zimbali Estate, 24 Forestwood",
4 Bedroom House,2500000.0,4.0,3.0,6.0,943.0,54 Dolphin Crescent,
5 Bedroom House,1850000.0,5.0,3.0,,3899.0,,
3 Bedroom House,1100000.0,3.0,2.0,3.0,670.0,,
3 Bedroom House,1600000.0,3.0,1.0,1.0,515.0,,
3 Bedroom Apartment,4200000.0,3.0,2.0,2.0,,,
2 Bedroom Apartment,1895000.0,2.0,2.0,1.0,,,
8 Bedroom House,3900000.0,8.0,4.0,10.0,1349.0,,
2 Bedroom Apartment,2595000.0,2.0,2.0,2.0,,,
2 Bedroom House,550000.0,2.0,1.0,3.0,263.0,,
1 Bedroom Apartment,1600000.0,1.0,1.0,1.0,,,
2 Bedroom Apartment,580000.0,2.0,1.0,,,,
3 Bedroom House,2450000.0,3.0,2.0,1.0,768.0,,
2.5 Bedroom Apartment,980000.0,25.0,1.0,1.0,,,
5 Bedroom House,10750000.0,5.0,3.0,3.0,879.0,,
4 Bedroom House,900000.0,4.0,3.0,3.0,520.0,,
3 Bedroom House,2450000.0,3.0,2.0,1.0,768.0,,
3 Bedroom Apartment,4600000.0,3.0,2.0,1.0,,"6 Club Ten, 60a Compensation Beach Road",
4 Bedroom House,8995000.0,4.0,45.0,4.0,1307.0,,
2 Bedroom Apartment,1675000.0,2.0,2.0,1.0,,,
Apartment,660000.0,,1.0,,,,
2 Bedroom Apartment,763000.0,2.0,2.0,2.0,,,
2 Bedroom Apartment,650000.0,2.0,1.0,2.0,,,
2 Bedroom Apartment,1800000.0,2.0,2.0,2.0,,,
3 Bedroom House,950000.0,3.0,1.0,4.0,420.0,,
2 Bedroom Townhouse,3900000.0,2.0,2.0,2.0,,,
5 Bedroom Townhouse,9575000.0,5.0,5.0,4.0,,,
3 Bedroom House,875000.0,3.0,1.0,4.0,746.0,,
3 Bedroom Townhouse,1395000.0,3.0,2.0,2.0,1024.0,,
3 Bedroom Apartment,3250000.0,3.0,2.0,2.0,,,
3 Bedroom House,799000.0,3.0,15.0,,1038.0,,
3 Bedroom Townhouse,3759000.0,3.0,25.0,3.0,,,
3 Bedroom House,970000.0,3.0,1.0,16.0,627.0,,
7 Bedroom House,7995000.0,7.0,6.0,7.0,1926.0,,
4 Bedroom House,850000.0,4.0,2.0,4.0,383.0,,
5 Bedroom House,1660000.0,5.0,2.0,2.0,1125.0,,
3 Bedroom House,1590000.0,3.0,2.0,3.0,1122.0,,
3 Bedroom House,1590000.0,3.0,2.0,3.0,1122.0,,
4 Bedroom House,1200000.0,4.0,25.0,6.0,467.0,,
6 Bedroom House,1795000.0,6.0,3.0,2.0,481.0,,
5 Bedroom House,3500000.0,5.0,3.0,1.0,669.0,,
1.5 Bedroom Apartment,450000.0,15.0,1.0,,,,
4 Bedroom Townhouse,2589000.0,4.0,3.0,2.0,,11 67 Musgrave Road,
3 Bedroom Apartment,2900000.0,3.0,2.0,1.0,,17 Marine Drive,
3 Bedroom Townhouse,,3.0,3.0,2.0,,,
3 Bedroom House,870000.0,3.0,2.0,1.0,1062.0,,
4 Bedroom House,1920000.0,4.0,3.0,3.0,1356.0,524 Grant Street,
3 Bedroom Townhouse,1575000.0,3.0,2.0,3.0,,,
2 Bedroom Apartment,2800000.0,2.0,2.0,2.0,,,
3 Bedroom Apartment,2200000.0,3.0,2.0,2.0,,10 Burman Drive,
2 Bedroom Apartment,3900000.0,2.0,2.0,1.0,,"305 Zimbali Suites, 18 Zimbali Drive",
7 Bedroom House,1195000.0,7.0,2.0,4.0,297.0,,
3 Bedroom Townhouse,1980000.0,3.0,4.0,2.0,10319.0,"5 Alomsee, Strachan Road",
3 Bedroom House,1700000.0,3.0,2.0,2.0,830.0,,
5 Bedroom House,12800000.0,5.0,55.0,7.0,1024.0,27 Minerva South Road,
1 Bedroom Apartment,850000.0,1.0,1.0,2.0,,"3 Manor Mews, R102 Old Main Road",
2 Bedroom Apartment,575000.0,2.0,1.0,2.0,,,
12 Bedroom House,3490000.0,12.0,9.0,2.0,2200.0,20 Harvey Street,
1 Bedroom Apartment,1400000.0,1.0,1.0,1.0,,"261 Ss Zimbali Boulevard Suites, 329 Albizia Drive, Unit 261 Boulevard Suites",
5 Bedroom House,12800000.0,5.0,55.0,7.0,1024.0,27 Minerva South Road,
3 Bedroom Townhouse,970000.0,3.0,2.0,2.0,63812.0,"Sect 9 76 Eden Valley Road, Tweni",
4 Bedroom House,1350000.0,4.0,2.0,4.0,1419.0,,
2 Bedroom Apartment,710000.0,2.0,1.0,1.0,,,
2 Bedroom Townhouse,859000.0,2.0,2.0,2.0,21011.0,,
3 Bedroom House,1250000.0,3.0,2.0,2.0,905.0,,
1 Bedroom Apartment,750000.0,1.0,1.0,2.0,,,
2 Bedroom House,1900000.0,2.0,2.0,1.0,496.0,,
3 Bedroom Apartment,5699999.0,3.0,3.0,2.0,,,
2 Bedroom Apartment,675000.0,2.0,1.0,1.0,,,
1 Bedroom Apartment,450000.0,1.0,1.0,,,263 O.r. Tambo Parade,
3 Bedroom Apartment,1950000.0,3.0,4.0,1.0,,,
2 Bedroom Apartment,855000.0,2.0,1.0,1.0,,,
1 Bedroom Apartment,750000.0,1.0,1.0,2.0,,,
2 Bedroom Apartment,760000.0,2.0,1.0,1.0,,,
2 Bedroom Townhouse,645000.0,2.0,2.0,2.0,10338.0,,
Apartment,550000.0,,1.0,,,,
4 Bedroom House,1999999.0,4.0,2.0,16.0,,,
2 Bedroom Apartment,740000.0,2.0,2.0,1.0,,,
1 Bedroom Apartment,1050000.0,1.0,1.0,2.0,,,
2 Bedroom Apartment,1890000.0,2.0,2.0,2.0,,,
3 Bedroom House,1300000.0,3.0,15.0,9.0,1332.0,,
1 Bedroom Apartment,1599000.0,1.0,1.0,,,,
3 Bedroom Townhouse,715000.0,3.0,2.0,2.0,11352.0,,
2 Bedroom Apartment,1400000.0,2.0,1.0,1.0,928.0,,
1 Bedroom Apartment,650000.0,1.0,1.0,1.0,,,
2 Bedroom Apartment,540000.0,2.0,15.0,1.0,,,
3 Bedroom House,3450000.0,3.0,3.0,1.0,628.0,,
2 Bedroom Apartment,1200000.0,2.0,1.0,1.0,,,
3 Bedroom Apartment,1995000.0,3.0,25.0,1.0,,,
2 Bedroom Apartment,899000.0,2.0,2.0,1.0,,,
7 Bedroom House,14500000.0,7.0,7.0,6.0,16230.0,,
2 Bedroom Apartment,650000.0,2.0,1.0,,80.0,,
5 Bedroom House,10950000.0,5.0,5.0,6.0,1434.0,,
2 Bedroom Apartment,679000.0,2.0,2.0,3.0,,,
2 Bedroom Apartment,610000.0,2.0,1.0,,,,
2 Bedroom Townhouse,1075000.0,2.0,1.0,2.0,293.0,,
2 Bedroom Apartment,1250000.0,2.0,15.0,2.0,,,
2 Bedroom Apartment,3650000.0,2.0,2.0,2.0,,,
3 Bedroom Townhouse,1350000.0,3.0,3.0,3.0,,,
1 Bedroom Apartment,490000.0,1.0,1.0,1.0,,,
5 Bedroom House,10950000.0,5.0,5.0,6.0,1434.0,,
3 Bedroom Apartment,4250000.0,3.0,25.0,1.0,,,
4 Bedroom Apartment,2590000.0,4.0,2.0,2.0,,,
4 Bedroom House,2990000.0,4.0,2.0,4.0,1500.0,,
4 Bedroom House,1595000.0,4.0,2.0,4.0,1880.0,,
4 Bedroom House,5399000.0,4.0,35.0,4.0,8145.0,13 Hillside Road,
3 Bedroom House,595000.0,3.0,1.0,1.0,293.0,,
4 Bedroom House,5650000.0,4.0,3.0,3.0,265.0,"30 The Reserve, 26 Zululami",
3 Bedroom House,1100000.0,3.0,1.0,8.0,1045.0,,
2 Bedroom Apartment,750000.0,2.0,2.0,2.0,,,
3 Bedroom House,1450000.0,3.0,25.0,5.0,721.0,,
3 Bedroom House,750000.0,3.0,1.0,7.0,575.0,,
5 Bedroom House,1499999.0,5.0,3.0,7.0,690.0,,
4 Bedroom House,1950000.0,4.0,3.0,3.0,1050.0,,
1 Bedroom Apartment,280000.0,1.0,1.0,,,6 Mcarthur Street,
6 Bedroom House,1550000.0,6.0,3.0,1.0,1170.0,,
5 Bedroom House,1199000.0,5.0,3.0,4.0,422.0,,
3 Bedroom Townhouse,4995000.0,3.0,3.0,6.0,,,
5 Bedroom House,1499999.0,5.0,3.0,7.0,690.0,,
3 Bedroom House,900000.0,3.0,2.0,3.0,621.0,,
2 Bedroom Apartment,1850000.0,2.0,1.0,1.0,,,
House,300000.0,,,,1121.0,2 Kailas Road,
2 Bedroom Apartment,870000.0,2.0,2.0,1.0,,,
5 Bedroom House,28000000.0,5.0,5.0,13.0,2236.0,,
2 Bedroom Apartment,795000.0,2.0,1.0,2.0,,,
4 Bedroom Apartment,4775000.0,4.0,25.0,4.0,,,
3 Bedroom House,575000.0,3.0,1.0,6.0,316.0,,
2 Bedroom Apartment,800000.0,2.0,2.0,2.0,,,
2 Bedroom Apartment,780000.0,2.0,15.0,2.0,,311 Clark Road,
2 Bedroom Apartment,1150000.0,2.0,2.0,2.0,,,
8 Bedroom Apartment,7000000.0,8.0,4.0,6.0,579.0,80 Musgrave Road(musgrave Avenue 78),
2 Bedroom Apartment,2750000.0,2.0,1.0,,,,
2 Bedroom Apartment,1495000.0,2.0,15.0,1.0,,"10 Newlands, 20 Nonoti Avenue",
3 Bedroom Apartment,710000.0,3.0,2.0,1.0,,,
3 Bedroom House,1100000.0,3.0,2.0,1.0,,,
3 Bedroom Townhouse,4750000.0,3.0,25.0,2.0,302.0,,
3 Bedroom Townhouse,1390000.0,3.0,25.0,1.0,27761.0,,
2 Bedroom Apartment,1495000.0,2.0,15.0,1.0,,"10 Newlands, 20 Nonoti Avenue",
6 Bedroom House,1850000.0,6.0,3.0,1.0,1094.0,,
3 Bedroom House,1050000.0,3.0,2.0,8.0,366.0,,
1 Bedroom Apartment,1695000.0,1.0,1.0,,,,
3 Bedroom Townhouse,1050000.0,3.0,2.0,2.0,143.0,,
2 Bedroom Apartment,1695000.0,2.0,2.0,1.0,,,
2 Bedroom Townhouse,2175000.0,2.0,2.0,2.0,8061.0,,
4 Bedroom House,2395000.0,4.0,3.0,12.0,,,
2 Bedroom Townhouse,599000.0,2.0,1.0,1.0,100.0,,
4 Bedroom House,5950000.0,4.0,2.0,4.0,269.0,,
3 Bedroom Townhouse,3995000.0,3.0,2.0,4.0,210.0,,
2 Bedroom Apartment,725000.0,2.0,1.0,1.0,,,
4 Bedroom House,7995000.0,4.0,5.0,5.0,1301.0,,
4 Bedroom Apartment,1899999.0,4.0,3.0,6.0,938.0,,
3 Bedroom Townhouse,1295000.0,3.0,25.0,2.0,,,
3 Bedroom Townhouse,1050000.0,3.0,2.0,4.0,142.0,,
1.5 Bedroom Apartment,400000.0,15.0,1.0,,,,
13 Bedroom House,12000000.0,13.0,12.0,9.0,940.0,,
3 Bedroom Apartment,1950000.0,3.0,2.0,2.0,,,
2 Bedroom Townhouse,760000.0,2.0,1.0,2.0,49954.0,,
11 Bedroom House,6750000.0,11.0,11.0,15.0,,,
1 Bedroom Apartment,750000.0,1.0,1.0,,,159 Snell Parade,
3 Bedroom House,1313000.0,3.0,2.0,7.0,5260.0,,
5 Bedroom House,2700000.0,5.0,2.0,10.0,83.0,,
5 Bedroom House,1200000.0,5.0,2.0,,2008.0,,
4 Bedroom House,5950000.0,4.0,2.0,4.0,269.0,,
1 Bedroom Apartment,2175000.0,1.0,1.0,1.0,,,
3 Bedroom Apartment,2220000.0,3.0,2.0,2.0,,,
5 Bedroom House,11800000.0,5.0,5.0,2.0,1560.0,,
4 Bedroom House,1855000.0,4.0,2.0,2.0,,,
2 Bedroom House,570000.0,2.0,1.0,1.0,699.0,,
3 Bedroom Apartment,1320000.0,3.0,2.0,2.0,,,
2 Bedroom Apartment,1750000.0,2.0,2.0,2.0,,,
10 Bedroom House,6500000.0,10.0,3.0,5.0,,,
1 Bedroom Apartment,4495000.0,1.0,1.0,1.0,,,
1 Bedroom Apartment,3553000.0,1.0,1.0,1.0,,,
1 Bedroom Apartment,4898000.0,1.0,1.0,1.0,,,
1 Bedroom Apartment,3948000.0,1.0,1.0,1.0,,,
3 Bedroom House,850000.0,3.0,1.0,3.0,450.0,,
6 Bedroom House,1340000.0,6.0,3.0,,,75 Boundary Crescent,
1 Bedroom Apartment,3948000.0,1.0,1.0,1.0,,,
4 Bedroom House,9000000.0,4.0,4.0,2.0,590.0,,
3 Bedroom House,1080000.0,3.0,2.0,1.0,1040.0,,
2 Bedroom Apartment,3000000.0,2.0,2.0,,,,
3 Bedroom House,950000.0,3.0,1.0,,400.0,,
2 Bedroom Apartment,795000.0,2.0,2.0,1.0,,,
2 Bedroom Townhouse,1550000.0,2.0,2.0,2.0,,,
1 Bedroom Apartment,480000.0,1.0,1.0,,,,
5 Bedroom House,995000.0,5.0,3.0,4.0,,,
3 Bedroom House,1450000.0,3.0,2.0,1.0,,,
2 Bedroom Apartment,1128850.0,2.0,1.0,1.0,,,
2 Bedroom Apartment,630000.0,2.0,2.0,,,,
5 Bedroom House,2500000.0,5.0,35.0,3.0,1057.0,,
11 Bedroom House,8650000.0,11.0,10.0,11.0,1863.0,,
2 Bedroom Apartment,630000.0,2.0,2.0,,,,
4 Bedroom House,7495000.0,4.0,2.0,2.0,600.0,35 Summit Drive,
2 Bedroom Apartment,660000.0,2.0,2.0,1.0,,63 Garden Avenue,
2.5 Bedroom Apartment,851760.0,25.0,1.0,2.0,,,
2 Bedroom House,1200000.0,2.0,2.0,1.0,931.0,,
1 Bedroom Apartment,1495000.0,1.0,1.0,1.0,,,
3 Bedroom Townhouse,1380000.0,3.0,2.0,2.0,38165.0,,
2 Bedroom Townhouse,970000.0,2.0,2.0,3.0,120.0,87 Cranbrook Road,
2 Bedroom Apartment,1095000.0,2.0,2.0,1.0,,143 Marine Drive,
4 Bedroom Apartment,2285000.0,4.0,2.0,2.0,,,
1 Bedroom Apartment,580000.0,1.0,1.0,1.0,,11 Marine Drive,
2 Bedroom Apartment,950000.0,2.0,1.0,,,11 South Beach Avenue,
0.5 Bedroom Apartment,1100000.0,5.0,1.0,1.0,,,
2 Bedroom Apartment,8300000.0,2.0,2.0,,,,
3 Bedroom Townhouse,4415000.0,3.0,25.0,2.0,12415.0,"20 Ss North Shore, 1 Mvula Lane, 20 North Shore",
3 Bedroom Apartment,2495000.0,3.0,2.0,1.0,,,
3 Bedroom Apartment,4500000.0,3.0,3.0,,,"33 Kauai, 115 Tinderwood Close",
3 Bedroom House,2250000.0,3.0,3.0,3.0,1861.0,,
3 Bedroom House,1795000.0,3.0,2.0,3.0,,,
4 Bedroom House,1600000.0,4.0,3.0,1.0,515.0,,
3 Bedroom House,1500000.0,3.0,2.0,2.0,750.0,,
3 Bedroom Townhouse,1300000.0,3.0,15.0,2.0,238.0,,
2 Bedroom Apartment,789000.0,2.0,1.0,1.0,,,
10 Bedroom House,5500000.0,10.0,7.0,4.0,10905.0,,
4 Bedroom House,1600000.0,4.0,3.0,1.0,515.0,,
3 Bedroom House,1550000.0,3.0,3.0,4.0,1098.0,,
Apartment,300000.0,,1.0,,,,
3 Bedroom Apartment,5500000.0,3.0,2.0,3.0,,,
4 Bedroom House,1302000.0,4.0,2.0,2.0,,,
3 Bedroom House,990000.0,3.0,2.0,3.0,366.0,,
3 Bedroom House,4500000.0,3.0,2.0,4.0,,,
4 Bedroom House,3900000.0,4.0,25.0,12.0,1968.0,,
5 Bedroom House,11500000.0,5.0,5.0,4.0,3600.0,,
0.5 Bedroom Apartment,380000.0,5.0,1.0,,,,
3 Bedroom House,495000.0,3.0,1.0,1.0,200.0,,
6 Bedroom House,190000.0,6.0,2.0,,100.0,,
2 Bedroom Apartment,995000.0,2.0,2.0,1.0,,,
2 Bedroom Apartment,2499000.0,2.0,2.0,1.0,98.0,,
1 Bedroom Apartment,860000.0,1.0,1.0,1.0,,31 Mckenzie Street,
2 Bedroom Apartment,450000.0,2.0,1.0,,,,
2 Bedroom Apartment,750000.0,2.0,1.0,1.0,,,
2 Bedroom Apartment,1350000.0,2.0,1.0,,,,
3 Bedroom House,1000000.0,3.0,2.0,,851.0,,
4 Bedroom House,1950000.0,4.0,3.0,3.0,,,
24 Bedroom Apartment,2500000.0,24.0,24.0,,,,
1 Bedroom Apartment,300000.0,1.0,1.0,,,,
3 Bedroom Townhouse,750000.0,3.0,1.0,1.0,,,
3 Bedroom House,1400000.0,3.0,2.0,,668.0,41 Atherstone Place,
0.5 Bedroom Apartment,395000.0,5.0,1.0,1.0,,,
5 Bedroom House,6499900.0,5.0,5.0,3.0,1498.0,,
3 Bedroom House,695000.0,3.0,1.0,1.0,246.0,,
2 Bedroom Apartment,500000.0,2.0,1.0,,,,
0.5 Bedroom Apartment,290000.0,5.0,1.0,,,,
2 Bedroom House,470000.0,2.0,1.0,,483.0,,
House,,,,,,20 - 24 Hoosen Haffejee Street and 27 Pietermaritz Street,
6 Bedroom House,1995000.0,6.0,4.0,13.0,,,
3 Bedroom House,750000.0,3.0,1.0,5.0,,,
House,100000.0,,,,360.0,,
House,,,,,,20 - 24 Hoosen Haffejee Street and 27 Pietermaritz Street,
3 Bedroom House,875000.0,3.0,2.0,3.0,2626.0,41 2nd Avenue,
1 Bedroom Apartment,1295000.0,1.0,1.0,1.0,,82 Summer Lane,
3 Bedroom House,2200000.0,3.0,2.0,1.0,167.0,3527 Hilton Street,
2 Bedroom Apartment,1599999.0,2.0,2.0,2.0,,2 Brackenhill Road,
4 Bedroom House,2995000.0,4.0,2.0,4.0,1860.0,673 Town Bush Rd,
2 Bedroom Apartment,740000.0,2.0,2.0,1.0,,,
5 Bedroom Townhouse,9570000.0,5.0,5.0,3.0,398.0,,
3 Bedroom Apartment,1270000.0,3.0,3.0,1.0,,,
3 Bedroom Apartment,4950000.0,3.0,2.0,2.0,,"106 San Marina, 38 Marine Drive",
3 Bedroom House,1199000.0,3.0,2.0,4.0,1068.0,,
3 Bedroom House,1700000.0,3.0,25.0,3.0,862.0,,
3 Bedroom House,7950000.0,3.0,3.0,17.0,837.0,,
2 Bedroom Apartment,645000.0,2.0,1.0,1.0,,,
3 Bedroom Townhouse,850000.0,3.0,1.0,1.0,,,
3 Bedroom House,2250000.0,3.0,2.0,3.0,,,
2 Bedroom Townhouse,850000.0,2.0,1.0,3.0,,,
3 Bedroom House,1050000.0,3.0,1.0,7.0,979.0,,
2 Bedroom Townhouse,1454400.0,2.0,1.0,1.0,,2 Country Lane,
4 Bedroom House,850000.0,4.0,2.0,1.0,,,
4 Bedroom House,3990000.0,4.0,3.0,3.0,1298.0,"7 Phezulu Estate, 113 Old Main Road",
2 Bedroom Townhouse,1454400.0,2.0,1.0,1.0,,2 Country Lane,
